# ID XA-000-08-002-000-001-160-07
# Tag _trim_
# Date 240508_17:50:13
# Vref_p 57
# Vref_n 24
# Thr2_glb 43
# Vref_t 118
# Vref_t_range 1
# Pol 0
# ADC range 30-247
# FAST disc 30
ch:   0  117  107  115  109  112  116  104  105  102  109  104  120  109  106  100  102  115  100  118   94  114  102  102  103  120  112  106  123  121  125  123   10
ch:   1  110  126  123  113  110  104  105  118  107  117  117  117  121  111  118  109  107  108  123  117  110  114  116  122  137  125  125  138  122  127  137   56
ch:   2  107  125   99  108  118  116  116  102  119  111  109  107   -1  106  107  104  106  118  108  115  117  117  115  118  116  111  116  126  125  124  120   28
ch:   3  101  117  107  122   -1  121  121  115  107  113  122  112  117  105  113  115  104  113  113  120  109  122  118  117  107  119  122  104  119  132  127   56
ch:   4  115  119  107  116  105  109  106  103  114  102   95  108   99  100  103  100  105  101  107  101  106  120  115  120  115  110  116  130  121  130  117   39
ch:   5  121  119  122  103  118  118  115  105  113  116  107  116  108  116  112  108  101  107  119  116  113  108  124  115  132  120  114  134  136  136  125   56
ch:   6  116  117  105  115  123  118  103  120  109  103  108  115  102   92  106  102  106  109  107  102  104  105  106  119  102  123  121  116  123  122  125   50
ch:   7  108  122  110  118  121  117  116  106  117  104  117  121  108  109  119  107  104  115  119  116  117  119  114  119  136  133  137  118  120  135  150   56
ch:   8  113  106  118  115  106  108  123  110  106  124  108  109  108  119  107  109  102  106  110  109  109  117  117  115  120  121  124  122  132  119  124   54
ch:   9  106  115  123  110  119  110  119  115  107  115  102  122  104  104  102  119  105  110  105  119  104  116  116  121  126  101  107  121  116  130  121   56
ch:  10  120  119  116  103  102  116  105  115  103  115  111  101  109  108  110  105  120  114  109  100  108  116  108  107  132  116  133  118  119  134  124   54
ch:  11  122  118  120  120  107  119  115  113  103  116  115  109  117  123  110   93  114  107  111  126  103  107  117  117  115  117  120  108  123  119  125   56
ch:  12  117  110  118  119  110  114  113  109  111  120  107  118  103  107  120  117  106  104  109  115  111  110  106  116  120  123  120  115  130  130  124   40
ch:  13  120  122  119  117  109  110  117  116  114  107  100  107  104  117  108   92  109  120   99  111  114  124  123  125  116  132  120  127  135  133  142   56
ch:  14  116  103  107  114  112  103  107  108  117  104  101  109  118  117  114  118  117  111  113  118  108  110  121  122  119  107  113  118  131  117  119   56
ch:  15  115  130  123  121  118  114  112  126  110  118  116  109  120  120  111  116  118  109  118  114  116  124  107  120  124  117  133  130  132  132  124   56
ch:  16  119  116  117  105  114  103  117  110   99  102  105  102  116  106  104  101  106  104  118  126  115  112  119  120  131  116  119  117  131  118  131   50
ch:  17  130  118  118  120  118  116  118  106  121  106  119  118  115  115  118  124  122  109  122  105  122  116  125  116  122  137  135  126  137  126  134   56
ch:  18  117  105  108  115  101  119  109  119  110  118  117  124   91  105  117  119  100  116  116  101  107  101  117  119  116  121  126  136  119  122  123   39
ch:  19  118  122  124  117  123  118  118  110  118  118  122  121  115  119  119  121  117  118  109  106  115  124  120  124  124  126  124  126  134  138  126   56
ch:  20  114  109  106  101  116  122  105  117  122  106  107  108  114  117  101  110  116  116  105  119  113  121  123  111  120  133  122  117  140  122  131   41
ch:  21  117  119  116  116  122  126  109  103  109  120  113  116  121  104  106  116  115  107  106  108  121  118  118  120  110  119  127  126  125  133  123   56
ch:  22  118  108  125  108  105  125  125  105  114  106  104  109  102  107  107  116  103  113  109  115  118  109  110  119  134  119  115  115  126  118  136   53
ch:  23  115  120  120  120  116  107  120  123  109  119  121  122  107  125  114  119  120  125  120  121  126  125  132  138  123  132  124  120  123  142  132   56
ch:  24  119  118  126  117  108  115  110  115  107  108  124  119  107  127  119  109  117  116  116  107  102  117  104  111  115  120  107  127  125  125  130   45
ch:  25  116  125  121  115  120  108  120  118  111  114  120  116  116  127  109  120  120  118  122  122  108  122  121  121  125  131  138  123  127  137  131   56
ch:  26  110  117   99  114  118  106  121  115  108  118  118  106  115  106  109  115  113  106  105  108  115  111  104  118  108  117  113  121  120  136  132   38
ch:  27  118  108  122  118  111  107  110  121  108  119  130  121  122  109  102  120  119  125  132  118  122  124  118  131  123  121  139  121  136  135  137   50
ch:  28  129  117  117  118  115  116  108  109  116  101  100  108  107  115  117  104  101  109  103  104  118  107  118  120  107  115  118  133  124  124  120   50
ch:  29  124  108  120  118  116  117  118  121  120  106  117  119  121  108  108  119  120  106  122  121  118  127  127  125  122  122  136  142  126  133  139   56
ch:  30  116  123  115  109  116  108  119  123  103  114  106  114  118  115  113  105  112  120  106  106  104  104  111  108  111  117  123  122  117  117  120   52
ch:  31  134  124  122  123  116  117  118  119  119  106  122  107  116  117  111  123  127  120  122  125  114  118  124  125  123  125  135  127  135  136  124   56
ch:  32  116  117  117  108  114  116  108  122  114  105  119  118  105  102  119  104  117  134  117  108  108  120  106   99  117  120  107  134  123  132  123   38
ch:  33  120  123  117  119  109  108  105  118  122  117  118  100  125  123  122  117  119  125  117  117  126  121  120  117  123  134  125  135  127  136  138   56
ch:  34  120  116  121  119  113  119  101  102  108  105  106  109  121  106  113  105   93  108  108  111  110  118  117  114  105  119  117  134  117  137  123   31
ch:  35  133  125  101  117  123  119  120  120  109  117  105  117  122  114  111  109  118  120  127  123  109  122  125  120  126  107  135  133  140  150  137   56
ch:  36  113  118  115  107  115  120  105  113  101   92  102  108  107  116  103  108  116  109  111  104  111  121  108   94  118  116  101  114  118  123  131   39
ch:  37  114  119  120  118  117  120  125  121  111  106  117  115  122  115  116  120  120  122  123  125  118  117  123  131  123  124  135  147  137  124  140   56
ch:  38  118  118  111  116  107  110  102  115  115  108  107  104  108  114  117  118  107  118  109  105  106  109  116  115  131  113  123  124  125  124  137   39
ch:  39  119  118  116  105  105  121  104  110  114  117  115  115  120  132  117  118  124  102  120  135  121  123  123  133  124  125  124  132  132  138  152   56
ch:  40  121  107  107  101  123  108   92  106  118  116  104  118  122  108  116  118  113  120  105  119  126  118  122  119  118  134  136  121  136  137  133   56
ch:  41  122  126  133  123  122  119  124  120  121  119  106  121  131  117  124  124  119  121  126  138  126  121  121  126  124  121  131  134  126  126  123   56
ch:  42  121  110  117  120  118  118  118  116  117  108  120  106  118  113  113  124  103   98  121  117  111  118  102  109  115  127  122  120  122  110  134   53
ch:  43  135  116  123  118  117  133  120  127  123  106  120  127  121  121  116  121  120  126  126  121  131  117  132  109  134  133  124  140  125  149  135   56
ch:  44  120  116  123  115  105  107  114  106  110  114  108  105  114  119  108  104  100  107  121  119  116  126  119  104  123  124  134  139  119  137  122   44
ch:  45  120  120  110  122  122  118  118  131  122  124  123  125  113  117  123  114  132  109  120  118  122  120  120  119  120  137  123  137  132  137  132   47
ch:  46  117  117  116  116  119  108  110  107  122  116  123  108  116  105   97  110  100  124  120  116  102  114  116  116  124  118  122  116  134  123  139   55
ch:  47  124  111  131  124  112  122  108  119  118  114  117  131  124  110  106  118  121  125  121  117  123  125  134  130  135  124  120  133  134  147  132   56
ch:  48  109  121  117  109  119  123  109  120  102  114  115  105  117  123  118  117  114  111  103  118  117  119  117  119  122  108  120  125  121  121  126   48
ch:  49  134  117  115  125  138  107  119  109  123  117  121  125  117  116  116  132  105  109  126  109  120  122  122  125  123  123  123  137  124  132  139   54
ch:  50  122  115  120  110  116  103  106  103  108  109  102  116  117  100  108  114  109  120  117   95  109  120  120  108  127  120  120  119  133  124  134   51
ch:  51  116  124  117  120  116  115  109  123  116  115  118  124  107  119  123  124  132  115  126  115  116  116  120  118  135  124  132  125  135  125  150   56
ch:  52  122  120  108  116  122  114  107  115  114  103  117  117  116  114  108  117  123  105  106  121  111  115  114  113  120  124  120  122  132  115  123   49
ch:  53  110  109  116  122  119  123  132  108  117  117  119  119  118  118  121  116  120  116  121  120  120  133  135  131  133  124  135  136  137  135  146   56
ch:  54  120  116  116  114  112  102  117  124   93  113  118  106  106  108  107   99  108  109  125  119  104  107  116  116  124  124  132  116  131  135  134   52
ch:  55  127  134  120  130  115  122  121  121  106  116  131  115  122  120  119  122  130  105  119  117  121  135  124  133  121  127  125  126  132  133  134   56
ch:  56  125  100  118  119  109  100  107  116  120  103  118  109  109  105  109  124  117  118  119  102  121  122  109  120  121  118  123  137  137  115  138   44
ch:  57  123  119  112  123  114  122  125  121  115  120  122  121  115  123  122  126  109  121  124  124  118  120  120  127  117  131  132  116  141  132  147   56
ch:  58  124  121  117  126  116  110  119  108  120  129  106  105  106  108  109  120  106  104  121  109  109  104  115  121  122  106  137  123  137  131  134   38
ch:  59  111  115  117  121  123  113  127  119  126  120  116  111  119  133  123  117  121  114  134  135  132  124  118  136  129  126  139  125  133  135  134   56
ch:  60  115  117  125  120  124  120  117  108  118  117  110  122  106  106  106  120  116  118  126  118  110  135  119  119  120  116  120  129  138  136  133   40
ch:  61  120  121  107  123  118  117  125  119  117  116  111  114  115  121  105  110  123  115   -1  119  127  123  132  134  130  130  137  140  132  147  141   56
ch:  62  119  106  119  113  124  116  116  116  122  117  114  112   -1  123  116  124  104  118  117  118  107  126  131  117  126  109  125  110  130  136  139   56
ch:  63  116  111  136  107  119  106  105  117  121  119  126  117  116  118  109  123  121  119  121  125  136  120  131  123  118  124  121  132  140  138  141   56
ch:  64  125  120  113  115  121  119  109  113  106  106  105  107  107  111  118  118  106  106  115  118  119  114  131  126  133  132  117  126  135  124  131   37
ch:  65  118  134  120  104  124  126  121  125  119  114  115  119  118  124  120  117  111  124  127  132  119  124  126  132  130  131  132  135  134  131  136   56
ch:  66  121  118  119  114  121  106  115  105  109  108  105  107  109  109  110  119  112  111  105  108  108  118  121  110  119  121  117  132  132  136  134   53
ch:  67  121  118  107  116  118  104  114  117  118  120  108  120  106  118  124  115  122  122  120  118  118  120  133  122  123  125  132  123  133  138  147   56
ch:  68  108  118  119  105  131  110  121  107  121  116  104  118  120  119  124  118  124  123  121  120  124  131  117  123  118  121  126  138  140  126  137   47
ch:  69  121  125  107  135  126  116  124  116  115  118  123  121  134  118  110  124  118  124  126  127  118  134  134  132  135  133  134  141  141  137  140   56
ch:  70  123  118  117  120  110  110  116  108  109  120  110  107  122  114  114  119  104  100  114  111  110  102  125  125  110  130  106  122  137  132  138   55
ch:  71  125  130  107  124  125  121  120  108  121  111  122  107  114  120  116  120  127  120  122  120  136  124  143  126  136  133  132  132  133  141  147   56
ch:  72  126  121  114  100  119  106  119  103  121  112  115  116  105  116  124  118  103  119  114  106  110  117  113  118  132  111  123  132  119  133  132   56
ch:  73  124  123  122  132  122  120  132  121  121  132  117  123  120  119  123  121  120  110  125  125  138  127  131  136  126  134  134  136  151  124  148   56
ch:  74  116  115  119  110  122  121  104  122  106  123  114  115  117  117  110  116  109  119  119  116  110  119  108  119  118  123  124  131  124  134  125   45
ch:  75  123  125  120  108  108  121  117  119  117  107  120  124  123  117  112  122  118  130  120  121  117  123  132  126  131  140  122  118  138  131  137   56
ch:  76  123  122  110  110  119  120  114  104  114  123  116  113  103  122  107  105  117  119  121  117  122  123  108  132  123  124  122  131  137  133  135   38
ch:  77  118  124  121  136  126  109  122  124  131  116  105  121  119  124  122  118  132  115  125  126  135  126  117  132  134  133  136  134  136  125  147   56
ch:  78  107  116  109  122  120  117  111  106  103  110  101  106  103   91  103  104  105  100  113  107  115  116  108  123  108  124  122  133  121  120  137   51
ch:  79  114  111  121  114  122  122  113  127  121  121  122  122  117  119  116  116  115  116  117  126  118  119  119  123  119  138  133  142  126  143  142   56
ch:  80  115  116  125  110  117  110  113  105  109  122  113  111  102  110  123  109  101  117  125  123  117  116  109  118  122  124  127  120  138  132  138   56
ch:  81  120  124  117  120  119  127  116  119  108  117  115  123  119  123  117  122  115  123  128  131  125  117  123  123  140  133  142  140  132  125  136   56
ch:  82  117  121  114  118  105  120  103  125  123  111  119  118  110  104  107  118  117  123  107  115  127  114  107  125  124  121  134  124  131  134  140   51
ch:  83  126  119  131  123  101  122  114  118  123  118  121  116  116  119  118  124  104  124  120  118  133  117  130  137  119  125  136  127  134  131  141   56
ch:  84  109  123  118  109  110  125  117  121  114  109  115  116  114  118  107  115  104  103  107  117  117  124  116  123  123  121  125  126  121  126  130   44
ch:  85  126  122  117  110  123  122  115  119  111  123  116  120  104  118  118  109  116  120  121  125  114  124  133  126  134  123  126  136  140  136  147   56
ch:  86  116  124  118  123  121  109  105  101  109  113  106  121  119  114  120  110  120  116  103  115  122  106  115  117  125  132  123  122  122  136  119   56
ch:  87  133  107  119  114  117  117  116  131  118  116  123  117  116  124  119  123  125  119  131  133  123  120  120  124  133  123  132  130  132  133  141   56
ch:  88  107  111  109  109  119  115  117  126  116  123  115  105  111  119  101  121  105  122  106  109  126  107  122  120  121  130  122  124  126  136  138   55
ch:  89  121  120  121  117  106  117  114  109  123  121  118  115  115  104  127  110  123  116  133  107  118  123  126  122  131  123  133  131  135  139  132   56
ch:  90  111  114  118  121  118  122  107  116  117  109  106  108  120  107  112  109  108  110  105  109  116  107  122  125  120  119  118  120  125  119  132   49
ch:  91  123  118  124  107  117  121  132  122  117  126  124  121  124  120  102  120  125  117  122  115  116  127  130  126  123  126  133  148  141  140  135   56
ch:  92  113  120  121  106  108  121  119  116  121  108  104  106  109  116  116  118  118  116  106  110  108  117  120  119  122  119  119  132  115  131  133   47
ch:  93  117  123  114  130  116  114  120  115  111  120  120  135  117  110  125  115  123  126  119  121  123  136  125  135  126  125  131  139  127  137  142   56
ch:  94  108  121  106  121  120  119  121  118   92  114  110  109  104  109  120  132  122  109  108  109  103  117  124  115  121  120  118  123  118  133  122   42
ch:  95  126  121  117  131  134  115  131  113  125  116  116  108  123  111  126  117  120  134  116  124  132  136  127  137  134  134  137  133  134  140  141   56
ch:  96  122  124  110  108  125  113  109  118  116  109  115  103  105  117  115  105  116  104  115  115  120  126  124  118  111  119  117  123  132  122  138   54
ch:  97  119  124  117  121  121  114  119  120  106  122  124  110  101  125  123  119  120  119  120  123  125  138  122  123  123  134  138  134  124  124  140   56
ch:  98  120  116  116  107  110  108  119  126  112  110  119  105  104  101  107  109  109  109  116  116  111  119  108  107  121  123  135  121  124  138  134   49
ch:  99  120  125  124  124  121  124  119  107  118  122  108  117  120  121  129  122  123  116  120  132  127  118  123  122  133  126  134  135  132  132  130   52
ch: 100  118  115  118  121  117  115  116  117  114  117  117  115  111  109  119  109  111  111  119  117  107  118  108  132  118  120  117  117  137  123  125   53
ch: 101  120  135  122  131  119  125  118  103  115  120  118  122  118  122  119  122  119  123  117  131  120  124  125  125  148  131  140  131  148  140  140   56
ch: 102  108  123  117  113  117  132  110  115  110  106  114  111  116  115  105  113  118  114  100  113  120  118  117  118  117  117  123  124  126  136  132   46
ch: 103  121  133  120  115  121  105  119  109  125  117  106  121  138  118  106  119  122  125  123  124  120  126  140  125  136  132  125  132  135  135  142   56
ch: 104  121  118  101  117  125  114  106  121  117  105  121  107  109  110  106  106  118  110  123  123  107  124  122  118  124  132  119  125  133  130  138   56
ch: 105  119  124  118  107  126  116  113  122  121  122  121  119  114  121  116  125  120  114  126  125  116  123  124  125  123  125  136  135  134  151  125   56
ch: 106  104  118  117  106  107  120  106  120  122  119  102  105  121  115  113  110  116  116  123  119  108  108  110  106  133  123  121  125  133  124  126   48
ch: 107  120  120  119  122  117  108  122  123  124  117  115  120  120  123  133  123  125  129  127  135  132  135  132  122  132  133  135  140  150  140  148   56
ch: 108  107  125  122  121  116  118  117  115  122  108  117  108  106  109   99   99  123  110  104  108  119  108  121  106  122  119  127  123  127  118  123   56
ch: 109  119  123  124  116  122  123  122  118  118  109  117  118  129  119  121  120  118  123  116  124  133  140  125  125  123  122  137  126  136  133  134   56
ch: 110  119  112  125  117  117  117  118  122  115  109  104  105  103  108  108  117  101  104  106  111  118  118  118  105  122  119  120  119  121  141  132   46
ch: 111  126  117  123  107  109  119  106  121  123  126  107  109  126  121  134  122  123  106  126  129  132  125  127  115  131  127  131  141  134  141  141   56
ch: 112  118  112  122  118  115  118  116  113  121  119  107  108  115  118  108  110  118  118  107  109  110  104  119  118  115  124  125  131  118  124  126   35
ch: 113  116  121  118  119  124  119  117  116  110  107  123  117  118  120  115  111  121  123  121  127  118  124  126  121  124  127  137  132  120  141  141   50
ch: 114  107  118  102  116  122  117  119  121  120   99  125  121  107  103  117  119  109  118  114  120  118  124  134  120  118  118  126  134  125  110  134   41
ch: 115  123  120  108  125  111  122  126  117  127  121  121  108  123  108  109  118  116  117  120  134  120  110  125  122  127  119  132  137  127  136  136   56
ch: 116  118  116  126  117  131  118  104  123  106  123   93  107  117  106  109  106  117  105  116  116  124  107  119  109  107  125  120  123  126  122  133   45
ch: 117  122  114  122  107  110  118  130  126  116  122  118  114  123  116  116  116  121  132  117  123  122  120  124  125  120  123  120  130  142  134  141   56
ch: 118  109  103  121  109  117  104  117  118  105  106  116  108  109  106  119  119  119  117  113  116  108  110  132  121  119  121  118  136  124  132  133   39
ch: 119  119  115  117  118  119  118  122  117  120  108  107  102  113  120  123  124  130  113  114  121  122  120  122  117  117  138  135  134  133  134  136   56
ch: 120  121  119  115  121  109  106  120  108  103  115  102  108  118  108  109  120  104  108  107  107  121  122  127  119  110  135  121  116  123  132  139   41
ch: 121  123  116  116  126  118  107  117  122  130  120  119  120  125  123  123  111  116  120  118  116  123  121  125  120  118  125  124  139  140  143  130   56
ch: 122  108  120  122  124  107  106  103  115  116  106  102  109  118  105  120  113  107  120  104  121  117  118  107  118  120  119  126  132  116  125  131   44
ch: 123  125  123  110  108  109  126  121  107  118  124  117  119  108  120  121  118  123  119  118  118  132  126  120  127  127  123  133  128  133  140  149   56
ch: 124  120  129  121  101  111  115  117  117  119  118  121  107  109  111  104  109  116  112  122  115  109  119  110  126  119  125  126  123  137  136  121   31
ch: 125  117  119  124  125  126  120  122  117  116  125  121  121  125  124  115  116  118  125  116  133  133  110  123  123  126  123  131  124  119  150  149   56
ch: 126  119  119  122  125  115  109  121  108  132  116  118   97  108  112  101  118  100  123  104  116  126  115  110  115  119  122  137  119  123  131  130   18
ch: 127  115  122  124  116  119  115  119  110  122  102  120  122  127  116  123  120  123  125  100  120  119  123  126  137  135  133  132  145  139  134  125   56
