ch    0:      0     0     0     0     0     0     0     0     0     0     0     0     0     0     0     0     0     0     0     0     0     0     0     0    19   357  5009  8451 15754  8508 10842     1
ch    1:      0     0     0     0     0     0     0     0     0     0     0     0     0     0     0     0     0     0     0     0     0     0     0     5   156  2665 12111 14672 11261  8567 12008     0
ch    2:      0     0     0     0     0     0     0     0     0     0     0     0     0     0     0     0     0     0     0     0     0     0     0     1    56   967 16453 11478 10825  8481 11108     6
ch    3:      0     0     0     0     0     0     0     0     0     0     0     0     0     0     0     0     0     0     0     0     0     0     0     6   212  2584  4053 11879 11682  7120  9212     1
ch    4:      0     0     0     0     0     0     0     0     0     0     0     0     0     0     0     0     0     0     0     0     0     0     0     4   190  2273 15032 12082  3071 10470 10979     2
ch    5:      0     0     0     0     0     0     0     0     0     0     0     0     0     0     0     0     0     0     0     0     0     0     0     5   138  3391 11718  9383 14146  5805 11254     0
ch    6:      0     0     0     0     0     0     0     0     0     0     0     0     0     0     0     0     0     0     0     0     0     0     0     5   157  2476 11825  9696 11336  7420 10864     4
ch    7:      0     0     0     0     0     0     0     0     0     0     0     0     0     0     0     0     0     0     0     0     0     0     0    28   574  7356 13226  8102 14071 11500  9524     0
ch    8:      0     0     0     0     0     0     0     0     0     0     0     0     0     0     0     0     0     0     0     0     0     0     0     6   134  2922  4467 13406 11826  7693 10833    11
ch    9:      0     0     0     0     0     0     0     0     0     0     0     0     0     0     0     0     0     0     0     0     0     0     0    31   520  8450  8937 11376  4864  7389 14488     0
ch   10:      0     0     0     0     0     0     0     0     0     0     0     0     0     0     0     0     0     0     0     0     0     0     0     9   172  3706 12857 10873 10350 13199 14528     4
ch   11:      0     0     0     0     0     0     0     0     0     0     0     0     0     0     0     0     0     0     0     0     0     0     0    21   452 10258 14945 13325  6005 18192  8235     0
ch   12:      0     0     0     0     0     0     0     0     0     0     0     0     0     0     0     0     0     0     0     0     0     0     1    25   491  8892  8935 15930  6032 14314  9982   129
ch   13:      0     0     0     0     0     0     0     0     0     0     0     0     0     0     0     0     0     0     0     0     0     0     0    16   577  9815 10459  9196 13691  9762 14574     3
ch   14:      0     0     0     0     0     0     0     0     0     0     0     0     0     0     0     0     0     0     0     0     0     0     0    19   445  8972  9282 10523 14099 16265 12663    72
ch   15:      0     0     0     0     0     0     0     0     0     0     0     0     0     0     0     0     0     0     0     0     0     0     1    13   815 13839  6592 10644  8992  9811 10956     0
ch   16:      0     0     0     0     0     0     0     0     0     0     0     0     0     0     0     0     0     0     0     0     0     0     0    22   355  7063 15493  9329 10511  7096 13096   931
ch   17:      0     0     0     0     0     0     0     0     0     0     0     0     0     0     0     0     0     0     0     0     0     0     0    29   851 10740 13048 10165 15286  6230  5800     4
ch   18:      0     0     0     0     0     0     0     0     0     0     0     0     0     0     0     0     0     0     0     0     0     0     0    26   796 10277  8139 11801 11343  8620 10045   101
ch   19:      0     0     0     0     0     0     0     0     0     0     0     0     0     0     0     0     0     0     0     0     0     0     1    42   951 14720 12314  5717 10050 11927  8776     0
ch   20:      0     0     0     0     0     0     0     0     0     0     0     0     0     0     0     0     0     0     0     0     0     0     1    26   610 10607  8859 14365 11902  6484  6715   132
ch   21:      0     0     0     0     0     0     0     0     0     0     0     0     0     0     0     0     0     0     0     0     0     0     1    43  1035  5673 13498  7671  7501 10622 12733     0
ch   22:      0     0     0     0     0     0     0     0     0     0     0     0     0     0     0     0     0     0     0     0     0     0     0    21   373  9437 11509 12193 14602  6962  5559    24
ch   23:      0     0     0     0     0     0     0     0     0     0     0     0     0     0     0     0     0     0     0     0     0     0     3    53  1098 14646  4816  9302  8944  5624  7860     0
ch   24:      0     0     0     0     0     0     0     0     0     0     0     0     0     0     0     0     0     0     0     0     0     0     0    43   528 14794  6451  8037  8696 12018 13038   125
ch   25:      0     0     0     0     0     0     0     0     0     0     0     0     0     0     0     0     0     0     0     0     0     0     1    94  1838  8237 15266 12198 12285 11578  7111     1
ch   26:      0     0     0     0     0     0     0     0     0     0     0     0     0     0     0     0     0     0     0     0     0     0     0    36  1040 15858 10682 15504  9512  3663  6640   234
ch   27:      0     0     0     0     0     0     0     0     0     0     0     0     0     0     0     0     0     0     0     0     0     0     1    70  1735 14568 10558  9271 11140  7556  5839     3
ch   28:      0     0     0     0     0     0     0     0     0     0     0     0     0     0     0     0     0     0     0     0     0     0     2    36  1017 11918  9939  4560 11163 12703 13346   784
ch   29:      0     0     0     0     0     0     0     0     0     0     0     0     0     0     0     0     0     0     0     0     0     0     0    66  2552  8945  8308 12949 12148 11179 10345     0
ch   30:      0     0     0     0     0     0     0     0     0     0     0     0     0     0     0     0     0     0     0     0     0     0     2    76  1247 14071  7231 10724 14466 11663 12565  1325
ch   31:      0     0     0     0     0     0     0     0     0     0     0     0     0     0     0     0     0     0     0     0     0     0     0   106  2135 14931 10947 14522 10789  7144 10057     4
ch   32:      0     0     0     0     0     0     0     0     0     0     0     0     0     0     0     0     0     0     0     0     0     0     1    58  1513 14291  4571  7663 13971 12984  9421   632
ch   33:      0     0     0     0     0     0     0     0     0     0     0     0     0     0     0     0     0     0     0     0     0     0     3    53  1987  5264 15475  9141  7595  5649 12968    10
ch   34:      0     0     0     0     0     0     0     0     0     0     0     0     0     0     0     0     0     0     0     0     0     0     0    63  1673 17941  6899 18070 13587  9053 13342   923
ch   35:      0     0     0     0     0     0     0     0     0     0     0     0     0     0     0     0     0     0     0     0     0     0     4    91  4298 13389 12001 10051 13208 12146 11805    88
ch   36:      0     0     0     0     0     0     0     0     0     0     0     0     0     0     0     0     0     0     0     0     0     0     2    40  1066  8220  9556 13825 12033 10213  7477   427
ch   37:      0     0     0     0     0     0     0     0     0     0     0     0     0     0     0     0     0     0     0     0     0     0     4   231  3698  5284  3355 11756 10285 11572  9428     1
ch   38:      0     0     0     0     0     0     0     0     0     0     0     0     0     0     0     0     0     0     0     0     0     0     3    89  1376  3183  7409  3550  6735  6728  8495  2423
ch   39:      0     0     0     0     0     0     0     0     0     0     0     0     0     0     0     0     0     0     0     0     0     0     5   315  3826  2807 13991 10028 14109 13582 11696     0
ch   40:      0     0     0     0     0     0     0     0     0     0     0     0     0     0     0     0     0     0     0     0     0     0     6    92  2513 14133 11188 10321 15666  6651 10277   161
ch   41:      0     0     0     0     0     0     0     0     0     0     0     0     0     0     0     0     0     0     0     0     0     0     6   137  4003 11789  9914 12379 15092  9125 15664     7
ch   42:      0     0     0     0     0     0     0     0     0     0     0     0     0     0     0     0     0     0     0     0     0     0     3   177  2120  6070 12988 10718  4568 14445  6280   559
ch   43:      0     0     0     0     0     0     0     0     0     0     0     0     0     0     0     0     0     0     0     0     0     0    14   167  4694  6506  5278 11810  9919  6659 14235     1
ch   44:      0     0     0     0     0     0     0     0     0     0     0     0     0     0     0     0     0     0     0     0     0     0     6   100  3467  5766  8958  6178  4562 13040  8943   895
ch   45:      0     0     0     0     0     0     0     0     0     0     0     0     0     0     0     0     0     0     0     0     0     1     3   178  3472 14441 14296  6040 10358 12268 10747     1
ch   46:      0     0     0     0     0     0     0     0     0     0     0     0     0     0     0     0     0     0     0     0     0     0     4   103  3024 11386  9507 13859 11870 11747 10724   514
ch   47:      0     0     0     0     0     0     0     0     0     0     0     0     0     0     0     0     0     0     0     0     0     0     1   191  3226 11923  9967 13823  5646  4523  6167     5
ch   48:      0     0     0     0     0     0     0     0     0     0     0     0     0     0     0     0     0     0     0     0     0     0     4   119  2171 15475  7266 10527 10741  7959 10430  4266
ch   49:      0     0     0     0     0     0     0     0     0     0     0     0     0     0     0     0     0     0     0     0     0     0    11   252  4976 14863 11908 11460  6066  9600  6638    19
ch   50:      0     0     0     0     0     0     0     0     0     0     0     0     0     0     0     0     0     0     0     0     0     0     2    70  2580  2764  5125  9224  9755  7456  5609   393
ch   51:      0     0     0     0     0     0     0     0     0     0     0     0     0     0     0     0     0     0     0     0     0     0     8   256  3784  6103  9418  7461  9456 13774 11675     1
ch   52:      0     0     0     0     0     0     0     0     0     0     0     0     0     0     0     0     0     0     0     0     0     0     6   172  3242 11336 10717 12136  6231 14704 15637   486
ch   53:      0     0     0     0     0     0     0     0     0     0     0     0     0     0     0     0     0     0     0     0     0     0     2   236  3137  5547  9989 10417  7841  9242  9852     0
ch   54:      0     0     0     0     0     0     0     0     0     0     0     0     0     0     0     0     0     0     0     0     0     0     2   125  2763  7961 10000  7179 15021  8227 12477   471
ch   55:      0     0     0     0     0     0     0     0     0     0     0     0     0     0     0     0     0     0     0     0     0     0     2   162  5752  9486 15200  9223  6422  8903 12425    16
ch   56:      0     0     0     0     0     0     0     0     0     0     0     0     0     0     0     0     0     0     0     0     0     0     2    96  4115  8267 12011  6845 14312  9128  6084   698
ch   57:      0     0     0     0     0     0     0     0     0     0     0     0     0     0     0     0     0     0     0     0     0     0     1   271  3509  5743  8568 11365  4359 14697  8419     3
ch   58:      0     0     0     0     0     0     0     0     0     0     0     0     0     0     0     0     0     0     0     0     0     0     6   207  2923 16790 11184 10992  9178 10847 12714   475
ch   59:      0     0     0     0     0     0     0     0     0     0     0     0     0     0     0     0     0     0     0     0     0     0     5   222  8553  8524 12155 12404 14040 10575  9745    17
ch   60:      0     0     0     0     0     0     0     0     0     0     0     0     0     0     0     0     0     0     0     0     0     1     7   302  4492  6956 15063  7971 10841 14033 11890   365
ch   61:      0     0     0     0     0     0     0     0     0     0     0     0     0     0     0     0     0     0     0     0     0     0     6   191  5978  5129  8137 13502 12679  9536 17312    22
ch   62:      0     0     0     0     0     0     0     0     0     0     0     0     0     0     0     0     0     0     0     0     0     0     0    68  2349 15075 12653  5201  9186  2230 12182   964
ch   63:      0     0     0     0     0     0     0     0     0     0     0     0     0     0     0     0     0     0     0     0     0     0     7   194  8211 12972 13710 13571  7417  5639 12235     7
ch   64:      0     0     0     0     0     0     0     0     0     0     0     0     0     0     0     0     0     0     0     0     0     0     5   230  4635 11372  7143 11476  7552  5386  6467  3523
ch   65:      0     0     0     0     0     0     0     0     0     0     0     0     0     0     0     0     0     0     0     0     0     0     4   126  5851 11513 12542 13376 14503  7331 13367     0
ch   66:      0     0     0     0     0     0     0     0     0     0     0     0     0     0     0     0     0     0     0     0     0     0     5   232  3461  8614 11780  6654 10547 10494  9481   516
ch   67:      0     0     0     0     0     0     0     0     0     0     0     0     0     0     0     0     0     0     0     0     0     0     6   178  7097 10237 14066  9338 13979 11981  7020     2
ch   68:      0     0     0     0     0     0     0     0     0     0     0     0     0     0     0     0     0     0     0     0     0     0     7   246  3962  7613  7720  8649  7322 11070  7968   853
ch   69:      0     0     0     0     0     0     0     0     0     0     0     0     0     0     0     0     0     0     0     0     0     0     4   181  4130 15987  9792  9554 14251 12151 13003     0
ch   70:      0     0     0     0     0     0     0     0     0     0     0     0     0     0     0     0     0     0     0     0     0     0     1   201  4174  7579  6904  6535 11308 13534  7072   502
ch   71:      0     0     0     0     0     0     0     0     0     0     0     0     0     0     0     0     0     0     0     0     0     0    13   434  6308 10488 13037  7368 13883 11173 12845     0
ch   72:      0     0     0     0     0     0     0     0     0     0     0     0     0     0     0     0     0     0     0     0     0     0     0   116  3461  8811 14793 12556  7404  9492 12514  2029
ch   73:      0     0     0     0     0     0     0     0     0     0     0     0     0     0     0     0     0     0     0     0     0     0     6   300  6675 15351 13026 10265  5732  9269  4064     6
ch   74:      0     0     0     0     0     0     0     0     0     0     0     0     0     0     0     0     0     0     0     0     0     0     6   151  4662  5634  9486 13499 15699  9026 11493   481
ch   75:      0     0     0     0     0     0     0     0     0     0     0     0     0     0     0     0     0     0     0     0     0     0     8   423  5281  8769 13955  8394 11106 11378  9311    12
ch   76:      0     0     0     0     0     0     0     0     0     0     0     0     0     0     0     0     0     0     0     0     0     0     8   155  3423 14241 12325 11862  8212  6689 11946  1349
ch   77:      0     0     0     0     0     0     0     0     0     0     0     0     0     0     0     0     0     0     0     0     0     0     4   241  5536  4995  9963 11120 10009  8717  9664     8
ch   78:      0     0     0     0     0     0     0     0     0     0     0     0     0     0     0     0     0     0     0     0     0     0     6    63  3806  2800  8191  8613  7480 11435 12156  1450
ch   79:      0     0     0     0     0     0     0     0     0     0     0     0     0     0     0     0     0     0     0     0     0     0     2   164  4385 11844  6343  6180  9995 10151  7863     0
ch   80:      0     0     0     0     0     0     0     0     0     0     0     0     0     0     0     0     0     0     0     0     0     0     0   132  2982  6154  7354  9863  9799 11010  8681   272
ch   81:      0     0     0     0     0     0     0     0     0     0     0     0     0     0     0     0     0     0     0     0     0     0     8   199  9146  9921 12913 10435  7234 11662 10355     1
ch   82:      0     0     0     0     0     0     0     0     0     0     0     0     0     0     0     0     0     0     0     0     0     0     4   187  4790  6074 13727 11413 17006 10555  9302  1165
ch   83:      0     0     0     0     0     0     0     0     0     0     0     0     0     0     0     0     0     0     0     0     0     0     6   361  7673  8198 11481  8893 11291  7133 14464    17
ch   84:      0     0     0     0     0     0     0     0     0     0     0     0     0     0     0     0     0     0     0     0     0     0     5   107  4142  9178 13354 13129 13778 15854  8385  2023
ch   85:      0     0     0     0     0     0     0     0     0     0     0     0     0     0     0     0     0     0     0     0     0     0     8   262  8036  9135 12165 11547  5775 10268  8433     4
ch   86:      0     0     0     0     0     0     0     0     0     0     0     0     0     0     0     0     0     0     0     0     0     0     2   314  5382 15779  7581  8838  8780 11484 10751   781
ch   87:      0     0     0     0     0     0     0     0     0     0     0     0     0     0     0     0     0     0     0     0     0     0     8   450  9819 14818 15942 13167  8130 14155 11811     0
ch   88:      0     0     0     0     0     0     0     0     0     0     0     0     0     0     0     0     0     0     0     0     0     0     5   180  2766 11859 12214  8053 10744  4252  5891  1685
ch   89:      0     0     0     0     0     0     0     0     0     0     0     0     0     0     0     0     0     0     0     0     0     0     9   256  6985  9972  8052  7326 12677  7782 10684    13
ch   90:      0     0     0     0     0     0     0     0     0     0     0     0     0     0     0     0     0     0     0     0     0     0     6   333  4794 10965 13256  9894  7492 10016  9604  1533
ch   91:      0     0     0     0     0     0     0     0     0     0     0     0     0     0     0     0     0     0     0     0     0     0     9   265  9538 14237 10820  7838 11858 11774 10860    66
ch   92:      0     0     0     0     0     0     0     0     0     0     0     0     0     0     0     0     0     0     0     0     0     1     4   244  4569 11332 12962 12123 14740 12289 10485  3135
ch   93:      0     0     0     0     0     0     0     0     0     0     0     0     0     0     0     0     0     0     0     0     0     0    10   381  5050  8563  6048 10049  8863  8827  6243     1
ch   94:      0     0     0     0     0     0     0     0     0     0     0     0     0     0     0     0     0     0     0     0     0     0     5   235  5704 13960  8926 12929 10030 11502  9854  1203
ch   95:      0     0     0     0     0     0     0     0     0     0     0     0     0     0     0     0     0     0     0     0     0     0    10   164  4817 10940 13333  8510 13173  8780  9351    19
ch   96:      0     0     0     0     0     0     0     0     0     0     0     0     0     0     0     0     0     0     0     0     0     0     9   235  5521 15898  8699  6941 13980 12037  9515   102
ch   97:      0     0     0     0     0     0     0     0     0     0     0     0     0     0     0     0     0     0     0     0     0     0     4   343  6257 10939 14095  6322  7636  9176 11466     2
ch   98:      0     0     0     0     0     0     0     0     0     0     0     0     0     0     0     0     0     0     0     0     0     0     2   200  5904  5444 11747  9476 13426 11460  9050    86
ch   99:      0     0     0     0     0     0     0     0     0     0     0     0     0     0     0     0     0     0     0     0     0     1    19   608 10234 11447 13822  9953  3771 14456 10644    11
ch  100:      0     0     0     0     0     0     0     0     0     0     0     0     0     0     0     0     0     0     0     0     0     1     9   158  7377 11242 11067 12510  8979 12023  9104   164
ch  101:      0     0     0     0     0     0     0     0     0     0     0     0     0     0     0     0     0     0     0     0     0     0     5   503  8318 10250 10480  8303 14561 12385 13026     0
ch  102:      0     0     0     0     0     0     0     0     0     0     0     0     0     0     0     0     0     0     0     0     0     0     1   153  5396 15162  6613  4812 10995 11196 13851   210
ch  103:      0     0     0     0     0     0     0     0     0     0     0     0     0     0     0     0     0     0     0     0     0     0     4   222  5948 11240 10318  9696 10620 12776  8204     1
ch  104:      0     0     0     0     0     0     0     0     0     0     0     0     0     0     0     0     0     0     0     0     0     0     2   267  5146 10630 11274  8915 11192 11516 13261   213
ch  105:      0     0     0     0     0     0     0     0     0     0     0     0     0     0     0     0     0     0     0     0     0     0     2   259  2974  6467 10925 11071  9814 11694  5705    28
ch  106:      0     0     0     0     0     0     0     0     0     0     0     0     0     0     0     0     0     0     0     0     0     0     4   175  4735  4208 10824  6200  7479 11641 11881   171
ch  107:      0     0     0     0     0     0     0     0     0     0     0     0     0     0     0     0     0     0     0     0     0     0    10   249  7669  5072  8612  9206 11814 14861  9900     1
ch  108:      0     0     0     0     0     0     0     0     0     0     0     0     0     0     0     0     0     0     0     0     0     0     6    96  5411 13943  8734 12687 10091  9679 16594    28
ch  109:      0     0     0     0     0     0     0     0     0     0     0     0     0     0     0     0     0     0     0     0     0     0    11   247  7716 11245 10123  6228  9200 10776  6259     4
ch  110:      0     0     0     0     0     0     0     0     0     0     0     0     0     0     0     0     0     0     0     0     0     0     4   182  5768 10045 10537 13930  4181 12313  8814    86
ch  111:      0     0     0     0     0     0     0     0     0     0     0     0     0     0     0     0     0     0     0     0     0     0     6   405  4570 13264  7548  5918  9999 10990 10171    19
ch  112:      0     0     0     0     0     0     0     0     0     0     0     0     0     0     0     0     0     0     0     0     0     1     6   248  6057  8442 10730 14849 11247 10800  8539   181
ch  113:      0     0     0     0     0     0     0     0     0     0     0     0     0     0     0     0     0     0     0     0     0     0     4   153  5085 11566  6270  8998  5738  6699  4824     4
ch  114:      0     0     0     0     0     0     0     0     0     0     0     0     0     0     0     0     0     0     0     0     0     0     4   162  3901 11254 15277 12625 13703 11335 14322    39
ch  115:      0     0     0     0     0     0     0     0     0     0     0     0     0     0     0     0     0     0     0     0     0     1     6   287  9016 13397 15982 10272 12409  9349 10150     7
ch  116:      0     0     0     0     0     0     0     0     0     0     0     0     0     0     0     0     0     0     0     0     0     0     3   191  4107  4948 13634 13853 13143 13903 11554    59
ch  117:      0     0     0     0     0     0     0     0     0     0     0     0     0     0     0     0     0     0     0     0     0     0    12   340 10275  8820  9194  9417  9143 13971 12279     4
ch  118:      0     0     0     0     0     0     0     0     0     0     0     0     0     0     0     0     0     0     0     0     0     0     3   244  7424  9104 12525 10580  9416 10950 10008    19
ch  119:      0     0     0     0     0     0     0     0     0     0     0     0     0     0     0     0     0     0     0     0     0     0     3   188  6323 10578 12932 11113  8743 10401  7870     1
ch  120:      0     0     0     0     0     0     0     0     0     0     0     0     0     0     0     0     0     0     0     0     0     1    17   334  8759  9935  9693 10136 11438 11178 12024    20
ch  121:      0     0     0     0     0     0     0     0     0     0     0     0     0     0     0     0     0     0     0     0     0     0     0     0     0     0     0     0     0  1161 10786     0
ch  122:      0     0     0     0     0     0     0     0     0     0     0     0     0     0     0     0     0     0     0     0     0     0    13   436  6172 13549 11463  8167  6790 12024  8092   105
ch  123:      0     0     0     0     0     0     0     0     0     0     0     0     0     0     0     0     0     0     0     0     0     0    10   286  7053 12757  8445 10375 10528 13914 11943     6
ch  124:      0     0     0     0     0     0     0     0     0     0     0     0     0     0     0     0     0     0     0     0     0     0     6   212  7200  7161 11341 12348  6870 10349 10273     4
ch  125:      0     0     0     0     0     0     0     0     0     0     0     0     0     0     0     0     0     0     0     0     0     1    12   343 12511  9984  7273 15559 11977 12917 11061     0
ch  126:      0     0     0     0     0     0     0     0     0     0     0     0     0     0     0     0     0     0     0     0     0     0     0   308  3842  2822 11696  6412  9429 10866  5984    50
ch  127:      0     0     0     0     0     0     0     0     0     0     0     0     0     0     0     0     0     0     0     0     2     5   134  1149 15456 10298  9411 11954 12173 11070  7929     0
