# ID XA-000-08-003-000-004-119-14
# Tag _trim_
# Date 240802_18:20:05
# Vref_p 57
# Vref_n 23
# Thr2_glb 38
# Vref_t 118
# Vref_t_range 1
# Pol 0
# ADC range 30-247
# FAST disc 30
ch:   0  117  114  116  110  121  126  114  109  115  117  115  121  109  118  114  107  117  109  103  116  109  107  115  104  111  105  115  116  114  121  108   26
ch:   1  123  120  133  117  124  109  120  107  114  114  123  117  118  118  119  114  110  118  111  115  121  121  114  114  117  114  120  118  124  121  125   39
ch:   2  121  118  120  119  108  114  116  123  108  109  105  116  120  109  103  115  117  116  117  114  106  106  110  115  113  115  101  114  108  115  119   35
ch:   3  118  125  117  131  115  117  121  122  123  133  108  132  118  121  105  121  131  110  120  118  111  109  122  123  118  115  123  119  122  116  121   46
ch:   4  123  116  119  121  116  125  113  108  116  114  115  105  114  107  105  117  106  110  106  112  118  115  106  105  107  108  118  116  117  118  120   31
ch:   5  114  118  111  115  117  115  107  114  119  112  104  116  125  122  117  109  130  114  109  118  125  122  113  116  121  117  111  116  121  106  117   47
ch:   6  121  122  115  116  117  113  114  116  119  109  116  105  115  117  105  106  100  108  105  110  113  105  103  117  100  106  109  118  110  116  115   31
ch:   7  118  116  118  122  109  115  121  122  111  108  116  123  123  115  115  125  122  111  119  120  124  116  120  120  118  117  123  119  124  122  140   44
ch:   8  103  111  108  105  115  114  104  116  117  117  112  115  111  108  110  110  114  108  114  105  106  107  117  113  114  118  121  111  110  114  119   49
ch:   9  132  111  121  120  117  122  116  119  117  117  117  119  118  107  110  122  110  114  122  117  120  114  117  122  118  118  123  121  116  121  125   49
ch:  10  111  119  124  114  110  115  115  105  117  113  106  119  113  115  123  113  123  110  118  114  114  110  103  108  114  118  114  109  113  113  115   37
ch:  11  121  109  116  118  113  122  110  120  114  118  136  117  125  118  118  115  117  109  116  125  124  131  119  121  117  133  122  131  114  132  133   53
ch:  12  121  121  116  115  120  107  110  119  118  106  115  114  116  118  102  115  105  115  108  109  110  109  102  108  105  115  117  114  118  111  114   43
ch:  13  121  116  115  117  110  115  115  116  116  119  110  120  118  116  117  114  115  117  107  107  116  113  116  118  115  119  125  101  113  126  106   43
ch:  14  116  115  123  118  119  118  104  125  114  108  107  120  106  106  118  122  114  109  109  109  109  101  110  120  116  113  113  115  109  123  114   43
ch:  15  119  120  109  123  122  117  119  111  123  121  118  121  114  116  114  110  107  124  113  119  112  108  121  120  114  106  115  123  113  120  119   55
ch:  16  118  122  116  107  123  113  120  115  121  117  126  119  114  111  118  114  113  116  120  120  102  123  114  123  121  120  109  109  111  115  118   40
ch:  17  108  119  122  121  116  116  108  122  106  122  119  119  116  115  111  111  116  105  126  110  111  119  120  118  123  122  122  114  116  130  122   47
ch:  18  108  120  118  118  115  118  115  110  107  109  110  111  114  113  108  116  108  114  109  121  107  119  111  103  108  110  106  103  110  104  119   35
ch:  19  120  116  124  108  119  118  116  102  114  112  107  112  117  106  114  107  115  114  109  116  106  119  132  105  111  119  116  118  111  116  110   47
ch:  20  114  110  117  119  123  115  112  115  119  108  105  113  110  110  110  115  114  112  103  104  104  107  108  107  107  111  108  103  116  113  118   35
ch:  21  124  118  119  117  122  120  113  110  123  119  120  106  117  112  113  118  115  114  110  119  107  109  125  111  110  108  108  122  117  116  125   51
ch:  22  122  119  113  118  119  121  120  124  111  120  110  116  109  117  113  115  116  109  132  118  103  110  121  116  116  107  110  119  109  133  111   31
ch:  23  119  119  120  116  108  118  118  122  110  125  111  120  114  120  122  121  115  114  111  102  115  109  119  116  110  118  109  121  121  119  115   51
ch:  24  110  122  122  117  116  115  116  120  110  120  122  114  106  118  106  113  115  104  116  111  111  107  116  115  115  115  117  113  121  117  103   39
ch:  25  113  119  119  121  119  114  111  123  116  120  122  119  117  117  136  115  111  110  118  124  109  120  122  122  118  115  120  133  124  119  120   41
ch:  26  118  120  104  108  115  120  124  121  107  117  119  116  109  117  115  110   99  108  119  114  107  104  113  107  117  118  103  121  109  119  119   29
ch:  27  123  145  131  120  130  118  132  113  115  117  122  119  132  112  119  121  121  124  126  121  110  132  126  132  125  120  125  117  131  133  133   56
ch:  28  124  123  119  120  119  109  121  105  123  109  115  120  108  105  107  107  110  100  106  117  103  105  115  114  116  116  113  115  123  122  111   38
ch:  29  117  118  121  131  116  117  116  118  115  117  119  120  122  116  116  114  117  121  120  113  116  116  118  118  118  120  121  115  114  120  133   40
ch:  30  134  123  118  118  116  115  103  127  121  117  109  115  107  104  107  111  105  109  116  111  109  108  118  109  111  117  121  117  114  119  120   41
ch:  31  123  121  123  116  116  116  109  117  113  113  121  120  111  117  114  115  111  109  109  103  126  116  115  120  118  123  115  111  121  120  119   43
ch:  32  111  117  114  120  122  125  107  111  117  116  106  117  114  118  116  107  102  104  115  107  110  106   99  118  108  114  116  120  111  114  117   45
ch:  33  125  119  126  119  125  125  124  123  133  112  117  126  122  120  110  124  119  114  125  119  117  120  134  116  121  118  117  116  122  111  124   54
ch:  34  118  116  117  132  113  116  125  119  111  114  115  114  121  111  110  114  117  104  110  102  104  104  112  117  122  109  109  105  106  109  118   41
ch:  35  132  122  118  125  116  106  118  110  116  121  122  117  139  110  125  114  118  122  123  113  119  124  115  109  120  113  126  119  119  135  116   41
ch:  36  116  114  118  117  119  114  120  116  115  108  117  104  119  107  117  118  113  115  106  113  109  111  113  115  109  115  115  107  116  124  111   41
ch:  37  120  119  111  121  125  119  113  118  114  120  111  134  123  121  108  118  115  117  110  118  117  122  110  117  123  119  131  126  119  120  120   53
ch:  38  120  123  118  114  107  131  127  123  118  114  122  121  120  118  122  112  106  119  111  106  110  110  112  101  107  111  114  116  110  116  115   42
ch:  39  122  117  121  116  116  111  124  104  117  106  123  114  107  115  115  115  125  114  108  120  113  120  119  118  122  120  101  120  115  131  123   56
ch:  40  118  116  109  122  118  124  121  115  111  124  115  115  135  114  122  116  116  109  109  109  118  107  120  107  104  119  116  106  110  109  132   25
ch:  41  114  118  109  123  124  118  121  132  119  114  119  113  122  120  120  121  123  113  118  114  118  115  114  121  117  119  117  115  121  125  125   35
ch:  42  113  117  120  110  121  117  114  121  109  117  124  116  114  108  124  105  111  109  115  119  109  121  112  116  110  114  114  114  114  115  117   33
ch:  43  122  123  118  110  122  124  117  120  120  121  117  115  121  117  119  132  123  114  121  117  126  118  118  121  126  120  121  120  121  119  135   55
ch:  44  134  117  117  107  123  116  118  118  108  119  118  122  110  106  105  104  121  111  117  111  109  108  102  118  110  119  117  108  114  107  131   41
ch:  45  116  113  120  119  124  117  121  125  111  121  120  119  113  116  123  122  134  120  122  121  121  115  127  116  116  123  122  122  123  131  132   44
ch:  46  121  117  113  121  121  108  121  117  124  116  113  113  115  111  107  112  115  115  118  107  124  108  121  109  108  116  107  110  113  116  109   40
ch:  47  119  119  117  121  120  122  115  120  105  117  121  124  116  118  115  119  121  121  126  116  114  119  123  111  117  117  119  122  118  127  131   56
ch:  48  124  110  120  116  117  119  118  118  119  120  121  122  114  106  123  110  115  108  116  117  116  118  118  120  113  106  111  111  117  111  125   43
ch:  49  110  121  125  115  116  132  126  132  119  125  115  119  113  125  122  115  119  120  122  125  133  117  114  116  121  122  121  121  141  138  124   56
ch:  50  132  124  121  121  118  116  118  121  116  111  108  110  115  116  118  109  110  110  114  110  116  112  114  115  115  107  106  122  105  114  115   36
ch:  51  120  121  120  132  117  117  106  125  119  120  133  133  118  117  120  122  120  121  117  119  111  119  117  114  120  132  119  134  117  134  123   56
ch:  52  119  127  119  124  115  118  116  116  110  114  119  115  119  116  120  106  111  115  114  106  119  122  113  115  118  110  111  116  116  109  122   38
ch:  53  120  121  116  119  123  125  124  125  116  115  121  120  113  115  114  122  122  109  122  124  115  119  107  115  117  114  118  121  114  131  124   56
ch:  54  126  124  114  117  126  118  119  123  119  111  115  118  119  115  109  118  104  110  113  106  119  118  116  119  114  107  116  110  118  118  126   43
ch:  55  119  119  123  124  115  125  116  108  132  122  124  119  126  120  123  122  110  123  117  116  119  121  113  133  116  133  134  118  134  126  122   52
ch:  56  123  117  115  116  123  114  119  116  135  118  113  110  120  108  124  117  109  118  116  119  107  124  116  100  122  121  120  115  121  118  121   40
ch:  57  118  119  117  119  118  119  118  116  122  116  122  125  117  125  120  118  118  110  115  121  120  117  122  119  121  124  133  115  114  112  124   49
ch:  58  108  123  105  115  122  116  121  120  110  118  122  109  109  114  105  124  110  115  115  107  110  108  121  120  111  114  107  117  111  121  114   48
ch:  59  116  122  134  123  118  120  118  124  108  124  124  121  121  118  117  117  125  125  125  119  121  125  117  116  125  131  118  136  115  126  122   56
ch:  60  121  115  121  121  118  119  125  122  115  120  118  118  118  118  118  125  115  114  124  114  109  114  119  126  116  115  113  111  115  114  120   39
ch:  61  122  118  124  124  117  115  118  122  117  109  120  117  121  121  120  121  124  136  121  118  125  124  123  125  114  120  121  125  132  123  136   37
ch:  62  109  109  116  113  124  125  116  116  119  115  114  120  117  122  119  122  117  109  117  116  113   94  111  119  113  118  113  107  113  119  116   43
ch:  63  133  108  119  118  120  126  124  124  123  120  115  122  122  115  126  120  124  138  134  139  124  125  123  134  120  138  122  135  133  132  136   53
ch:  64  126  119  123  123  117  125  123  108  120  114  111  114  117  117  119  106  108  117  103  110  114  115  110  110  118  118  109  108  122  108  132   37
ch:  65  122  121  108  108  133  120  123  119  122  116  118  117  121  122  126  124  119  112  110  117  120  113  138  115  120  124  126  117  114  120  133   46
ch:  66  115  120  114  108  124  118  114  115  110  110  110  118  117  108  118  112  116  114  105  118  108  108  115  118  114  123  110  118  120  121  109   35
ch:  67  120  121  118  123  124  132  113  117  118  122  117  118  114  120  121  122  125  125  132  139  121  125  120  122  123  120  122  137  133  134  141   51
ch:  68  116  116  117  123  121  107  114  117  113  111  116  119  116  119  113  111  114  119  123  122  115  108  116  109  135  120  122  123  116  120  122   35
ch:  69  117  115  120  125  123  119  123  121  117  114  126  125  116  123  110  110  117  118  116  110  123  116  126  119  123  118  119  122  108  121  121   42
ch:  70  119  115  132  124  126  117  123  117  110  121  117  118  119  115  118  117  115  117  121  119  116  118  116  121  120  119  119  134  121  121  121   40
ch:  71  116  119  122  119  133  108  121  119  115  119  121  117  113  120  121  133  120  126  118  119  118  120  113  116  110  119  118  119  118  124  132   49
ch:  72  116  126  123  119  117  115  134  105  110   99  124  113  110  126  115  108  117  116  116  116  104  108  112  114  109  110  115  111  116  111  122   43
ch:  73  133  125  116  127  116  119  123  133  123  118  136  123  118  121  117  116  118  116  120  116  123  114  125  126  125  136  108  120  120  116  126   34
ch:  74  122  123  119  116  117  119  120  123  113  107  119  106  110  125  111  103  111  117  108  117  104  110  111  109  124  113  118  116  115  117  116   39
ch:  75  123  117  120  120  120  114  121  117  118  132  115  123  125  122  121  119  121  121  123  122  127  119  122  125  126  124  119  119  121  135  134   52
ch:  76  120  118  121  120  115  118  110  121  104  113  116  112  121  110  116  109  112  117  115  114  119  123  122  109  118  108  114  123  119  124  115   47
ch:  77  116  125  118  132  117  115  110  119  120  120  131  124  130  118  119  123  102  117  123  122  118  116  120  118  116  117  119  121  121  134  122   49
ch:  78  131  119  118  123  120  114  116  109  118  122  113  125  108  119  116  116  109  116  106  123  116  111  106  119  117  111  117  111  121  125  115   45
ch:  79  116  118  118  122  117  117  115  116  119  122  131  113  113  119  121  110  109  119  121  126  119  125  122  109  122  120  114  122  133  133  113   41
ch:  80  131  109  119  131  116  113  117  110  109  120  114  117  104  118  116  112  107  118  120  111  120  112  105  108  121  114  115  115  136  124  120   29
ch:  81  113  115  117  119  114  120  118  107  116  121  116  123  116  119  125  120  118  110  116  122  124  119  111  125  123  117  124  114  121  123  134   45
ch:  82  126  113  119  111  111  122  125  107  111  120  113  116  106  115  117  121  110  113  117  119  113  122  116  132  118  119  120  116  130  125  123   41
ch:  83  119  119  114  120  122  122  120  121  124  109  123  114  117  118  117  122  114  116  117  122  121  123  117  124  132  134  119  121  120  133  134   46
ch:  84  120  111  111  119  110  119  107  103  105  117  107  113  116  108  106  114  106  114  117  105   98  117  116  103  105  116  116  109  104  117  108   37
ch:  85  116  132  118  117  119  114  122  107  125  117  118  114  117  117  119  112  109  121  109  117  119  118  109  115  114  112  110  110  131  123  131   46
ch:  86  118  115  109  122  108  113  124  114  114  117  117  114  116  109  117  121  115  117  108  117  111  111  109  115  123  119  108  110  109  126  118   41
ch:  87  124  134  124  118  123  115  111  119  119  116  120  117  133  120  122  111  121  133  121  113  118  118  112  124  121  116  121  120  119  126  113   44
ch:  88  114  131  116  116  115  124  114  119  123  101  116  121  120  107  113  113  114  118  108  119  108  113  117  116  110  111  103  112  104  113  123   40
ch:  89  122  113  120  118  111  121  118  132  111  123  120  115  127  116  118  121  110  110  120  107  117  112  125  118  115  121  119  120  117  114  117   56
ch:  90  111  123  104  116  122  123  114  114  118  117  114  119  116  110  112  113  107  109  107  110  107  105  112  112  104  109  113  122  110  112  112   33
ch:  91  115  121  117  123  121  119  115  122  122  116  122  108  117  122  124  120  114  122  135  119  113  137  118  122  121  119  111  122  126  118  124   47
ch:  92  115  107  123  125  117  113  120  114  101  116  114  123  115  112  123  110  110  118  104  110  118  120  112  107  119  109  118  123  115  118  113   40
ch:  93  136  120  109  116  115  117  119  116  122  121  114  113  118  113  121  130  113  121  122  113  122  115  120  113  130  106  116  121  117  121  121   48
ch:  94  105  126  116  116  114  123  117  116  102  115  109  108  115  103  115  109  107  115  118  108  109  108  116  120  114  111  124  120  114  133  121   38
ch:  95  126  125  126  122  117  117  132  113  121  115  123  132  116  120  114  116  116  110  122  121  118  113  122  114  139  118  125  116  122  120  136   38
ch:  96  116  125  111  116  111  120  120  107  119  120  115  118  118  118  103  108  109  115  108  112  118  103  117  112   94  120  120  116  113  113  118   40
ch:  97  113  120  118  121  116  121  115  120  113  118  115  118  117  118  116  108  116  114  123  122  111  105  107  111  114  120  118  115  130  111  123   48
ch:  98  124  109  118  117  127  109  120  115  113  118  119  113  121  117  117  109  108  122  114  106  119  122  121  122  115  116  116  106  116  120  119   34
ch:  99  117  120  118  111  122  115  121  122  116  115  124  121  120  101  110  118  114  117  117  109  117  118  110  121  120  114  117  114  116  116  123   53
ch: 100  116  110  119  122  114  123  113  121  108  121  110  117  111  109  124  115  111  109  109  114  113  115  110  121  113  109  113  103  113  118  105   43
ch: 101  110  124  117  109  120  119  110  115  119  114  116  118  119  119  113  110  111  109  115  120  117  102  111  115  113  115  111  121  118  124  119   55
ch: 102  115  122  132  114  119  114  109  118  121  118  118  108  115  117  116  116  114  104  115  120  104  110  116  119  106  117  115  122  107  121  109   41
ch: 103  123  108  115  114  122  123  115  125  123  117  114  109  124  116  123  116  116  124  124  121  122  115  114  111  119  114  122  125  121  122  131   47
ch: 104  116  107  123  121  124  109  114  114  117  120  108  113  114  108  107  115  113  109  118  109  115  107  114  107  118  112  117  114  111  106  109   39
ch: 105  117  109  106  117  124  116  121  116  115  114  117  122  121  105  107  113  120  118  111  116  109  115  107  110  116  108  116  107  124  121  113   45
ch: 106  117  121  115  120  120  114  108  115  103  114  116  108  124  116  116  117  113  114  121  122  109  115  108  108  115  109  114  113  110  105  119   36
ch: 107  125  123  113  119  119  109  117  105  110  118  108  122  109  114  115  122  118  117  120  109  122  121  122  115  116  115  124  119  124  119  124   56
ch: 108  113  109  118  125  102  114  113  107  117  115  114  115  116  108  118  117  109  123  105  117  102  106  107  121  114  103  125  109  106  113   93   36
ch: 109  123  114  120  108  139  132  109  133  122  110  111  114  123  115  117  118  111  125  118  123  121  118  116  115  119  121  132  121  118  132  124   56
ch: 110  118  114  118  118  120  125  114  108  103  114  117  106  105  111  103  115  111  110  109  104  114  113  120  117  118  119  105  106  109  117  109   35
ch: 111  118  119  119  123  117  108  114  111  109  119  112  118  126  114  124  115  112  115  115  111  114  118  118  117  112  115  120  118  115  118  107   54
ch: 112  121  122  121  119  120  107  119  110  121  118  121  121  118  104  104  116  130  105  110  111  115  109  110  113  109  106  120  107  112  115  121   42
ch: 113  121  123  114  115  116  123  114  115  122  115  107  116  119  117  105  117  111  107  115  118  118  107  109  118  114  114  122  110  119  111  120   53
ch: 114  133  115  117  116  110  120  119  108  105  116  107  114  123  117  114  115  100  111  117  113  118  118  110  122  108  118  106  108  119  123   99   33
ch: 115  125  108  122  110  116  134  116  116  110  108  116  116  110  118  123  110  111  114  110  119  118  113  114  121  111  113  107  120  110  118  126   56
ch: 116  124  121  103  121  101  121  122  121  122  115  118  117  118  115  111  102  104  108  117  106  109  120  106  106  107  110  108  105  114  113  121   46
ch: 117  119  112  122  124  110  109  116  120  116  119  115  113  114  121  121  118  121  115  115  113  121  126  114  120  117  109  120  115  117  118  115   56
ch: 118  116  125  120  115  121  117  112  116  110  113  117  124  112  120  117  104  120  110  111  100  109  111  106  117  109  118  113  118  103  115  108   37
ch: 119  118  123  118  115  118  116  115  115  113  123  119  113  116  130  116  115  119  113  118  113  110  110  115  117  118  116  119  116  117  108  116   48
ch: 120  118  123  118  114  117  113  115  122  117  107  122  110  118  110  115  115  105  110  104  104  109  115  103  107  106  114  116  111  118  115  135   45
ch: 121  118  124  115  118  125  109  123  119  115  123  103  108  101  108  110  110  115  118  116  117  119  116  118  110  100  110  103  121  118  118  120   53
ch: 122  123  119  116  110  121  121  121  120  119  111  109  108  118  111  115  113  115  109  119  119  123  115  106  109  100  124  106  123  115  116  121   38
ch: 123  121  125  116  131  121  120  120  125  118  107  117  114  113  115  107  113  107  110  114  120  120  120  120  113  120  115  124  117  125  125  121   51
ch: 124  113  113  114  116  125  121  124  114  117  106  123  115  112  119  115  108  103  111  118  114  118  114  104  120  117  114  115  116  110  113  116   46
ch: 125  102  135  131  121  111  125  122  121  113  120  107  121  111  135  119  114  116  114  118  113  113  104  116  124  131  115  122  124  123  119  136   48
ch: 126  103  109  114  114  119  125  115  114  111  118  116  112  123  120  109  106  109  109  118  115  107  109  115  106  110  121  117  115  110  117  125   28
ch: 127  119  123  132  107  124  120  108  123  121  124  120  119  106  123  120  119  116  117  118  114  119  125  103  110  120  117  117  124  119  117  115   45
