ch    0:      0     0     0     0     0     0     0     0     0     0     0     0     0     0     0     0     0     0     0     0     0     0     0     4    65   642  6576  8689 11738  4104  8368  1400
ch    1:      0     0     0     0     0     0     0     0     0     0     0     0     0     0     0     0     0     0     0     0     0     0     0     0    63   611  7131 15206  8166 13067  8566  6899
ch    2:      0     0     0     0     0     0     0     0     0     0     0     0     0     0     0     0     0     0     0     0     0     0     0    10    65  1003 14511  8981  6324 13150 11872  6197
ch    3:      0     0     0     0     0     0     0     0     0     0     0     0     0     0     0     0     0     0     0     0     0     0     1     5    75  1384 13508 15074  3786  6536 13078 11488
ch    4:      0     0     0     0     0     0     0     0     0     0     0     0     0     0     0     0     0     0     0     0     0     0     0     2   156  1280 12717 14861  7863 10226 11146  9318
ch    5:      0     0     0     0     0     0     0     0     0     0     0     0     0     0     0     0     0     0     0     0     0     0     0     5   114  1465 16802 10211  9985  8226  8691 10753
ch    6:      0     0     0     0     0     0     0     0     0     0     0     0     0     0     0     0     0     0     0     0     0     0     0     2   133  1693 14587  8565  9986 13718 17192 10103
ch    7:      0     0     0     0     0     0     0     0     0     0     0     0     0     0     0     0     0     0     0     0     0     0     0    11   189  2366  5581  9818  8349 11190  9413  5985
ch    8:      0     0     0     0     0     0     0     0     0     0     0     0     0     0     0     0     0     0     0     0     0     0     2    19   348  3267  9550  7503  9178 13574  6681 11512
ch    9:      0     0     0     0     0     0     0     0     0     0     0     0     0     0     0     0     0     0     0     0     0     0     2    19   384  2984 12419  8984 10039  7301  9623 15857
ch   10:      0     0     0     0     0     0     0     0     0     0     0     0     0     0     0     0     0     0     0     0     0     0     1    12   291  3498 11796 12857 11854 11648  9054 11167
ch   11:      0     0     0     0     0     0     0     0     0     0     0     0     0     0     0     0     0     0     0     0     0     0     2    19   332  3359 13450  8308 10523  9129  9192  7205
ch   12:      0     0     0     0     0     0     0     0     0     0     0     0     0     0     0     0     0     0     0     0     0     0     0    26   246  4425  9854  7079  6421  9409  3627 13821
ch   13:      0     0     0     0     0     0     0     0     0     0     0     0     0     0     0     0     0     0     0     0     0     0     0    16   280  4517 17679  5268  8144 10186 11893 16220
ch   14:      0     0     0     0     0     0     0     0     0     0     0     0     0     0     0     0     0     0     0     0     0     0     0    30   313  3827 11780 12965 12160 13186  6753 13918
ch   15:      0     0     0     0     0     0     0     0     0     0     0     0     0     0     0     0     0     0     0     0     0     0     2    26   553  5375  7243 11490 11165 11445 11699  8716
ch   16:      0     0     0     0     0     0     0     0     0     0     0     0     0     0     0     0     0     0     0     0     0     0     2    30   369  4975  6153  8952 12652  8083 14174  9960
ch   17:      0     0     0     0     0     0     0     0     0     0     0     0     0     0     0     0     0     0     0     0     0     0     1    15   274  4152 10979  5829 10205 13221  9311 15540
ch   18:      0     0     0     0     0     0     0     0     0     0     0     0     0     0     0     0     0     0     0     0     0     0     3    25   236  4614  2325 10710 11974 10383  9660  8582
ch   19:      0     0     0     0     0     0     0     0     0     0     0     0     0     0     0     0     0     0     0     0     0     0     1    22   650  7403 13565 12006 12205 10281 11724 17342
ch   20:      0     0     0     0     0     0     0     0     0     0     0     0     0     0     0     0     0     0     0     0     0     0     1    26   497  6321  8267  9349 12840  6865 11236 12139
ch   21:      0     0     0     0     0     0     0     0     0     0     0     0     0     0     0     0     0     0     0     0     0     0     2    26   390  4818  8584 13332  8879 10871 15089  2457
ch   22:      0     0     0     0     0     0     0     0     0     0     0     0     0     0     0     0     0     0     0     0     0     0     1    19   318  7039  8302  8324  7281  5220  9316 15733
ch   23:      0     0     0     0     0     0     0     0     0     0     0     0     0     0     0     0     0     0     0     0     0     0     1    19   398  7946 10464 13682 13439  9004  8483  6091
ch   24:      0     0     0     0     0     0     0     0     0     0     0     0     0     0     0     0     0     0     0     0     0     0     1    24   519  7889 10714  8775 11436 10743 11924  4721
ch   25:      0     0     0     0     0     0     0     0     0     0     0     0     0     0     0     0     0     0     0     0     0     0     2    30   657  6800 13392 14970  7073  9834 11734 17442
ch   26:      0     0     0     0     0     0     0     0     0     0     0     0     0     0     0     0     0     0     0     0     0     0     4    32   317  7354 10255 12172  7478  9920  8264  8536
ch   27:      0     0     0     0     0     0     0     0     0     0     0     0     0     0     0     0     0     0     0     0     0     0     1    32   829  8510 14390  9259  2838  6488  7088  7848
ch   28:      0     0     0     0     0     0     0     0     0     0     0     0     0     0     0     0     0     0     0     0     0     0     0    11   404  7013 12636  9812 12440  9032 14784 11072
ch   29:      0     0     0     0     0     0     0     0     0     0     0     0     0     0     0     0     0     0     0     0     0     0     3    19   583  9696  7136 12450 10656  9609 13970 10260
ch   30:      0     0     0     0     0     0     0     0     0     0     0     0     0     0     0     0     0     0     0     0     0     0     3    36   422  7224 10840 10647 12079  8270 13703  6273
ch   31:      0     0     0     0     0     0     0     0     0     0     0     0     0     0     0     0     0     0     0     0     0     0     3    41   691 10136  9151 10693  8819  6912 10159  5485
ch   32:      0     0     0     0     0     0     0     0     0     0     0     0     0     0     0     0     0     0     0     0     0     0     1    21   421  6883  7706 12882 14466  7875 11008  8690
ch   33:      0     0     0     0     0     0     0     0     0     0     0     0     0     0     0     0     0     0     0     0     0     0     1    13   709 10526 11512  7724 12111  5254  5527  7839
ch   34:      0     0     0     0     0     0     0     0     0     0     0     0     0     0     0     0     0     0     0     0     0     0     2    42   454  7095 11557  9785  9689  7572  8592  8521
ch   35:      0     0     0     0     0     0     0     0     0     0     0     0     0     0     0     0     0     0     0     0     0     0     2    32   718  9890 13054  7763 10377  9698 13212  8841
ch   36:      0     0     0     0     0     0     0     0     0     0     0     0     0     0     0     0     0     0     0     0     0     0     3    43   866  8946  9696 12324  8265 12430 14585  9222
ch   37:      0     0     0     0     0     0     0     0     0     0     0     0     0     0     0     0     0     0     0     0     0     0     2    45   767  9573  8587  7324 13408  7068  7054  4604
ch   38:      0     0     0     0     0     0     0     0     0     0     0     0     0     0     0     0     0     0     0     0     0     0     1    43   538 11576 12199  8190 12307  9874 12420  5626
ch   39:      0     0     0     0     0     0     0     0     0     0     0     0     0     0     0     0     0     0     0     0     0     0     2    36   815 12372 10033 11775  9580  9429 17119  5795
ch   40:      0     0     0     0     0     0     0     0     0     0     0     0     0     0     0     0     0     0     0     0     0     0     0    32   824 12396  8829 15317 13536 16194 11875  6947
ch   41:      0     0     0     0     0     0     0     0     0     0     0     0     0     0     0     0     0     0     0     0     0     0     2    38   946 12066 10071 10373  8854  9638  8460  7372
ch   42:      0     0     0     0     0     0     0     0     0     0     0     0     0     0     0     0     0     0     0     0     0     0     7    66  1067 12558  6784 10673 10593  8952  8033  7018
ch   43:      0     0     0     0     0     0     0     0     0     0     0     0     0     0     0     0     0     0     0     0     0     0     3    68  1449  9043  8167  9338 12238  8981 14829 16270
ch   44:      0     0     0     0     0     0     0     0     0     0     0     0     0     0     0     0     0     0     0     0     0     0     1    56  1276 13964  6127 14504  9503 14451 10126  6823
ch   45:      0     0     0     0     0     0     0     0     0     0     0     0     0     0     0     0     0     0     0     0     0     0     1    92  1333 14765 13719 11558  8359  7775  7419  8397
ch   46:      0     0     0     0     0     0     0     0     0     0     0     0     0     0     0     0     0     0     0     0     0     1     4    85  1297 13076 16432 10449  8407 14225  7561  6163
ch   47:      0     0     0     0     0     0     0     0     0     0     0     0     0     0     0     0     0     0     0     0     0     0     1    90  1527 12075 12757 11326 12015 11266  9391  8619
ch   48:      0     0     0     0     0     0     0     0     0     0     0     0     0     0     0     0     0     0     0     0     0     0     5    66  1519  8217 13593  5669 12903  7485  8194  7484
ch   49:      0     0     0     0     0     0     0     0     0     0     0     0     0     0     0     0     0     0     0     0     0     0     2    77  1507 11618  8957 16127 14178  7347  9370  2076
ch   50:      0     0     0     0     0     0     0     0     0     0     0     0     0     0     0     0     0     0     0     0     0     1     6   107  1149 11913 15193  8955 12853  9210 11122  7754
ch   51:      0     0     0     0     0     0     0     0     0     0     0     0     0     0     0     0     0     0     0     0     0     1     8   113  2315 12707 10871 14110 15256  9057  7524 15195
ch   52:      0     0     0     0     0     0     0     0     0     0     0     0     0     0     0     0     0     0     0     0     0     0     6   104  1843 10387  6165  8442  7663  7814  9066  6589
ch   53:      0     0     0     0     0     0     0     0     0     0     0     0     0     0     0     0     0     0     0     0     0     0     7   101  1214 11741 12551 12241 13161  8645  6379 18769
ch   54:      0     0     0     0     0     0     0     0     0     0     0     0     0     0     0     0     0     0     0     0     0     0     2    76  1486 11498  9219 11741  7811  8085  8259  6811
ch   55:      0     0     0     0     0     0     0     0     0     0     0     0     0     0     0     0     0     0     0     0     0     0     6   181  1971 12138 10721 12028  6124  8134 11933 15703
ch   56:      0     0     0     0     0     0     0     0     0     0     0     0     0     0     0     0     0     0     0     0     0     0     2   134  1725 12842  9240 13671 13686 15425 13355  7277
ch   57:      0     0     0     0     0     0     0     0     0     0     0     0     0     0     0     0     0     0     0     0     0     1    12   138  1641 11429 10968 11407 10676  9370  8369  2500
ch   58:      0     0     0     0     0     0     0     0     0     0     0     0     0     0     0     0     0     0     0     0     0     0     9   140  2212 11852  9741  8988  8740 16700 11782  7980
ch   59:      0     0     0     0     0     0     0     0     0     0     0     0     0     0     0     0     0     0     0     0     0     1    10   116  1875 13526  8645 10995  9027 10569 10986 14931
ch   60:      0     0     0     0     0     0     0     0     0     0     0     0     0     0     0     0     0     0     0     0     0     1    16   139  2297 14195 15900  9346  8038 15291  9417 10699
ch   61:      0     0     0     0     0     0     0     0     0     0     0     0     0     0     0     0     0     0     0     0     0     1    12   179  2013 11437 11444 15134  6309  8200  8116  6174
ch   62:      0     0     0     0     0     0     0     0     0     0     0     0     0     0     0     0     0     0     0     0     0     0     5   181  2708 10398 10726  7853 10155 10397  5438  8330
ch   63:      0     0     0     0     0     0     0     0     0     0     0     0     0     0     0     0     0     0     0     0     0     0     8   165  2795 15073 10598  7720 10335  6592  7769 15396
ch   64:      0     0     0     0     0     0     0     0     0     0     0     0     0     0     0     0     0     0     0     0     0     0    11   183  2906  8285 11446 14399  8629 12715 10132  8338
ch   65:      0     0     0     0     0     0     0     0     0     0     0     0     0     0     0     0     0     0     0     0     0     0     9    84  1803  7402 11043 10653  7992  8559  4979 14971
ch   66:      0     0     0     0     0     0     0     0     0     0     0     0     0     0     0     0     0     0     0     0     0     0     5   143  2134 10140 11530 13842 13519 10302  7483  7703
ch   67:      0     0     0     0     0     0     0     0     0     0     0     0     0     0     0     0     0     0     0     0     0     0    12   175  2368  8861  9857  7681  6496  8477 10759 18226
ch   68:      0     0     0     0     0     0     0     0     0     0     0     0     0     0     0     0     0     0     0     0     0     0    15   257  2902  9269 10764 11274 12423 12850  8289  7223
ch   69:      0     0     0     0     0     0     0     0     0     0     0     0     0     0     0     0     0     0     0     0     0     1     9   225  3595 12242 13172 12817  7028 12814 10336 15529
ch   70:      0     0     0     0     0     0     0     0     0     0     0     0     0     0     0     0     0     0     0     0     0     1     3   151  2580  6919 14276  6215 10314 13547 14219  8462
ch   71:      0     0     0     0     0     0     0     0     0     0     0     0     0     0     0     0     0     0     0     0     0     1     6   115  2460  9571  4187 13003 10032  9513 14226 13387
ch   72:      0     0     0     0     0     0     0     0     0     0     0     0     0     0     0     0     0     0     0     0     0     0     5   241  2248 13284  8084 11595 10725  5106 10480 11402
ch   73:      0     0     0     0     0     0     0     0     0     0     0     0     0     0     0     0     0     0     0     0     0     1    17   201  2973 11805  6120 11926  6964  8686  3328  5720
ch   74:      0     0     0     0     0     0     0     0     0     0     0     0     0     0     0     0     0     0     0     0     0     0     5   141  2999  9081  6260 12339  9625 14136  5798  7389
ch   75:      0     0     0     0     0     0     0     0     0     0     0     0     0     0     0     0     0     0     0     0     0     0    11   194  3130 11514 14332  9915  8208  9631 14949 18310
ch   76:      0     0     0     0     0     0     0     0     0     0     0     0     0     0     0     0     0     0     0     0     0     0    18   208  2838  6928 11099  6037 10022 10480 10339 13668
ch   77:      0     0     0     0     0     0     0     0     0     0     0     0     0     0     0     0     0     0     0     0     0     0     8   121  3604  5036 12180 11922  6661  8608  7163 14193
ch   78:      0     0     0     0     0     0     0     0     0     0     0     0     0     0     0     0     0     0     0     0     0     0     7   177  3117 13333 10662 14566 12962 10472  9732  9323
ch   79:      0     0     0     0     0     0     0     0     0     0     0     0     0     0     0     0     0     0     0     0     0     0    10   195  3073 12966  8831  5495 10836  6991  3290  5276
ch   80:      0     0     0     0     0     0     0     0     0     0     0     0     0     0     0     0     0     0     0     0     0     0    11   178  4188  9827 12460 10366  5231  9137 12277  1729
ch   81:      0     0     0     0     0     0     0     0     0     0     0     0     0     0     0     0     0     0     0     0     0     1    17   254  3450 11015 11328 14214  7484 13406  8386  5394
ch   82:      0     0     0     0     0     0     0     0     0     0     0     0     0     0     0     0     0     0     0     0     0     0    12   147  2529  8448 13991 11657 11854 12749  9385 17089
ch   83:      0     0     0     0     0     0     0     0     0     0     0     0     0     0     0     0     0     0     0     0     0     1    12   215  4627 11825 13423 10578 10170  4694 12495  6934
ch   84:      0     0     0     0     0     0     0     0     0     0     0     0     0     0     0     0     0     0     0     0     0     0    20   247  3147  9107  7110 10120 12730  7830  8194 11927
ch   85:      0     0     0     0     0     0     0     0     0     0     0     0     0     0     0     0     0     0     0     0     0     0    12   192  3269  8334  8755 13163 14842  5486  7612 11422
ch   86:      0     0     0     0     0     0     0     0     0     0     0     0     0     0     0     0     0     0     0     0     0     0     5   191  2898  8502  8551  9335  9522 14810  9407  4060
ch   87:      0     0     0     0     0     0     0     0     0     0     0     0     0     0     0     0     0     0     0     0     0     1    13   235  4692  9032 12001  6736  5324  8179  8700 16966
ch   88:      0     0     0     0     0     0     0     0     0     0     0     0     0     0     0     0     0     0     0     0     0     1    18   299  3911 14201 12425 11724  9806  7274 12590  7084
ch   89:      0     0     0     0     0     0     0     0     0     0     0     0     0     0     0     0     0     0     0     0     0     0    10   169  3325 11875 11628 14770  8110 10895 11042  7949
ch   90:      0     0     0     0     0     0     0     0     0     0     0     0     0     0     0     0     0     0     0     0     0     0     5   187  2212  7726 12746 11954 11848 10686  6824 19593
ch   91:      0     0     0     0     0     0     0     0     0     0     0     0     0     0     0     0     0     0     0     0     0     1    10   238  3402  8994  6687 10011 10108 12193 12694 15008
ch   92:      0     0     0     0     0     0     0     0     0     0     0     0     0     0     0     0     0     0     0     0     0     1     6   215  3294 11117 12446 14592  9407 10162 11386  8030
ch   93:      0     0     0     0     0     0     0     0     0     0     0     0     0     0     0     0     0     0     0     0     0     1    13   207  4350 14317 14396  8622  8625  7870  6223 14739
ch   94:      0     0     0     0     0     0     0     0     0     0     0     0     0     0     0     0     0     0     0     0     0     0     4   109  2020 10532  7596  9372  8107  5631  6309  5015
ch   95:      0     0     0     0     0     0     0     0     0     0     0     0     0     0     0     0     0     0     0     0     0     0    26   205  4004  8441 10039 15257  8872 14081 13170  9558
ch   96:      0     0     0     0     0     0     0     0     0     0     0     0     0     0     0     0     0     0     0     0     0     0     8   184  4580 12092  9659  7054  7078 11450 10888 17774
ch   97:      0     0     0     0     0     0     0     0     0     0     0     0     0     0     0     0     0     0     0     0     0     0     6   296  4651 12868  9271  9163  7898  8844  6745 14508
ch   98:      0     0     0     0     0     0     0     0     0     0     0     0     0     0     0     0     0     0     0     0     0     1     8   197  2867  7511  8791 13455 11731  6957  9996  6271
ch   99:      0     0     0     0     0     0     0     0     0     0     0     0     0     0     0     0     0     0     0     0     0     4    14   259  3336 11784 13164 14845 10765 14214 11973 10450
ch  100:      0     0     0     0     0     0     0     0     0     0     0     0     0     0     0     0     0     0     0     0     0     1     7   282  2979 11640  9687 11738  8229 10889  9623 16564
ch  101:      0     0     0     0     0     0     0     0     0     0     0     0     0     0     0     0     0     0     0     0     0     1    13   237  4717  9256 12244  9587 11924 12399 12112  9816
ch  102:      0     0     0     0     0     0     0     0     0     0     0     0     0     0     0     0     0     0     0     0     0     0     5   225  2163  9216  6264  8360 11564  5188  9021 17239
ch  103:      0     0     0     0     0     0     0     0     0     0     0     0     0     0     0     0     0     0     0     0     0     0     3   246  3457  9990 10231 10258 10348  6981 10930 11391
ch  104:      0     0     0     0     0     0     0     0     0     0     0     0     0     0     0     0     0     0     0     0     0     1     9   259  3203  7558  8960  8039  8033  8316  6987 14517
ch  105:      0     0     0     0     0     0     0     0     0     0     0     0     0     0     0     0     0     0     0     0     0     0     7   179  3891 12864  9062 14969  6857  9323  8216 10850
ch  106:      0     0     0     0     0     0     0     0     0     0     0     0     0     0     0     0     0     0     0     0     0     0     5   229  3120 10896  8727 15723 14191 11211  7771 15018
ch  107:      0     0     0     0     0     0     0     0     0     0     0     0     0     0     0     0     0     0     0     0     0     0    14   172  3928  9943  6306  7336 10004 10342  8738  9778
ch  108:      0     0     0     0     0     0     0     0     0     0     0     0     0     0     0     0     0     0     0     0     0     1    13   248  2097 10028 13938  6873  7104  6456  8195  8150
ch  109:      0     0     0     0     0     0     0     0     0     0     0     0     0     0     0     0     0     0     0     0     0     0    16   341  4766  7750  9534 14323  9457 12278  7397 14106
ch  110:      0     0     0     0     0     0     0     0     0     0     0     0     0     0     0     0     0     0     0     0     0     0     7   145  3293 11721 11787 14922 12008 16403 12266 16043
ch  111:      0     0     0     0     0     0     0     0     0     0     0     0     0     0     0     0     0     0     0     0     0     0     4   177  3596  8320 10405 14323  6455 11891 11034 11144
ch  112:      0     0     0     0     0     0     0     0     0     0     0     0     0     0     0     0     0     0     0     0     0     0    14   255  4484 12365 10696  8169 12092  8407 13452  6725
ch  113:      0     0     0     0     0     0     0     0     0     0     0     0     0     0     0     0     0     0     0     0     0     0     6   240  3197  6643  8507 10618  8541 12691  6841 10592
ch  114:      0     0     0     0     0     0     0     0     0     0     0     0     0     0     0     0     0     0     0     0     0     0     7   273  2547  9547 13650  4387 10261  5322  7616  5281
ch  115:      0     0     0     0     0     0     0     0     0     0     0     0     0     0     0     0     0     0     0     0     0     0    24   230  5252 12239  9806  7855 15909 14909  9451  8801
ch  116:      0     0     0     0     0     0     0     0     0     0     0     0     0     0     0     0     0     0     0     0     0     2     6   218  3101 12557 15603 14104  8008  6692 13191  8229
ch  117:      0     0     0     0     0     0     0     0     0     0     0     0     0     0     0     0     0     0     0     0     0     1    11   207  4653 11864 10379 12153 13106 11669 13246 10547
ch  118:      0     0     0     0     0     0     0     0     0     0     0     0     0     0     0     0     0     0     0     0     0     0     7   235  3626  9023  6244 13017 13309  8485  7481 14275
ch  119:      0     0     0     0     0     0     0     0     0     0     0     0     0     0     0     0     0     0     0     0     0     1    12   348  5321  7254  6928 12597  8147 12247  6754  8241
ch  120:      0     0     0     0     0     0     0     0     0     0     0     0     0     0     0     0     0     0     0     0     0     0    11   272  3987 12637 14736  6792  5852 11598 15831  4539
ch  121:      0     0     0     0     0     0     0     0     0     0     0     0     0     0     0     0     0     0     0     0     0     0    15   296  4824  7129 11645  6565 13876 11255  5557 10097
ch  122:      0     0     0     0     0     0     0     0     0     0     0     0     0     0     0     0     0     0     0     0     0     0     9   203  2734  8987 10424 12901 13131 15787 15080 12847
ch  123:      0     0     0     0     0     0     0     0     0     0     0     0     0     0     0     0     0     0     0     0     1     1    18   442  5349  6377  7232 10507  9981 12261  9265 10274
ch  124:      0     0     0     0     0     0     0     0     0     0     0     0     0     0     0     0     0     0     0     0     0     1    23   494  5578  7959  9224  8002 16550 11590  9715 15235
ch  125:      0     0     0     0     0     0     0     0     0     0     0     0     0     0     0     0     0     0     0     0     0     0    50   466  9591 10639 11500 14928 12435  8747 13538 10067
ch  126:      0     0     0     0     0     0     0     0     0     0     0     0     0     0     0     0     0     0     0     0     0     1    22   427  4920 12290  9577  9452  6246  9196 12921 10259
ch  127:      0     0     0     0     0     0     0     0     0     0     0     0     0     0     0     0     0     0     0     0     0     2    38   816 13295 11456 10635 11879 11006  8466  6439 11486
