ch    0:      0     0     0     0     0     0     0     0     0     0     0     0     0     0     0     0     0     0     0     1    21    85   392  1658  6789 13136 15610 12098 13145  9780  8921  7100
ch    1:      0     0     0     0     0     0     0     0     0     0     0     0     0     0     0     0     0     0     0     2    23   122   813  2647  9808 13081 11018  6266 15414 12899 10537  8232
ch    2:      0     0     0     0     0     0     0     0     0     0     0     0     0     0     0     0     0     0     0     8    30   173   886  3228 12829 11460 14122 10571 10135  8163 13666  8134
ch    3:      0     0     0     0     0     0     0     0     0     0     0     0     0     0     0     0     0     0     2     7    43   233  1159  4760 13640 12478  8582  7780 10701  6990 14410  4065
ch    4:      0     0     0     0     0     0     0     0     0     0     0     0     0     0     0     0     0     0     0     5    37   170   899  3138 13888 13692  6458  9624 15924  9771 10620  8034
ch    5:      0     0     0     0     0     0     0     0     0     0     0     0     0     0     0     0     0     0     0     1    38   266  1629  6400  5667 14079  5552  8411 14864 11264  2533 10286
ch    6:      0     0     0     0     0     0     0     0     0     0     0     0     0     0     0     0     0     0     0     4    42   276  1268  6224  6257 13099 10998 11361 11867 11156 12067  3711
ch    7:      0     0     0     0     0     0     0     0     0     0     0     0     0     0     0     0     0     0     1    10    66   299  1880  8302 13337  8568  9659  4565  8768  8437  8092  6366
ch    8:      0     0     0     0     0     0     0     0     0     0     0     0     0     0     0     0     0     0     0    10    43   291  1517  9728 11246 17466 12642 10659 10779 13347 11374 12812
ch    9:      0     0     0     0     0     0     0     0     0     0     0     0     0     0     0     0     0     0     1    12    80   459  1835 10069  5439 12632 10090 10455  9508 11420  7833 10812
ch   10:      0     0     0     0     0     0     0     0     0     0     0     0     0     0     0     0     0     0     0     5    24   278  2067  8496 11783 10035 12467  9594 14870  9453  9250  2775
ch   11:      0     0     0     0     0     0     0     0     0     0     0     0     0     0     0     0     0     1     1    10    76   405  2153 11530  9671 12328 10285 10016  9036  9938 13759  7108
ch   12:      0     0     0     0     0     0     0     0     0     0     0     0     0     0     0     0     0     1     2     7    36   306  1994 10900 15092 11426 13862 13016 13871 16634 15859  6253
ch   13:      0     0     0     0     0     0     0     0     0     0     0     0     0     0     0     0     0     0     1    14    96   709  3212 16681 14707 10133  6788  5688 13292 11935 10758  6116
ch   14:      0     0     0     0     0     0     0     0     0     0     0     0     0     0     0     0     0     0     1     7    52   490  1643  9077 12059  7076 13814 10870  8096  8474  8344 11155
ch   15:      0     0     0     0     0     0     0     0     0     0     0     0     0     0     0     0     0     0     1    10   117   505  3220 15312  9132  6714 13454  8489  7184 10106 12623 18017
ch   16:      0     0     0     0     0     0     0     0     0     0     0     0     0     0     0     0     0     0     0    12   121   513  3066 15526 10982 10650  8210 15457  7883 15160 11872  5062
ch   17:      0     0     0     0     0     0     0     0     0     0     0     0     0     0     0     0     0     0     0    13    90   606  4451  9062  8083 11220 11516 11121 10355 10233 11447 19079
ch   18:      0     0     0     0     0     0     0     0     0     0     0     0     0     0     0     0     0     0     1    12    67   534  2471 14027 10505  8219 11905 10493 10712  9262 11577  5476
ch   19:      0     0     0     0     0     0     0     0     0     0     0     0     0     0     0     0     0     0     4    35   182   931  5546 10510  6305 14026 11063  7082  6323  7359 11287 10668
ch   20:      0     0     0     0     0     0     0     0     0     0     0     0     0     0     0     0     0     0     0     5   103   636  2990 12036 13884  5807 12802  5968  6069  8184  5592 15881
ch   21:      0     0     0     0     0     0     0     0     0     0     0     0     0     0     0     0     0     0     2    13   101   805  4420  3016  8179  7396  8805 12411  7597  4544 10238 10883
ch   22:      0     0     0     0     0     0     0     0     0     0     0     0     0     0     0     0     0     0     2    19    71   869  5237  2359 12514 15114  5690 12551 10672 12928  9322 13818
ch   23:      0     0     0     0     0     0     0     0     0     0     0     0     0     0     0     0     0     0     1    22   227  1057  5074 11673 11149 13203  8579  8340 10924  9073  8712 19545
ch   24:      0     0     0     0     0     0     0     0     0     0     0     0     0     0     0     0     0     0     1    21   143  1055  4133  7538 12171  9927  8644  8790  3367 12624 10150 14061
ch   25:      0     0     0     0     0     0     0     0     0     0     0     0     0     0     0     0     0     0     2    30   146  1080  5854 12404  7900  9982 11334  8543 13547  5491 13278 18813
ch   26:      0     0     0     0     0     0     0     0     0     0     0     0     0     0     0     0     0     0     0    12    81   689  4984  2940  9432 10246  6606 11628 10839 13760  7819  7335
ch   27:      0     0     0     0     0     0     0     0     0     0     0     0     0     0     0     0     0     1     9    28   223   947  6081 15569 11872  8452 13292 13159  8127 12519 15171 17303
ch   28:      0     0     0     0     0     0     0     0     0     0     0     0     0     0     0     0     0     0     0    14   154   787  4696  7735 13136 14844  9813 11859 13479  9294 10542 10852
ch   29:      0     0     0     0     0     0     0     0     0     0     0     0     0     0     0     0     0     0     2    14   239  1246  9588 14158 11880 12333  6772 11266 11758 11744 10944  8414
ch   30:      0     0     0     0     0     0     0     0     0     0     0     0     0     0     0     0     0     0     1    18   181  1155  4771 12588 12238  8958  9600  9913 12199  6653 12963 12398
ch   31:      0     0     0     0     0     0     0     0     0     0     0     0     0     0     0     0     0     0     5    36   281  1550  6881  5007 10425 12209  9638  4910  7532  6194  7497  6328
ch   32:      0     0     0     0     0     0     0     0     0     0     0     0     0     0     0     0     0     0     5    25   205  1050  6983 15622 15034 12425  9358 13940  7788 11483 13042  9850
ch   33:      0     0     0     0     0     0     0     0     0     0     0     0     0     0     0     0     5     0     5    33   235  1345  9224 15009 10198 11235  9497  9502  6173  6091  5752  4904
ch   34:      0     0     0     0     0     0     0     0     0     0     0     0     0     0     0     0     0     0     0    30   144  1271  6184 10193 13052  9184  7071  4403 10944 12647 11065  6079
ch   35:      0     0     0     0     0     0     0     0     0     0     0     0     0     0     0     0     0     0     3    13   232  1437  7530  2604  7581 10334 12451  6048 11362 11217 14136 11756
ch   36:      0     0     0     0     0     0     0     0     0     0     0     0     0     0     0     0     0     0     5    34   209  1655  8805 16732  7846  4893  7226 10129  9014 11549  7538  7678
ch   37:      0     0     0     0     0     0     0     0     0     0     0     0     0     0     0     0     0     0     1    22   319  1557  9184 10722 10080 11149 10300  6265 14214  9295  9189 12205
ch   38:      0     0     0     0     0     0     0     0     0     0     0     0     0     0     0     0     0     0     4    19   167  1505  9235 17029  8690 12975 11636 12319  9256 10590  6139  7955
ch   39:      0     0     0     0     0     0     0     0     0     0     0     0     0     0     0     0     0     1     2    24   277  1501  8964  4426  7882 13492  9794 11768 16316 15241  9407  9180
ch   40:      0     0     0     0     0     0     0     0     0     0     0     0     0     0     0     0     0     0     2    32   300  1479  9787  8112  8730  8806 13154 12886  9267  8760  6792 13995
ch   41:      0     0     0     0     0     0     0     0     0     0     0     0     0     0     0     0     0     1     8    56   518  2234 14483 11068  8238  7871  6898  7554 11843 12116  9060  7275
ch   42:      0     0     0     0     0     0     0     0     0     0     0     0     0     0     0     0     0     0     4    49   276  2196 10023 12288 10069  5838 11062  8583  6933  7248 11367 16196
ch   43:      0     0     0     0     0     0     0     0     0     0     0     0     0     0     0     0     0     1     6    65   385  2661 12704 12035  9262  9904 10810  9651  8281 13379 10380 13968
ch   44:      0     0     0     0     0     0     0     0     0     0     0     0     0     0     0     0     0     0     5    54   364  1882 12619 11291 11964  9285  8665 11962 14662  7711  9620  8699
ch   45:      0     0     0     0     0     0     0     0     0     0     0     0     0     0     0     0     0     0     5    56   363  2472 12330 12888  6065  9218  9388  7575  6620  9967 11174 14889
ch   46:      0     0     0     0     0     0     0     0     0     0     0     0     0     0     0     0     0     0     5    38   269  2104 11879  6601  8226  6447  6656 13299 14965  8652  7369 14944
ch   47:      0     0     0     0     0     0     0     0     0     0     0     0     0     0     0     0     0     1     8    59   430  1908 13651 12969 13628 11725 10536 16376  7130 11555  5862 17326
ch   48:      0     0     0     0     0     0     0     0     0     0     0     0     0     0     0     0     0     0     7    49   429  2230 14526  9672 12246 11662  7502  9644 10398  7975  7565  7203
ch   49:      0     0     0     0     0     0     0     0     0     0     0     0     0     0     0     0     0     0     6    59   533  2911 12839  5969  7720  8547  9281  7640  9923  5525 10946 11461
ch   50:      0     0     0     0     0     0     0     0     0     0     0     0     0     0     0     0     8     0     9    59   266  2027 10888  6451 13597 10494  9378 11045 10217 12187  7168 10787
ch   51:      0     0     0     0     0     0     0     0     0     0     0     0     0     0     0     0     0     2     9    82   445  2750 12077  9363 13256 10049  9768  6479 11939 12920  4780 19326
ch   52:      0     0     0     0     0     0     0     0     0     0     0     0     0     0     0     0     1     4    12    73   332  2443 12688 16860  9330  7646 15243 11073 14124  5770 12592  4361
ch   53:      0     0     0     0     0     0     0     0     0     0     0     0     0     0     0     0     0     1     7    75   534  2734 11848 10425  9290  7576 10857  6764 12126  8475  8918 17204
ch   54:      0     0     0     0     0     0     0     0     0     0     0     0     0     0     0     0     0     1    12    84   326  3089 12088  7273  7989 17882 14843 10169 15462 13183  7719  8919
ch   55:      0     0     0     0     0     0     0     0     0     0     0     0     0     0     0     0     1     2    13    70   586  3874 15775 14152 11727 14475 11403  7874  8069 12916 13867 11327
ch   56:      0     0     0     0     0     0     0     0     0     0     0     0     0     0     0     0     0     0    13    61   389  3025 14744  6677  7221  8808  9764  8882 15047 11376  6156  9679
ch   57:      0     0     0     0     0     0     0     0     0     0     0     0     0     0     0     0     0     1     8    61   416  3265 16517  8530  5674 11833  7363  6837  8979 12376  4741  6619
ch   58:      0     0     0     0     0     0     0     0     0     0     0     0     0     0     0     0     0     2     7    51   438  2713 14714  5888 12270 13475 13260  8047 13367 13827 11619  4167
ch   59:      0     0     0     0     0     0     0     0     0     0     0     0     0     0     0     0     0     1    16    88   566  3254 15076 11684 14202 12586  8839 12165  5654 10176  6807 10822
ch   60:      0     0     0     0     0     0     0     0     0     0     0     0     0     0     0     0     0     0     3    63   473  2292 16180  7853 11444 11526 11186  7892  9991 11737 11691 11108
ch   61:      0     0     0     0     0     0     0     0     0     0     0     0     0     0     0     0     0     1    13    83   543  3177 17796  7109  7944 11007  8630  6962 11725 13148 14732 10291
ch   62:      0     0     0     0     0     0     0     0     0     0     0     0     0     0     0     0     0     1    11    64   515  3399 17655 15682  9951 10121 10481 14616 10328  8240 11172 17801
ch   63:      0     0     0     0     0     0     0     0     0     0     0     0     0     0     0     0     1     1    11    95   608  3678 14581 12307  7966 10025  6624 13421 11242 10834  6777  6135
ch   64:      0     0     0     0     0     0     0     0     0     0     0     0     0     0     1     5    11    70   304  1846  8230  4729 10613 10590  5155  6968  6671 13601 12147 10977  6526  7932
ch   65:      0     0     0     0     0     0     0     0     0     0     0     0     0     0     0     0     0     0    16   106   833  3948  2568  8204  6834  9166  6235 14442  9436 11377  9389  2017
ch   66:      0     0     0     0     0     0     0     0     0     0     0     0     0     0     0     0     0     0    12    79   486  3299 12074  9104 11064  8941 11619 11004 11936 11218  7692 16253
ch   67:      0     0     0     0     0     0     0     0     0     0     0     0     0     0     0     0     0     1    20   185   782  3609  8047 10720  8501  8552  8456 10946 10543  7623  9156 16707
ch   68:      0     0     0     0     0     0     0     0     0     0     0     0     0     0     0     0     0     1    13   121   731  3044 11297 12892 11672  9967  9963  7030 10900 11190 11731 12677
ch   69:      0     0     0     0     0     0     0     0     0     0     0     0     0     0     0     0     0     1    16   105  1128  5277 13141  9674 10477 14856  7762 13797 15346  3615 12491  1782
ch   70:      0     0     0     0     0     0     0     0     0     0     0     0     0     0     0     0     0     3    26   180   791  5780 12073 10677  8783  6763 13141 13945  6903  9165 11325 10756
ch   71:      0     0     0     0     0     0     0     0     0     0     0     0     0     0     0     0     3     6    54   376  2127  9580  9675 12790 10905 11276  8067 14158 10121 10268 12150 10415
ch   72:      0     0     0     0     0     0     0     0     0     0     0     0     0     0     0     0     0     0     0     0     0     0     0     0     0     0     0     1     1     0     0     0
ch   73:      0     0     0     0     0     0     0     0     0     0     0     0     0     0     0     0     0     9    58   281  1563  8954 10006 11157  9093 10364  8225 12843 12193 10132 11608 13033
ch   74:      0     0     0     0     0     0     0     0     0     0     0     0     0     0     0     0     0     2    32   198   887  5425 10299  9893  9456 12961  3630  8750  9002  8035  9897 15034
ch   75:      0     0     0     0     0     0     0     0     0     0     0     0     0     0     0     0     0     0    30   147  1287  5333  9352 11061 10037 12308 12239  8140 12745  8183  7079 16492
ch   76:      0     0     0     0     0     0     0     0     0     0     0     0     0     0     0     0     0     3    18   111   825  4521  8035  8068  7355 10781  4890  9227 10563 10965 12421 11902
ch   77:      0     0     0     0     0     0     0     0     0     0     0     0     0     0     0     0     0     2    16   134  1144  5336  9170 10301 10744  6481  8916  9926 15858  7997 13221 11810
ch   78:      0     0     0     0     0     0     0     0     0     0     0     0     0     0     0     0     0     1    11    67   464  3822 11974  9869 11629 10207  8990  6515  9273 16065 12715 13175
ch   79:      0     0     0     0     0     0     0     0     0     0     0     0     0     0     0     0     0     0    17   176  1292  5642  9793 10453 11471 11908  9376 17251 10228  4291 10589  9634
ch   80:      0     0     0     0     0     0     0     0     0     0     0     0     0     0     0     0     0     2    10    77   743  3372  5773  6703 12277 12167 11055 10208  9691  5673  6397 12716
ch   81:      0     0     0     0     0     0     0     0     0     0     0     0     0     0     0     0     0     2    24   115  1058  5025  2645 14273  7221  9059  6296  8537  9989  6008  7479 15697
ch   82:      0     0     0     0     0     0     0     0     0     0     0     0     0     0     0     0     1     1    12   121   754  6135  7848  7627 12574 10091 12436  9700  9256  9707  3907 11963
ch   83:      0     0     0     0     0     0     0     0     0     0     0     0     0     0     0     0     0     0    15   105   949  3949  2477  8510  6026 11136 16684  6413 13171  6896 11676  3712
ch   84:      0     0     0     0     0     0     0     0     0     0     0     0     0     0     0     0     0     0     6   141   815  4297 11576  5704 14421  8669 13740 10702 12914  8169 12703 12214
ch   85:      0     0     0     0     0     0     0     0     0     0     0     0     0     0     0     0     0     2    21    96   982  4546  3442  6737 15213 11876 12950 10123  8400 10704 11496 12890
ch   86:      0     0     0     0     0     0     0     0     0     0     0     0     0     0     0     0     0     1     8   132   858  4315 16228 13833 10658 12195  6546 14015 13765 10632  6870  6022
ch   87:      0     0     0     0     0     0     0     0     0     0     0     0     0     0     0     0     0     2    18    90   670  4350  6692  7090 10295  9903 11669  9805  4385 11125 10936  5542
ch   88:      0     0     0     0     0     0     0     0     0     0     0     0     0     0     0     0     0     2    19   140   654  5239  2647 14526  8930 10205  6925 11220  8375 13833  9546 17529
ch   89:      0     0     0     0     0     0     0     0     0     0     0     0     0     0     0     0     0     1     8    90   757  4987 13901  8737 10354 12916  9057  5490 11818  6895  9698 16877
ch   90:      0     0     0     0     0     0     0     0     0     0     0     0     0     0     0     0     0     2    16    79   711  4897  1902  7239  9175  9662  9201  8113 10819 10090  9421 16648
ch   91:      0     0     0     0     0     0     0     0     0     0     0     0     0     0     0     0     0     0     6   139   862  5342  7787 12071  8520 12329 11235  8729 10581 11683  7118 18743
ch   92:      0     0     0     0     0     0     0     0     0     0     0     0     0     0     0     0     0     1    12   134   917  4183 11125 10959 11232  6774  5767 10069  9923  8308 11630  9807
ch   93:      0     0     0     0     0     0     0     0     0     0     0     0     0     0     0     0     0     3    12   146  1032  6265  4577 10121 10594 12703  7876 10353  6600  9176 15624  7623
ch   94:      0     0     0     0     0     0     0     0     0     0     0     0     0     0     0     0     1     1    12    88   524  5333  7560  9069  7950  7190 11312  7069  8763  8770  7095  6287
ch   95:      0     0     0     0     0     0     0     0     0     0     0     0     0     0     0     0     0     3    14   198   836  4623 12309 12872 10737 10265 15666 10893 14061  9962 14375 16978
ch   96:      0     0     0     0     0     0     0     0     0     0     0     0     0     0     0     0     0     2    15    91   605  3767  9111 12866 15891 15784 13159 12877 10524  8358  6546 16430
ch   97:      0     0     0     0     0     0     0     0     0     0     0     0     0     0     0     0     0     2    24   109  1247  4733 12116  9497  8481  9968 11278  9778  7062  6757 12799  4228
ch   98:      0     0     0     0     0     0     0     0     0     0     0     0     0     0     0     0     0     2     6    85   493  4074  4156  7138  8967 12871  9751  8283 10635  8813  5835  8647
ch   99:      0     0     0     0     0     0     0     0     0     0     0     0     0     0     0     0     0     1    13   126   703  4854  9344 12684 12058 10596 11674 14966 10894 14351 10412  2089
ch  100:      0     0     0     0     0     0     0     0     0     0     0     0     0     0     0     0     1     1    14   133   529  3657 10962 11175  8557 11134  9785 10957  9117 12830 11107 17043
ch  101:      0     0     0     0     0     0     0     0     0     0     0     0     0     0     0     0     0     3    16   133   812  5643 10012  7374 13144  8948  8756 13530 11441 15996  8125 19514
ch  102:      0     0     0     0     0     0     0     0     0     0     0     0     0     0     0     0     1     2     8    46   499  2957  1996 13901  8671 13283  9119 11059 11081 12339 11047 14021
ch  103:      0     0     0     0     0     0     0     0     0     0     0     0     0     0     0     0     0     2    20   115   743  4953  5726  7917  5408 11828 14729 13451 10814 10803 11766 10743
ch  104:      0     0     0     0     0     0     0     0     0     0     0     0     0     0     0     0    12     2    12    66   710  4774  6325  9038  6107  5742  5794 11919 11721  6106 10584 11986
ch  105:      0     0     0     0     0     0     0     0     0     0     0     0     0     0     0     0     0     0    11   177   709  4782  7802  7394  8656  6390 12142 10058  9986 11483  8106  9780
ch  106:      0     0     0     0     0     0     0     0     0     0     0     0     0     0     0     0     0     3    12    94   581  3547  1649  8263  4068 12830 11922 11648 13731 13727  9299 13200
ch  107:      0     0     0     0     0     0     0     0     0     0     0     0     0     0     0     0     0     1    13   103   677  4531 16850  6432 11127 11676  5426  9183 13276 11468 10634  7207
ch  108:      0     0     0     0     0     0     0     0     0     0     0     0     0     0     0     0     0     0    11    69   613  3400  4888 13246 11745 10012 10304 12249 14247  9052  8816  8408
ch  109:      0     0     0     0     0     0     0     0     0     0     0     0     0     0     0     0     0     2    10    97  1173  5090  3096  9606  7017  8359  5636  8642  3868  8182 14086 16841
ch  110:      0     0     0     0     0     0     0     0     0     0     0     0     0     0     0     0     0     0     8    86   407  3681  1897 10700  7120 11289 10656 15581  6169 14748 11492  4951
ch  111:      0     0     0     0     0     0     0     0     0     0     0     0     0     0     0     0     0     2    28   124   738  6133 11505  6629  9415  8766 10493 16026  8168  9560 14557  5533
ch  112:      0     0     0     0     0     0     0     0     0     0     0     0     0     0     0     0     0     1    10    69   531  2859  2226  8366  7827  9340 14814 10647 13079  6714  3618 13766
ch  113:      0     0     0     0     0     0     0     0     0     0     0     0     0     0     0     0     0     0    11   126   728  6873  9650 11118 12826  8009  7430  8442 12213 12504  7688 14635
ch  114:      0     0     0     0     0     0     0     0     0     0     0     0     0     0     0     0     0     1   797   141   625  4266  5490  7026  6475 10280 11442  8977 13199  5510  9811 13834
ch  115:      0     0     0     0     0     0     0     0     0     0     0     0     0     0     0     0     0     0     8   108   897  6152 14263 12446  9713  2676 13473 12655 11368 14430 12895  6176
ch  116:      0     0     0     0     0     0     0     0     0     0     0     0     0     0     0     0     0     0    10   109   688  3916  2539 13088 10133 11655  6505 14337  8444 10469 10724  6593
ch  117:      0     0     0     0     0     0     0     0     0     0     0     0     0     0     0     0     1     1    12    94   825  4277  6220 13147 11554  7560 10184 10884 12807 13618 14602  5135
ch  118:      0     0     0     0     0     0     0     0     0     0     0     0     0     0     0     0     1     1     9    94   561  5665  2123  9204 10678  5547  5359  9933  7023  8846  9009  3497
ch  119:      0     0     0     0     0     0     0     0     0     0     0     0     0     0     0     0     0     3    15   143   886  4769 11702 10071  8518 12198  9374  5515  9256 13242 13766 15300
ch  120:      0     0     0     0     0     0     0     0     0     0     0     0     0     0     0     0     0     0    13    86   512  3211 14958  9858  5670  8583  9835  8370 13256 12089 10143 11195
ch  121:      0     0     0     0     0     0     0     0     0     0     0     0     0     0     0     0     1     3    19   137   936  5922  9279  8376 12738  4868  8644 11914 11221 11086 10350 12678
ch  122:      0     0     0     0     0     0     0     0     0     0     0     0     0     0     0     0     1     5    12    85   536  6122  4327 11371 11145  6685  3988 12172  6636 10511 14373 14450
ch  123:      0     0     0     0     0     0     0     0     0     0     0     0     0     0     0     0     0     2     8   130   764  5368  9958  7066 10237  3379 11659  7932 11256 13614 10377  8581
ch  124:      0     0     0     0     0     0     0     0     0     0     0     0     0     0     0     0     1     1     7    93   596  3986  2140 14209  8322  8501 11536 10449 12225 10153  8502  9372
ch  125:      0     0     0     0     0     0     0     0     0     0     0     0     0     0     0     0     0     3    17   174   821  6399 11856 11356 10263  4850 14516 10675 10875  5089  5538 10168
ch  126:      0     0     0     0     0     0     0     0     0     0     0     0     0     0     0     0     1     2    12   112   700  6242 11378 15907  7315 15156  6590  9344  6531 10364  7397  3057
ch  127:      0     0     0     0     0     0     0     0     0     0     0     0     0     0     0     0     0     5    26   207  1668 10542  5948 11796 10385 13509 11582  7702  7149 11127 11615  7412
