ch    0:      0     0     0     0     0     0     0     0     0     0     0     0     0     0     0     1     2     9    15    21    30    44   124   610  4413 17640 10464 15502  9023  8813 14221 14367
ch    1:      0     0     0     0     0     0     0     0     0     0     0     0     0     0     0     1     2    13    32    31    39    51   122   700  4113 11335 11091 12930  9050 14215  6538 13366
ch    2:      0     0     0     0     0     0     0     0     0     0     0     0     0     0     0     1     8    19    37    55    63    95   203  1537  7758 11954 10850  5059  8938  6282 10523  8707
ch    3:      0     0     0     0     0     0     0     0     0     0     0     0     0     0     0     3    12    18    47    65    77   114   309  1873  7652  9510  5687 10065 10743 16618 10064 11891
ch    4:      0     0     0     0     0     0     0     0     0     0     0     0     0     0     1     2     5    24    41    79    86   133   274   917  8713 11749 12290  9178  8092 10210 10667  9138
ch    5:      0     0     0     0     0     0     0     0     0     0     0     0     0     0     0     3    13    28    51    82   117   159   312  1593 10877 13903 10225  8914 10936 14836  8349 10953
ch    6:      0     0     0     0     0     0     0     0     0     0     0     0     0     0     1     3    10    26    63    92   137   179   355  1488  8444 11391 10267  8543  8254  8205 17412  8727
ch    7:      0     0     0     0     0     0     0     0     0     0     0     0     0     0     1     5    12    36    79   117   147   237   567  2887 16783 11749  8064  9108  9775 10128 12454  7249
ch    8:      0     0     0     0     0     0     0     0     0     0     0     0     0     0     0     8    13    46    84   128   168   244   568  2932 15119  4885 11889 14196 11276  7023 10413  9512
ch    9:      0     0     0     0     0     0     0     0     0     0     0     0     0     0     0     2    19    42    91   134   183   265   706  2648 18852 13127  8845 14708  7882  6132  9967 10018
ch   10:      0     0     0     0     0     0     0     0     0     0     0     0     0     0     0     3    17    46   116   161   214   297   665  3434 11435  9434  9595 11853  9519 12228  8310 15154
ch   11:      0     0     0     0     0     0     0     0     0     0     0     0     1     1     1     5    13    60   114   179   222   342   850  3859  7051 12936 11984 11109 13242 10243  3745 14904
ch   12:      0     0     0     0     0     0     0     0     0     0     0     0     0     0     0     3    10    42   118   188   258   363   899  3778  7001 12952 10994  9623  9488  9319  4787  8184
ch   13:      0     0     0     0     0     0     0     0     0     0     0     0     0     1     1     5    25    55   119   205   302   358   741  5167 15666  9590 17411 15665 11611 11006  9120 12625
ch   14:      0     0     0     0     0     0     0     0     0     0     0     0     0     0     0     3    11    45   121   208   285   351   789  3284 11236 10815  6472 10030 13442 14147  9054  7759
ch   15:      0     0     0     0     0     0     0     0     0     0     0     0     0     0     0     2    13    71   160   249   292   399  1116  4418 14278  8838 11949  7079 10125  5731 10684 11756
ch   16:      0     0     0     0     0     0     0     0     0     0     0     0     0     0     2     4    15    41   120   215   301   451  1114  2681  3592 13360 10752 10686 10866  9262 10595  6226
ch   17:      0     0     0     0     0     0     0     0     0     0     0     0     0     0     0     0     0     0     1    16    74   167   279   555  1605 16325 14779  9837 10415 14851 10226 11342
ch   18:      0     0     0     0     0     0     0     0     0     0     0     0     0     0     0     0     0     0     2    17    64   174   339   482  1806 14297  9709  7132  8910 10719 14692  3805
ch   19:      0     0     0     0     0     0     0     0     0     0     0     0     0     0     0     0     0     0     3    13    56   202   334   598  3395  7772  7603 13333  9995  6922 11812 10866
ch   20:      0     0     0     0     0     0     0     0     0     0     0     0     0     0     0     0     0     0     2    14    60   187   386   590  2154  2721  8307 11326  8894  6783  9216 12976
ch   21:      0     0     0     0     0     0     0     0     0     0     0     0     0     0     0     0     0     0     0    15    72   172   353   681  2799  4839  7474  6777  8774 10203 10893  9922
ch   22:      0     0     0     0     0     0     0     0     0     0     0     0     0     0     0     0     0     1     1     8    58   175   358   583  1751  5242  8334 16423 11391 11232 10666 11283
ch   23:      0     0     0     0     0     0     0     0     0     0     0     0     0     0     0     0     0     0     2    22    68   193   388   774  3020  4745  8827 10305 10851 11729  7875  7648
ch   24:      0     0     0     0     0     0     0     0     0     0     0     0     0     0     0     0     0     1     1    23    73   224   453   663  2389  5219 10109 12587  5454 11894  9744  5204
ch   25:      0     0     0     0     0     0     0     0     0     0     0     0     0     0     0     0     0     0     2    25    97   222   417   697  3764  7115 13708 13234 12844  7483  5507  4209
ch   26:      0     0     0     0     0     0     0     0     0     0     0     0     0     0     0     0     0     0     2     8    54   215   411   682  2957  3806  7403 12705 14209  8773  8622  8250
ch   27:      0     0     0     0     0     0     0     0     0     0     0     0     0     0     0     0     0     1     7    20   104   263   472   865  3667  3388 12692 11029  8528  6531 14508 14179
ch   28:      0     0     0     0     0     0     0     0     0     0     0     0     0     0     0     0     0     0     2    15    77   256   531   803  3188  5779 12164  7461  8543  7998  9648 10121
ch   29:      0     0     0     0     0     0     0     0     0     0     0     0     0     0     0     0     0     0     2    18   107   276   477   801  3459  9034  7840  9493  7401  7859 15234  1239
ch   30:      0     0     0     0     0     0     0     0     0     0     0     0     0     0     0     0     0     0     0    20    75   277   507   899  4533 12723 11277 12780 12655  8043  6714 12964
ch   31:      0     0     0     0     0     0     0     0     0     0     0     0     0     0     0     0     0     0     5    29   108   266   525   899  5755  5330 14315 10183 10338  7312 12604 10649
ch   32:      0     0     0     0     0     0     0     0     0     0     0     0     0     0     0     0     0     0     0    21    84   235   530   820  3058  7028  7571  8287  9692 13434  9078 10741
ch   33:      0     0     0     0     0     0     0     0     0     0     0     0     0     0     0     0     0     0     1    22   114   305   530   921  3449  3796  9101  9261 10428 15829  8232  9136
ch   34:      0     0     0     0     0     0     0     0     0     0     0     0     0     0     0     0     0     0     2    16    73   268   584   868  3561  9401  8696 11112 15633 10031  8206 12262
ch   35:      0     0     0     0     0     0     0     0     0     0     0     0     0     0     0     0     0     1     8    35   118   332   567  1058  4432 18938  8455  8481  7247  7763 13515  9719
ch   36:      0     0     0     0     0     0     0     0     0     0     0     0     0     0     0     0     0     0     2    32   135   351   559  1147  2342 16535  7884 12899  9588 14548 11507  9330
ch   37:      0     0     0     0     0     0     0     0     0     0     0     0     0     0     0     0     0     1     5    29   133   383   653  1083  4390 11677  8421 11612  5986 11949  9323 11915
ch   38:      0     0     0     0     0     0     0     0     0     0     0     0     0     0     0     0     0     0     5    29    99   353   620  1041  3168  9028  8393 11043  6177  7569  9680  6622
ch   39:      0     0     0     0     0     0     0     0     0     0     0     0     0     0     0     0     0     1     6    34   126   368   621  1122  4741 13430 14392 14744 10638  8295  5609 14405
ch   40:      0     0     0     0     0     0     0     0     0     0     0     0     0     0     0     0     0     0     3    34   100   380   694  1112  4473  9149 10569 12015 13447  4131  8639 14414
ch   41:      0     0     0     0     0     0     0     0     0     0     0     0     0     0     0     0     0     0     4    27   145   351   699  1059  3767  3887 13732  6385 11710 11153  8220  8728
ch   42:      0     0     0     0     0     0     0     0     0     0     0     0     0     0     0     0     0     0     4    22   112   390   695  1133  4231 15170  9967  7364  8297 12581 15030 13204
ch   43:      0     0     0     0     0     0     0     0     0     0     0     0     0     0     0     0     0     1     3    20   129   412   685  1216  4540 17676 13395 10409 13427  7436 11487  9407
ch   44:      0     0     0     0     0     0     0     0     0     0     0     0     0     0     0     0     0     0    11    51   152   480   753  1226  6659 11060  6108  5774 16146 10430  5140 10462
ch   45:      0     0     0     0     0     0     0     0     0     0     0     0     0     0     0     0     0     1    11    40   152   461   741  1231  5837 19172  9947  9571 10494  8815 11975 11728
ch   46:      0     0     0     0     0     0     0     0     0     0     0     0     0     0     0     0     0     0     4    19   128   464   787  1143  4828 12356  7907  8002 11209  9427 11479 11915
ch   47:      0     0     0     0     0     0     0     0     0     0     0     0     0     0     0     0     0     1     4    47   208   446   786  1348  6367  6140 10929  2881  9624 10367  9758 10493
ch   48:      0     0     0     0     0     0     0     0     0     0     0     0     0     0     0     0     0     0     4    29   148   436   756  1343  4982  5507 12160  4793 10530 11431  9143 13736
ch   49:      0     0     0     0     0     0     0     0     0     0     0     0     0     0     0     0     0     0     4    52   200   450   814  1566 10856 15237  8659  9613  9225  8426  7255 12610
ch   50:      0     0     0     0     0     0     0     0     0     0     0     0     0     0     0     0     0     0     1    24   147   427   886  1280  5360  5847 17434  7216  6458 12109  5528  8944
ch   51:      0     0     0     0     0     0     0     0     0     0     0     0     0     0     0     0     0     0     2    46   190   444   817  1429  8180 16483 12665 13106 14538  9959  8343  8182
ch   52:      0     0     0     0     0     0     0     0     0     0     0     0     0     0     0     0     0     0     5    33   147   456   901  1360  4174 17611 11644 10355  4850 10364 11727  9251
ch   53:      0     0     0     0     0     0     0     0     0     0     0     0     0     0     0     0     0     2     8    51   223   501   869  1528  5831 12210  5293  9097 11818  9220 12828 10572
ch   54:      0     0     0     0     0     0     0     0     0     0     0     0     0     0     0     0     0     0     4    23   136   477   814  1289  5834 15005 13211  7773  7996  8804  8936 10249
ch   55:      0     0     0     0     0     0     0     0     0     0     0     0     0     0     0     0     0     0    11    59   280   509   899  1472  7328  8882 13513 11704  8536  6556 11568  7914
ch   56:      0     0     0     0     0     0     0     0     0     0     0     0     0     0     0     0     0     0     4    32   140   411   921  1362  4516  4772  9934 15721 10368 10588 14339 10038
ch   57:      0     0     0     0     0     0     0     0     0     0     0     0     0     0     0     0     0     2     7    52   188   532   946  1492  6008  4802 14061 12708 10900 10826  9013  9592
ch   58:      0     0     0     0     0     0     0     0     0     0     0     0     0     0     0     0     1     2     6    36   215   482   992  1569  6800 12193  9478 10824 11053 10675 11530 13915
ch   59:      0     0     0     0     0     0     0     0     0     0     0     0     0     0     0     1     1     3    17    69   218   597  1005  1764  8168  3948  7770  4627 12066 10755 12799 10060
ch   60:      0     0     0     0     0     0     0     0     0     0     0     0     0     0     0     0     0     0     8    48   130   509  1008  1747  4244  2232  9133 15393  9320 10001 12700  5766
ch   61:      0     0     0     0     0     0     0     0     0     0     0     0     0     0     0     0     0     1    11    68   257   533  1001  1839  8073  9304 10703 11485  8453 10076  8680  9567
ch   62:      0     0     0     0     0     0     0     0     0     0     0     0     0     0     0     0     0     0     5    36   173   496   993  1522  6699 14491  9076  9956  8793 14001 13312 11769
ch   63:      0     0     0     0     0     0     0     0     0     0     0     0     0     0     0     0     0     1    17    57   215   562  1018  1927  7743  3368  5768  6964  9256 10387  7007  9042
ch   64:      0     0     0     0     0     0     0     0     0     0     0     0     0     0     0     0     0     0     5    31   184   626  1122  1621  5965  8549 14623  8881 10279  3879 13535  7729
ch   65:      0     0     0     0     0     0     0     0     0     0     0     0     0     0     0     0     1     2     9    41   247   517  1100  1726 10061  6290 15831 14243  9646  7304  7959 11541
ch   66:      0     0     0     0     0     0     0     0     0     0     0     0     0     0     0     0     0     1     2    39   210   560  1017  1745  7081 10018  7368  9167 11749  9028 10066 12205
ch   67:      0     0     0     0     0     0     0     0     0     0     0     0     0     0     0     0     0     1     9    59   266   602  1103  1690  7811 11396  7775  7769  6241 13077  6645  8065
ch   68:      0     0     0     0     0     0     0     0     0     0     0     0     0     0     0     0     0     1    12    65   178   615  1129  1820  7307 13753 14379  9486 13297  7951  6150 11931
ch   69:      0     0     0     0     0     0     0     0     0     0     0     0     0     0     0     0     0     4     9    67   273   654  1179  2036  7157  9595  4190 10391 13030  7947 11242  8892
ch   70:      0     0     0     0     0     0     0     0     0     0     0     0     0     0     0     0     0     0     2    38   208   577  1075  1701  8065  8453  4361 10529  6894 14730  5056 10601
ch   71:      0     0     0     0     0     0     0     0     0     0     0     0     0     0     0     0     0     1    15    72   332   688  1148  1860 10808  6601 11122  8219  2449  7718 11321 10433
ch   72:      0     0     0     0     0     0     0     0     0     0     0     0     0     0     0     0     0     0     9    62   258   682  1141  1942  6806 18846 11965  8727 14299  8394  7096 12231
ch   73:      0     0     0     0     0     0     0     0     0     0     0     0     0     0     0     0     0     2     9    62   288   728  1142  1852 11694 13843 10043 11275 10163  8850 10127 10907
ch   74:      0     0     0     0     0     0     0     0     0     0     0     0     0     0     0     0     0     0     7    54   208   646  1171  1900  7538  6203 11382 12988 11384  7245  7879  7761
ch   75:      0     0     0     0     0     0     0     0     0     0     0     0     0     0     0     0     0     1    32   105   311   866  1252  2022  7174  3888 11151 10130  9942 10063 10092 13441
ch   76:      0     0     0     0     0     0     0     0     0     0     0     0     0     0     0     0     0     0     7    40   179   628  1182  2016 10303 14052  9109 10246  8958 11078 12907  8777
ch   77:      0     0     0     0     0     0     0     0     0     0     0     0     0     0     0     0     1     3    21    76   327   796  1271  1965 12468  6295 12828 14035  7936  9835 11088 11829
ch   78:      0     0     0     0     0     0     0     0     0     0     0     0     0     0     0     0     0     0     4    63   213   650  1172  1879  8439  7061 13890 12903  8953  7037 12523  8783
ch   79:      0     0     0     0     0     0     0     0     0     0     0     0     0     0     0     0     0     3    23   109   326   753  1303  2144  8444 16445 10238 12952 10142 12738 13793 12834
ch   80:      0     0     0     0     0     0     0     0     0     0     0     0     0     0     0     0     0     0     6    59   228   689  1380  2128  8161  3010  6139  8082  7186  8282 15902 11642
ch   81:      0     0     0     0     0     0     0     0     0     0     0     0     0     0     0     0     0     0    20    81   329   775  1367  2217 10736  9339 11803 10683 11858  6081 13780 14403
ch   82:      0     0     0     0     0     0     0     0     0     0     0     0     0     0     0     0     0     0    12    38   198   733  1340  2196  7487 17160 11022  6242  6246 10907 14220 10715
ch   83:      0     0     0     0     0     0     0     0     0     0     0     0     0     0     0     0     0     3    17    73   320   774  1354  2232 11885 13939 13059 11720  9227 11350  6974  6977
ch   84:      0     0     0     0     0     0     0     0     0     0     0     0     0     0     0     0     0     0     7    52   254   660  1396  2203  9861 14613  7250  5540  8776 10297 12869 13264
ch   85:      0     0     0     0     0     0     0     0     0     0     0     0     0     0     0     0     0     2    15    83   376   857  1490  2234 10511 11253  9850 14965 13099  9437 10966  8849
ch   86:      0     0     0     0     0     0     0     0     0     0     0     0     0     0     0     0     0     1     8    50   245   719  1307  2526  8517  6158  6375 13244 10728  6098  6834  7148
ch   87:      0     0     0     0     0     0     0     0     0     0     0     0     0     0     0     0     0     0    14    86   333   761  1489  2835 16042 18076 12696 11233  9787  5122 10166  9333
ch   88:      0     0     0     0     0     0     0     0     0     0     0     0     0     0     0     0     0     0     7    46   252   744  1451  2678  8861 11705 13801 13277 10279 11959 10799  6806
ch   89:      0     0     0     0     0     0     0     0     0     0     0     0     0     0     0     0     0     1    21    91   331   871  1414  2787 12872 13052 13369 11688 10583  9839 16875  9518
ch   90:      0     0     0     0     0     0     0     0     0     0     0     0     0     0     0     0     0     0     8    59   246   721  1365  2284 10012  7549  9916 11971  6500 10373 13132 14015
ch   91:      0     0     0     0     0     0     0     0     0     0     0     0     0     0     0     0     0     1    19    95   315   926  1609  2793 15019  2796  8519  9227 10315  8356  7506 13561
ch   92:      0     0     0     0     0     0     0     0     0     0     0     0     0     0     0     0     0     3    15    52   317   743  1445  2556  9007 13853 14121 14109  7274  8387 10871 10367
ch   93:      0     0     0     0     0     0     0     0     0     0     0     0     0     0     0     0     0     1    20    97   383   865  1640  2735 15072 11162 11091  9460 11148  9492 11089  7983
ch   94:      0     0     0     0     0     0     0     0     0     0     0     0     0     0     0     0     0     2     6    68   263   708  1547  2620 11036  9032  7744 10646  9595  6329 12845 15522
ch   95:      0     0     0     0     0     0     0     0     0     0     0     0     0     0     0     0     0     4    25    99   370   955  1648  3169 16708  7395  9719  9014 12777  6063 12684  7377
ch   96:      0     0     0     0     0     0     0     0     0     0     0     0     0     0     0     0     0     0     7    79   318   793  1557  2759 10174  7678  8749  5973  5541  9782 12326 12528
ch   97:      0     0     0     0     0     0     0     0     0     0     0     0     0     0     0     0     0     1    18   101   414   959  1644  3142 13967 14877  9992  8929 12179 15638  9219 10205
ch   98:      0     0     0     0     0     0     0     0     0     0     0     0     0     0     0     0     0     0     4    44   243   867  1473  2575  9995  9261 10271 10580  7358 12915 13082 13446
ch   99:      0     0     0     0     0     0     0     0     0     0     0     0     0     0     0     0     0     3    22    93   475  1139  1777  3345 17318 12343 12623 13237 12896 12705 12073  8745
ch  100:      0     0     0     0     0     0     0     0     0     0     0     0     0     0     0     0     0     0     6    49   283   761  1688  2854 11483  5585 11625  9924 12577 12593 11848 10109
ch  101:      0     0     0     0     0     0     0     0     0     0     0     0     0     0     0     0     0     4    21   159   514  1059  1764  3330 13236  6799 12971  4704  6511  8715  7265  5377
ch  102:      0     0     0     0     0     0     0     0     0     0     0     0     0     0     0     0     0     2    19    70   292   842  1604  2898 11070 12069 12887  9623 14511  8967  9254 10305
ch  103:      0     0     0     0     0     0     0     0     0     0     0     0     0     0     0     1     1     4    30   150   561  1085  1812  3636 17546  4125 11091  6771  6098  5845  6899 12260
ch  104:      0     0     0     0     0     0     0     0     0     0     0     0     0     0     0     0     0     1     2    60   227   799  1593  2742 13084 13228 15250  3354 12022  9769 14780 12882
ch  105:      0     0     0     0     0     0     0     0     0     0     0     0     0     0     0     0     0     5    23   140   537  1086  1834  3199 16458 13654 12750  5835 12311  5680  7641  6257
ch  106:      0     0     0     0     0     0     0     0     0     0     0     0     0     0     0     0     0     1    11    66   310   808  1680  2693 16245  8389  8526 14110  9157 12033 12826  9422
ch  107:      0     0     0     0     0     0     0     0     0     0     0     0     0     0     0     0     0     3    38   131   498  1204  1768  3649 16339 13849 12272 12185  6539  7243 10507 11262
ch  108:      0     0     0     0     0     0     0     0     0     0     0     0     0     0     0     0     0     2     9    69   341   894  1792  2964 11989 14150  6123  7855  4433  9108  8332 12683
ch  109:      0     0     0     0     0     0     0     0     0     0     0     0     0     0     0     0     1     3    25   148   527  1087  1788  3699 14625  8118  6427 10573  8992 10872 11425  7869
ch  110:      0     0     0     0     0     0     0     0     0     0     0     0     0     0     0     0     0     0     9    46   354   894  1822  3540 17647 11631  5674  8640  9941 11423 11836  6752
ch  111:      0     0     0     0     0     0     0     0     0     0     0     0     0     0     0     0     0     5    31   138   504  1172  2039  4574 18362 12183  8615 13316 12708 11595 10200 12280
ch  112:      0     0     0     0     0     0     0     0     0     0     0     0     0     0     0     0     0     0    12   100   380   985  2011  3473 13774 13725  9764  7091  8792 10295 15715  6840
ch  113:      0     0     0     0     0     0     0     0     0     0     0     0     0     0     0     0     0     4    35   170   669  1158  2018  3446 15402 11548 12224  7382 10017  4578 10584  5750
ch  114:      0     0     0     0     0     0     0     0     0     0     0     0     0     0     0     0     0     1    12    63   366   923  1865  3243 15002  9727 15882 10808  8793 11785  9102  5276
ch  115:      0     0     0     0     0     0     0     0     0     0     0     0     0     0     0     0     0     6    35   199   533  1170  2059  3778 15502  8153  6454  9925 11443  8741  9924  6731
ch  116:      0     0     0     0     0     0     0     0     0     0     0     0     0     0     0     0     0     2    15    92   363   964  1756  3203 14628  5651 11863  9457 10473  7983 10395 12962
ch  117:      0     0     0     0     0     0     0     0     0     0     0     0     0     0     0     0     1     9    41   171   539  1258  2077  3724 14869 11079 10393 10343 10649  7486  8040 11021
ch  118:      0     0     0     0     0     0     0     0     0     0     0     0     0     0     0     0     1     1    12    96   466  1180  1912  3455 12147 12485 11344 11885  6667  9360  9484 12890
ch  119:      0     0     0     0     0     0     0     0     0     0     0     0     0     0     0     0     0     5    54   215   584  1333  2137  3797  2844  8491 10458 13163 10086  7753 12246  8709
ch  120:      0     0     0     0     0     0     0     0     0     0     0     0     0     0     0     0     1     2    10    66   397  1181  2151  3468 15109 14065 12847 15033 10082  7190  8273  6034
ch  121:      0     0     0     0     0     0     0     0     0     0     0     0     0     0     0     1     4     7    48   200   696  1445  2236  5055  2088 10684 14811 11699 10781  7709 12258  9017
ch  122:      0     0     0     0     0     0     0     0     0     0     0     0     0     0     0     0     0     1    13    80   348  1211  1947  3893 14961 13077  9151 11532 11218 12633  7642  8230
ch  123:      0     0     0     0     0     0     0     0     0     0     0     0     0     0     0     0     1     6    62   214   617  1466  2461  5304 10147 10416  6274 15127 15512 11484 10884 13809
ch  124:      0     0     0     0     0     0     0     0     0     0     0     0     0     0     0     0     0     1    26   132   495  1162  2132  3918 15443  6544 12686  8214  9539 14333 13331  7420
ch  125:      0     0     0     0     0     0     0     0     0     0     0     0     0     0     0     0     2    16   105   320   882  1731  2522  6108 14170 10287  9880  6440 13853 11940  9868  8806
ch  126:      0     0     0     0     0     0     0     0     0     0     0     0     0     0     0     0     0     2    17   143   433  1373  2291  4406  5649 15272 11033 10910 10535 10910 10478  6800
ch  127:      0     0     0     0     0     0     0     0     0     0     0     0     0     0     0     0     1     8    51   217   696  1453  2309  3958 15032 13559 11842 12064  8858  9516  9794  7381
