ch    0:      0     0     0     0     0     0     0     0     0     0     0     0     0     0     0     0     0     0     1     1     4     7    20    61   465  2665 11839 15169  8279  5298 12026  8256
ch    1:      0     0     0     0     0     0     0     0     0     0     0     0     0     0     0     0     0     1     4     4     7    13    41   147   719  4494 10169  6743 11677 14713 14078  9387
ch    2:      0     0     0     0     0     0     0     0     0     0     0     0     0     0     0     0     0     0     1     1     4     7    38   159   982  5177  4758  7805 14427 11450  8241 12467
ch    3:      0     0     0     0     0     0     0     0     0     0     0     0     0     0     0     3     5    12    13    16    23    27    60   248  1445  6614 15026  4008 11697  9005  6423 16098
ch    4:      0     0     0     0     0     0     0     0     0     0     0     0     0     0     0     0     0     0     1     4     8    21    46   154  1042  6531  6529  8153 13923 13666 13029 17860
ch    5:      0     0     0     0     0     0     0     0     0     0     0     0     0     0     0     2     3    11    17    23    29    33    72   290  1883 11474 14345  8612 12626 11715  4918  3986
ch    6:      0     0     0     0     0     0     0     0     0     0     0     0     0     0     0     0     0     0     0     1     7    23    50   197  1852  7426  8786 11802  4772  7943  4344  6823
ch    7:      0     0     0     0     0     0     0     0     0     0     0     0     0     0     0     3     6    11    18    26    37    53   102   472  2119 17262 15231 12619 12533 11404 10953  8132
ch    8:      0     0     0     0     0     0     0     0     0     0     0     0     0     0     0     0     0     0     1     2     7    18    64   244  1955 10970 11420 12638  9444 13282 11998 15781
ch    9:      0     0     0     0     0     0     0     0     0     0     0     0     0     0     0     1     5    13    25    32    38    62   110   489  3454 18027  4817  8821 10946 13025  6885 17639
ch   10:      0     0     0     0     0     0     0     0     0     0     0     0     0     0     0     0     0     0     1     2    11    31    72   414  2614 15244 14195 11145  9445  6761  9955  8569
ch   11:      0     0     0     0     0     0     0     0     0     0     0     0     0     0     1     2     4    10    25    38    56    70   154   601  4379  4766  7074 12370  9070 12897 14536  8240
ch   12:      0     0     0     0     0     0     0     0     0     0     0     0     0     0     0     0     0     0     0     4    22    36   116   396  3609 14600 14067  7771  6080 10389 10194  4108
ch   13:      0     0     0     0     0     0     0     0     0     0     0     0     0     0     0     2     5    16    28    42    56    85   159   549  3542  5250 10181 10707 11094 16076  7366 10230
ch   14:      0     0     0     0     0     0     0     0     0     0     0     0     0     0     0     0     0     0     2     6    16    47   111   464  2817 17427  8820 15861  5462  8450 16261 14193
ch   15:      0     0     0     0     0     0     0     0     0     0     0     0     0     0     1     4     6    16    31    48    65    94   176   820  4050 16528  6548 11682 11982 10557 13778 12300
ch   16:      0     0     0     0     0     0     0     0     0     0     0     0     0     0     0     0     0     1     4    14    26    44   165   533  5684  1233  3178  7976 14331 10006 11666  5084
ch   17:      0     0     0     0     0     0     0     0     0     0     0     0     0     0     0     1     6    19    33    55    80   109   223  1163  6073 11910  3073 11937  7949  6301 13345  9991
ch   18:      0     0     0     0     0     0     0     0     0     0     0     0     0     0     0     0     0     0     2     9    24    58   165   624  4781  4930 10759 12063  8403 12641 10933  9645
ch   19:      0     0     0     0     0     0     0     0     0     0     0     0     0     0     0     0    10    19    42    73    92   126   263   692  6163  4493  5434  9598  8657 13752 10034 15286
ch   20:      0     0     0     0     0     0     0     0     0     0     0     0     0     0     0     0     0     0     1     7    18    59   143   710  5101  5775 15826  8795  8190 12206 10024  4143
ch   21:      0     0     0     0     0     0     0     0     0     0     0     0     0     1     1     3     9    23    34    66   101   140   272   936  7213 11143 10090  4468 12007 13252  6272 17659
ch   22:      0     0     0     0     0     0     0     0     0     0     0     0     0     0     0     0     0     1     2    12    30    54   166   702  5610  8602 10148 13849  9865 10002  8386 16429
ch   23:      0     0     0     0     0     0     0     0     0     0     0     0     0     1     1     4    15    30    61    81   119   159   263  1225  5814 10317  7834  7532 11152  5857 13822  8786
ch   24:      0     0     0     0     0     0     0     0     0     0     0     0     0     0     0     0     0     1     4     9    24    69   193   878  7051  4897 10476  9912  7585  7478  5527 14813
ch   25:      0     0     0     0     0     0     0     0     0     0     0     0     0     1     2     8    17    35    69    96   124   175   391  1740 11388 18277 16151 11941  9729 11432 10597 15913
ch   26:      0     0     0     0     0     0     0     0     0     0     0     0     0     0     0     0     0     0     2    12    38    68   214   889  7384  5888 10332  5273  8566 10698 14210 10420
ch   27:      0     0     0     0     0     0     0     0     0     0     0     0     0     0     1     3    16    34    54    94   114   164   322  1806  9698  9549 16578  8671  8126 10776  9810  6508
ch   28:      0     0     0     0     0     0     0     0     0     0     0     0     0     0     0     0     0     0     4    10    26    78   237  1187 10619  2201 15132  8215  7643  8168  5968  8030
ch   29:      0     0     0     0     0     0     0     0     0     0     0     0     0     0     1     4     8    31    61   108   160   198   367  1516 10310  6186  9759 12077  9365  8696 11223 10476
ch   30:      0     0     0     0     0     0     0     0     0     0     0     0     0     0     0     0     0     1     7    16    36    90   267  1050  9864  5363 12931  4449  8495 13660  6067  6765
ch   31:      0     0     0     0     0     0     0     0     0     0     0     0     0     0     1     4    17    43    81    96   135   214   498  2252 13068  7819 10256  9281 11404 13114  7915  6920
ch   32:      0     0     0     0     0     0     0     0     0     0     0     0     0     0     0     0     1     1     2     9    35   108   270  1501  8995 10824  4747  9294 13155 11680  8238  6071
ch   33:      0     0     0     0     0     0     0     0     0     0     0     0     0     0     2     6    16    41    66   115   158   226   386  1663 11491  1592 11276  5362  7232 11592  9237  8602
ch   34:      0     0     0     0     0     0     0     0     0     0     0     0     0     0     0     0     0     0     5    18    61   127   347  1541 13487  8687 12779 12572  9100  9807 12961  9076
ch   35:      0     0     0     0     0     0     0     0     0     0     0     0     0     0     1     6    18    49    89   130   183   245   503  2977 16571 14110 11195 12942  7036  9482  8022  4651
ch   36:      0     0     0     0     0     0     0     0     0     0     0     0     0     0     0     0     0     1     4     9    39   115   325  1436 10597  2937  8665 11950 12206 11519  8571 12128
ch   37:      0     0     0     0     0     0     0     0     0     0     0     0     0     1     1     8    12    44    68   134   173   240   513  2713 16465  3175 11184 12969 11861 12617 11501 13307
ch   38:      0     0     0     0     0     0     0     0     0     0     0     0     0     0     0     0     2     2     5    19    50   144   411  2028 13450  8854  8394  9090  9915 10052 12706  5971
ch   39:      0     0     0     0     0     0     0     0     0     0     0     0     0     0     1     7    23    56    93   134   181   273   541  3032 17866 13573  9557  9802  9461 12935 10033  9136
ch   40:      0     0     0     0     0     0     0     0     0     0     0     0     0     0     0     0     1     3     6    15    55   153   499  2274 12642  2949  9740 10313  9870 10420  6429 12698
ch   41:      0     0     0     0     0     0     0     0     0     0     0     0     0     0     1     4    24    51    83   135   184   276   647  2636 15193  7094  9340 13241 11023 13167 10821 15258
ch   42:      0     0     0     0     0     0     0     0     0     0     0     0     0     0     0     0     0     1     4    18    50   143   431  2124 14344  9074 14487  8167  8168 13952 15175 14862
ch   43:      0     0     0     0     0     0     0     0     0     0     0     0     0     1     5     8    19    51   103   167   235   309   637  3431  1781  8710 10167 16177 11822  6333  8618 10937
ch   44:      0     0     0     0     0     0     0     0     0     0     0     0     0     0     0     0     1     4     7    25    69   165   556  2899 12379  7293  7250 11710 11687  6530 15854  7443
ch   45:      0     0     0     0     0     0     0     0     0     0     0     0     0     0     3     7    26    64   110   171   230   351   670  2930  1302 14742 12417 11821 12162 14226 12844  5552
ch   46:      0     0     0     0     0     0     0     0     0     0     0     0     0     0     0     0     1     4     7    24    66   168   563  2332 14859  6672  8962 13109 11245 10966  5912 12132
ch   47:      0     0     0     0     0     0     0     0     0     0     0     0     0     2     3     8    24    50   115   175   226   327   766  3733 12311  6580 11493  9908 15151  6019  6211 17322
ch   48:      0     0     0     0     0     0     0     0     0     0     0     0     0     0     0     0     1     3     9    22    82   162   563  2567 18177  7463 11625  7368 10708  8900  8838 10894
ch   49:      0     0     0     0     0     0     0     0     0     0     0     0     0     0     1     8    19    58   111   182   256   366   874  3012 11775  6488  7336 10288 10242 11735  5958  8170
ch   50:      0     0     0     0     0     0     0     0     0     0     0     0     0     0     0     0     0     2     6    26    71   199   691  2644 17673 10223  5224 14067  7647 12784 14005 11508
ch   51:      0     0     0     0     0     0     0     0     0     0     0     0     0     0     2     5    19    58    96   168   246   385   778  3489  2875  7436 11455  7496 13536  9189 14035 12621
ch   52:      0     0     0     0     0     0     0     0     0     0     0     0     0     0     0     0     1     1     6    29    67   170   605  2266 17054  6526 12739 11756 12707  9712 12805  6653
ch   53:      0     0     0     0     0     0     0     0     0     0     0     0     0     2     3     9    19    65    99   184   257   371   849  3752  7578 12613  8175 10540 10416  7059 11041 10293
ch   54:      0     0     0     0     0     0     0     0     0     0     0     0     0     0     0     0     1     4     7    27    81   182   697  2546 17061  9749  9743 15119  8001 10426  8643  4950
ch   55:      0     0     0     0     0     0     0     0     0     0     0     0     0     0     2     9    21    52   107   171   256   394  1075  5382  8187  8246 12501 13253  8742  9624  9948 10651
ch   56:      0     0     0     0     0     0     0     0     0     0     0     0     0     0     0     0     0     3    14    32    89   200   562  3350 18333 11118 12922 14309  9382  8671  5180  7623
ch   57:      0     0     0     0     0     0     0     0     0     0     0     0     0     0     3     7    13    52   125   179   280   406   938  3858  6911 12910  9426 11459 15388  7832 12135  9143
ch   58:      0     0     0     0     0     0     0     0     0     0     0     0     0     0     0     0     0     0     0     0     0     0     0     0     0    43  6813 10848  9495 15968 10527     0
ch   59:      0     0     0     0     0     0     0     0     0     0     0     0     0     0     2     5    19    62   122   206   319   469  1111  4956 15534  9774 10591  9061  8862 10072  9752 11260
ch   60:      0     0     0     0     0     0     0     0     0     0     0     0     0     0     0     0     0     1     9    20    76   210   750  3611  9216 14848 13172 12280 11415  9974 10365 14770
ch   61:      0     0     0     0     0     0     0     0     0     0     0     0     0     0     0     7    24    55   114   220   287   439  1103  6144 11901 11672  7284 10524 11308 11464 11921 10436
ch   62:      0     0     0     0     0     0     0     0     0     0     0     0     0     0     0     1     2     3     7    36    96   247   768  3813 10761  6665  8164 12283 12775  9965 16857  8006
ch   63:      0     0     0     0     0     0     0     0     0     0     0     0     0     0     2    13    31    70   135   218   318   495  1309  6868 15788  7227 11570 12739 10881 12398 12226 15005
ch   64:      0     0     0     0     0     0     0     0     0     0     0     0     0     0     0     0     1     2     6    33    92   220   688  2895  7962 10278  4549 11787  7280  8427 11395 12207
ch   65:      0     0     0     0     0     0     0     0     0     0     0     0     0     0     1     9    31    64   124   235   335   566  1319  5562 14924  9955  6990 13803  9240  7187  9675 12919
ch   66:      0     0     0     0     0     0     0     0     0     0     0     0     0     0     0     0     0     0     4    26    91   257   688  2722  7504 11662  5681 11115 11942 13721 10772  6576
ch   67:      0     0     0     0     0     0     0     0     0     0     0     1     1     1     5    13    27    73   142   243   339   574  1451  6744 11890 10223  9257  8996 14599 11624  9270 13058
ch   68:      0     0     0     0     0     0     0     0     0     0     0     0     0     0     0     0     2     8    13    49   109   271   899  4548  8339  8638 15080 11558 12394 10014  6450 11108
ch   69:      0     0     0     0     0     0     0     0     0     0     0     0     0     0     2     9    21    80   129   217   359   549  1470  5471 17934  8448 11963  9808 13435 14931 14382 12597
ch   70:      0     0     0     0     0     0     0     0     0     0     0     0     0     0     0     0     1     5    18    37    95   235   829  4396  6832  9458  9925 10092  8729 10205  8666  6776
ch   71:      0     0     0     0     0     0     0     0     0     0     0     0     0     0     3    10    36    86   170   266   366   572  1489  7810 17415 14749  8476 13261  9053  8911  9504  6813
ch   72:      0     0     0     0     0     0     0     0     0     0     0     0     0     0     0     0     0     3    17    41   111   262   772  3684 12202  5461 10332  7056 14684  6532 13690  6180
ch   73:      0     0     0     0     0     0     0     0     0     0     0     0     0     0     1     7    31    79   175   272   395   644  1653  6266 14297 12777  7437  6563  9654 13791  4663 10764
ch   74:      0     0     0     0     0     0     0     0     0     0     0     0     0     0     0     0     0     3    12    42   109   269   797  3622  6663  9148  8200 14029 12247  6529 11085 13818
ch   75:      0     0     0     0     0     0     0     0     0     0     0     0     0     1     5    18    47   103   174   267   417   589  1396  5250 10622 11613  7480  9565 12616  5810  9456 10714
ch   76:      0     0     0     0     0     0     0     0     0     0     0     0     0     0     0     0     0     2    11    37   152   265   866  3642  3800 12976 13538 10243  8767  9854 12994 13013
ch   77:      0     0     0     0     0     0     0     0     0     0     0     0     0     0     5     9    31    94   161   264   382   620  1557  8265  4838 12213 12785 10955 10101 10023 16074  7979
ch   78:      0     0     0     0     0     0     0     0     0     0     0     0     0     0     0     0     1     5    15    42   122   266   810  4121 10668 15176  9062  8558  9031 11686 11110 15949
ch   79:      0     0     0     0     0     0     0     0     0     0     0     0     0     0     2    13    43    96   184   313   431   657  1733  8268 13547  6612  6834  6326 10877 15044  7032 11681
ch   80:      0     0     0     0     0     0     0     0     0     0     0     0     0     0     0     0     0     2    14    38   150   298  1006  3684 15044 11556 11695 10551  6820 12388  8849  8445
ch   81:      0     0     0     0     0     0     0     0     0     0     0     0     0     0     4     9    33    87   164   289   413   680  1925  6029  5882  4552  6180  7107  7920  8790 11503 13578
ch   82:      0     0     0     0     0     0     0     0     0     0     0     0     0     0     0     0     0     0     8    25   137   273   933  4162  8993  9597  9464  9085  6695  9551 11106 14699
ch   83:      0     0     0     0     0     0     0     0     0     0     0     0     0     1     4    11    41   103   203   335   473   676  1916  7845  2402  9152 12185  8081 13137 13077 10136 14449
ch   84:      0     0     0     0     0     0     0     0     0     0     0     0     0     0     0     0     0     2     8    44   132   391   997  3879 13394 15242 10830 14399 15051  8817 14990  8956
ch   85:      0     0     0     0     0     0     0     0     0     0     0     0     0     1     5    17    49   114   204   380   516   782  1607  8611  9052  3266 11317  5821 11732  9643  8237  8126
ch   86:      0     0     0     0     0     0     0     0     0     0     0     0     0     0     0     0     1     4    16    67   142   340   968  5601  7233 11137  9904 13685  8941 10203  9552 11275
ch   87:      0     0     0     0     0     0     0     0     0     0     0     0     0     0     7    20    52   129   241   373   572   796  2082  9398  7751  8575 12192  6868 11414 10975  8783  9330
ch   88:      0     0     0     0     0     0     0     0     0     0     0     0     0     0     0     0     3     6    19    50   159   334  1133  4759 15979 10784  7353 11537 10840 11198 12438 11781
ch   89:      0     0     0     0     0     0     0     0     0     0     0     0     0     2     3    12    37   101   206   328   514   788  1565  8345  9575 11064  5378  7946  8893  5630  5575 11686
ch   90:      0     0     0     0     0     0     0     0     0     0     0     0     0     0     0     0     1     5    14    48   142   344  1170  5845 13053  6654 11098  6850  5970  9683 12661  9808
ch   91:      0     0     0     0     0     0     0     0     0     0     0     0     0     0     5    13    46   116   244   377   535   737  1979  7809  4391 10477 10567  7211  6957 14349 12391 14407
ch   92:      0     0     0     0     0     0     0     0     0     0     0     0     0     0     0     0     1     9    19    61   135   365  1340  5121 15378 12040  9982  8985 13335  8134 11915  9775
ch   93:      0     0     0     0     0     0     0     0     0     0     0     0     0     0     0    14    46   109   213   327   447   686  1484  7056 14503  8786 12640  9285 14758 11523 11881 14711
ch   94:      0     0     0     0     0     0     0     0     0     0     0     0     0     0     0     0     0     3    22    60   145   355  1102  4634 12648 10767 10809 10566  9544 11433  5476  9560
ch   95:      0     0     0     0     0     0     0     0     0     0     0     0     0     1     2     8    48   111   226   359   506   711  1779  7497 17563 12926  7629  8005 16270  9905 11496 13880
ch   96:      0     0     0     0     0     0     0     0     0     0     0     0     0     0     0     0     0     2    11    43   168   335  1191  7298 16979 11857  7213 10441  8262  7717  9162 10270
ch   97:      0     0     0     0     0     0     0     0     0     0     0     0     0     1     6    21    48   121   219   382   513   766  1583  7199 15465 10088 13145  5143 15210  7980  7502  6098
ch   98:      0     0     0     0     0     0     0     0     0     0     0     0     0     0     0     0     2     7    15    50   154   325  1398  4231 12024  7112 11123 10161 10797  9239 10447  9658
ch   99:      0     0     0     0     0     0     0     0     0     0     0     0     0     3     6    15    39    94   224   360   473   823  1833  8726 11895 11298 11802  9539 10960  4243  6937 10886
ch  100:      0     0     0     0     0     0     0     0     0     0     0     0     0     0     0     0     0     2    11    48   139   332   993  5388 14194  9667 13421 10900 10593 10580 13233 10928
ch  101:      0     0     0     0     0     0     0     0     0     0     0     0     0     0     5    20    46   111   241   395   569   822  1865  8579  3459  8894 13663 11203  9711 12881 11051  5918
ch  102:      0     0     0     0     0     0     0     0     0     0     0     0     0     0     0     0     0     6    18    52   164   453  1149  6232  7063  6436 11322  6140 11232 10880  9329  8884
ch  103:      0     0     0     0     0     0     0     0     0     0     0     0     0     0     3    16    42   112   221   383   512   797  1789  6843  9043  7170  8348 11370 10296  9748  8716 11163
ch  104:      0     0     0     0     0     0     0     0     0     0     0     0     0     0     0     0     2     2    12    47   146   341   907  4048 15730  8815 10385  5725 13218  7063  6619  9263
ch  105:      0     0     0     0     0     0     0     0     0     0     0     0     0     0     3    14    42   114   216   364   537   783  1778  8689  1926 15226  6053  7996 11541 15346  7199  9756
ch  106:      0     0     0     0     0     0     0     0     0     0     0     0     0     0     0     0     0     6    18    44   172   411  1041  4990  8214  5371 11671 10105  9733 13079 10535  6951
ch  107:      0     0     0     0     0     0     0     0     0     0     0     0     0     1     5    17    43   112   240   372   546   795  1554  8035 14197 15547 12796 10610 11236  8525 11874 12378
ch  108:      0     0     0     0     0     0     0     0     0     0     0     0     0     0     0     0     1     4    13    49   179   369  1138  5976  2603 10730  9854  9240  7251 11636 12720  9169
ch  109:      0     0     0     0     0     0     0     0     0     0     0     0     0     0     5    19    54   138   231   367   557   814  1750  6957  8346 10476  8403  8599 11617  9408 13436 11206
ch  110:      0     0     0     0     0     0     0     0     0     0     0     0     0     0     0     0     0     1    13    55   116   360  1068  5439 13122  4769  9215 14854  8655  7554 12639 13878
ch  111:      0     0     0     0     0     0     0     0     0     0     0     0     0     0     5    18    51   122   243   397   580   838  1834  9543  2926  8290  8050 11214  7384 13107 10324  8570
ch  112:      0     0     0     0     0     0     0     0     0     0     0     0     0     0     0     0     1     3    17    44   177   411  1260  6326 12589 12332 11044 11719 11327  8218 10755  9273
ch  113:      0     0     0     0     0     0     0     0     0     0     0     0     0     0     1     6    35    99   224   390   580   823  1728  6381 15103 10438  6235 13941  7297  6761 12018 13708
ch  114:      0     0     0     0     0     0     0     0     0     0     0     0     0     0     0     0     0     3     8    47   145   396  1125  5430 15861 10357 11796 13676 11181 12468  7669 14049
ch  115:      0     0     0     0     0     0     0     0     0     0     0     0     0     1     3    10    46   144   261   401   586   799  1881  7194 11252  5869 10864  9648 14240  6629 10776 11181
ch  116:      0     0     0     0     0     0     0     0     0     0     0     0     0     0     0     0     0     2    15    52   146   388  1444  4695  9310 11826 10067 14610  7987 12654 11669  7345
ch  117:      0     0     0     0     0     0     0     0     0     0     0     0     0     0     0     8    50   127   225   389   568   832  1691  8096 11723  8699 10612 12530  7473 13706 14264 11741
ch  118:      0     0     0     0     0     0     0     0     0     0     0     0     0     0     0     1     1     3    11    55   197   409  1313  5987  4604 10317 10135  8887  5751 10095 13855  9302
ch  119:      0     0     0     0     0     0     0     0     0     0     0     0     0     1     7    17    60   130   246   399   613   850  1818  8291 12265  8667  8093  8144 13401 12017  7942  6204
ch  120:      0     0     0     0     0     0     0     0     0     0     0     0     0     0     0     0     0     4    15    55   142   397  1221  4588 18525  6305 11267  8585  6535  8106  7550  6299
ch  121:      0     0     0     0     0     0     0     0     0     0     0     0     0     0     0    15    37   117   221   366   552   816  1798  6589  4388 11189  5991  9473 12878 13514 15242  7609
ch  122:      0     0     0     0     0     0     0     0     0     0     0     0     0     0     0     0     0     2     8    40   126   410  1102  6751 13376 10417  9185  9679 12099  6134 10429 13129
ch  123:      0     0     0     0     0     0     0     0     0     0     0     0     0     3     6    13    50   121   275   431   586   836  1644  6678  7134 11913 10237 11066 15029  8659 10002  7336
ch  124:      0     0     0     0     0     0     0     0     0     0     0     0     0     0     0     0     0     2    12    61   192   556  1477  5902  4020  9397 10451 14657  7423  9503  9474  9884
ch  125:      0     0     0     0     0     0     0     0     0     0     0     0     0     0     1    10    65   129   273   405   616   875  2231  9192 17897  9759 11800  9026  6523  9932 11323  7688
ch  126:      0     0     0     0     0     0     0     0     0     0     0     0     0     0     0     0     2     5    19    56   151   428  1204  5854 17703  9536  8288  9973  8385  9734 12096 12395
ch  127:      0     0     0     0     0     0     0     0     0     0     0     0     0     0     4    23    66   157   296   467   682  1132  3226 14383  3890 12947  9735 15602  9455 16185  9111 13248
