ch    0:      0     0     0     0     0     0     0     0     0     0     0     0     0     0     0     0     0     0     0     0     0     0     0    10    97  1127  6497 12221 14250 11946 10811  2297
ch    1:      0     0     0     0     0     0     0     0     0     0     0     0     0     0     0     1     0     1     1     2     4    10    24    79   332  2292 14657 10376  7354  5281 11337  2214
ch    2:      0     0     0     0     0     0     0     0     0     0     0     0     0     0     0     0     0     0     0     0     0     0     9    55   398  3164 10255  9792  9179  7265 10378  5028
ch    3:      0     0     0     0     0     0     0     0     0     0     0     0     0     0     0     1     3     5    12    14    34    47    81   216  1030  6694 13200 15220 14810  8759 10015  2787
ch    4:      0     0     0     0     0     0     0     0     0     0     0     0     0     0     0     0     0     0     2     3     8    18    37   111   801  5223 10309 13453 11431 10931 14577 14050
ch    5:      0     0     0     0     0     0     0     0     0     0     0     0     2     2     3     7    11    22    30    38    56    68   100   271  1230  8199  9300 12101 10438 13145  5750  4872
ch    6:      0     0     0     0     0     0     0     0     0     0     0     0     0     0     0     0     0     2     5    11    21    40    59   183  1038  6296  9940  6693 10151  9446 10942 12022
ch    7:      0     0     0     0     0     0     0     0     0     0     0     0     0     2     5    16    23    25    39    44    57    85   150   375  2113 11776 12494 11578 10106  7158  7278 11134
ch    8:      0     0     0     0     0     0     0     0     0     0     0     0     0     0     0     0     1     4     8    23    40    57    92   242  1387  8702 11386 11126 16577 15410 12314  3391
ch    9:      0     0     0     0     0     0     0     0     0     0     0     3     5     8    13    19    31    37    46    55    70   101   175   534  2243 17437  8884  9569 11507 10354  9600  5671
ch   10:      0     0     0     0     0     0     0     0     0     0     0     0     0     0     0     0     0     6     7    20    42    71   114   341  1528  9845  9831  9438 10743 10311  9127  9180
ch   11:      0     0     0     0     0     0     0     0     0     0     0     2     5    12    19    31    40    45    49    70    86   118   217   696  2679 14012  5450 12761 13444  7809 11268  6544
ch   12:      0     0     0     0     0     0     0     0     0     0     0     0     0     0     0     0     4     9    21    37    57    77   140   365  2242 12615  7108 11095 14888  6735  4359  7711
ch   13:      0     0     0     0     0     0     0     0     0     1     1     4     7    12    24    37    42    51    59    78    98   145   246   654  3453 17694 11854  9185 10138 10432  8464  6925
ch   14:      0     0     0     0     0     0     0     0     0     0     0     0     0     0     0     1     3    13    21    44    60    93   145   492  3086 15113 11332 14722  7941 13071  8376 11042
ch   15:      0     0     0     0     0     0     0     0     0     0     1     1     3     8    21    33    52    75    74    80   128   170   301   917  4263  5258  9022 11482 13804 16390  6046 13702
ch   16:      0     0     0     0     0     0     0     0     0     0     0     0     0     0     0     0     2     8    20    39    69   115   181   533  3222 17849  9371 12945  3744 12050  9129  3989
ch   17:      0     0     0     0     0     0     0     0     0     0     0     1     5    10    18    35    45    64    82    84   107   154   287   889  4552  9818  4288 17861  9167  8069 10566  9214
ch   18:      0     0     0     0     0     0     0     0     0     0     0     0     0     0     1     1     4    12    23    42    78   118   180   701  4209  5383 10044 14498  5024  9470  9730 10254
ch   19:      0     0     0     0     0     0     0     0     0     0     0     1     2    13    23    37    52    71    88    96   120   179   372   921  6044 15561 10752 10680 12702  9761 12008  8958
ch   20:      0     0     0     0     0     0     0     0     0     0     0     0     0     0     0     0     1     6    19    43    87   128   223   834  4550  6120  8102 10426 10233  7139  8767  9680
ch   21:      0     0     0     0     0     0     0     0     0     0     0     2     6    11    26    44    54    76    95   112   149   226   389  1439  7477 17057 10489  9422 13494 12895  8860 10804
ch   22:      0     0     0     0     0     0     0     0     0     0     0     0     0     1     1     1     4    11    25    57    90   141   256   910  4560  8303 12434  9857 13321 12744 10893  6747
ch   23:      0     0     0     0     0     0     0     0     0     0     0     0     4     9    26    43    66    81    93   108   150   234   432  1256  8992  7165  9038 10943 14379 12568 12223  9021
ch   24:      0     0     0     0     0     0     0     0     0     0     0     0     0     0     0     1     1     6    25    51    91   147   290  1080  4996 15295  8741  9653 12447  9753 13624  9043
ch   25:      0     0     0     0     0     0     0     0     0     0     0     0     3    14    30    40    68    87   105   122   146   246   395  1908  9506  9457 12602 10806  5425  7925 12797 17131
ch   26:      0     0     0     0     0     0     0     0     0     0     0     0     0     0     0     0     2    10    20    46    86   138   309  1167  7072 12150 13564  8382  9870  8409  9436 15659
ch   27:      0     0     0     0     0     0     0     0     0     0     0     1     2     9    18    34    68    92   104   130   168   248   513  1873 11317 11794 10974  9656  6383  8976 10989  3390
ch   28:      0     0     0     0     0     0     0     0     0     0     0     0     0     0     0     0     3     9    25    55    88   146   291  1100  6027 14964 11729 10388 13566 10101  5939  4923
ch   29:      0     0     0     0     0     0     0     0     0     0     0     1     2     9    26    45    74    95   114   143   179   260   563  2122 10282 14619 10628 11072  7567  8496 10177 14891
ch   30:      0     0     0     0     0     0     0     0     0     0     0     0     0     0     0     0     2     9    24    50    81   156   272  1007  5241  4947  7122 11550  9879  7528 11940  9145
ch   31:      0     0     0     0     0     0     0     0     0     0     0     0     1     2    17    40    66    96   124   161   201   278   657  1898 13875  7376 10430 10406  9935 10146 11364  9362
ch   32:      0     0     0     0     0     0     0     0     0     0     0     0     0     0     0     0     0    12    27    50   106   168   372  1604  8854  7259 12124 12727  6192 11791  5516 11904
ch   33:      0     0     0     0     0     0     0     0     0     0     0     0     0     6    18    42    65   103   139   162   214   304   592  2244 12779  9910  6237  8789  8254  8630  9279  4511
ch   34:      0     0     0     0     0     0     0     0     0     0     0     0     0     0     0     1     3    11    33    55   105   204   391  1633 11076 15703  7452  9964  4909 14081 10699  8713
ch   35:      0     0     0     0     0     0     0     0     0     0     0     1     4    10    16    36    59   111   134   175   231   325   643  2392 17357 10939 13735  9640  9362  7869 13885 11247
ch   36:      0     0     0     0     0     0     0     0     0     0     0     0     0     0     0     0     1    11    29    51    99   171   396  1763 10802 14393  9946 12487 13126 13967 10991 14616
ch   37:      0     0     0     0     0     0     0     0     0     0     0     2     4     7    20    33    63   101   143   177   219   320   699  3011 15985  4843 12746 10502  9033  9622 10974 10344
ch   38:      0     0     0     0     0     0     0     0     0     0     0     0     0     0     0     0     1     9    19    47    96   199   485  2182 12031 10201  6789  8944 11570 11084  9463 12468
ch   39:      0     0     0     0     0     0     0     0     0     0     0     0     2     3    11    23    59   110   150   189   239   356   689  3744  8162  7676 12129  8421  4541  6436  6385 13184
ch   40:      0     0     0     0     0     0     0     0     0     0     0     0     0     0     0     0     0    10    19    56    98   210   435  2572 14800  9105 12568  9336 10000 11561 10524 11107
ch   41:      0     0     0     0     0     0     0     0     0     0     0     1     2     6    11    33    58   113   159   194   249   354   905  3722  4952  8597 12639 11105 10685  9376 11024 12443
ch   42:      0     0     0     0     0     0     0     0     0     0     0     0     0     0     0     0     3     6    23    59   115   207   450  2616 15651 15556 10538  9253  8002  8687  5481 13000
ch   43:      0     0     0     0     0     0     0     0     0     0     0     0     0     3    14    32    66   114   166   205   268   428   887  4498  4753 11050  5459 10233  8610 15058 13317 13964
ch   44:      0     0     0     0     0     0     0     0     0     0     0     0     0     0     0     0     3     9    27    61   117   229   642  2013  9608  6565 10649  9573 12504 10622 15443 14004
ch   45:      0     0     0     0     0     0     0     0     0     0     0     0     3     6    17    44    70   114   175   219   279   420   932  4711  8002  7863 13370 12087  6668  7548  8443  6564
ch   46:      0     0     0     0     0     0     0     0     0     0     0     0     0     0     0     0     1     6    26    68   128   240   499  2628 17788 10928 11180 17288  9310  9364 12332 10878
ch   47:      0     0     0     0     0     0     0     0     0     0     0     0     0     4    13    33    57   133   166   210   320   419  1066  4518  6281 11817  9133  9757 11884 13841 10653 11986
ch   48:      0     0     0     0     0     0     0     0     0     0     0     0     0     0     0     1     2     4    20    58   122   252   592  2634 17317 14113  9048 13940 10202 13487 11687  7639
ch   49:      0     0     0     0     0     0     0     0     0     0     0     0     0     4    10    24    51   116   165   229   311   456  1092  4456  8411 12507 13232 11080 11946 12389  7585 11914
ch   50:      0     0     0     0     0     0     0     0     0     0     0     0     0     0     1     1     2     8    25    58   138   247   664  3108  3047  9473 10723 12390  7116 13285 12016  9008
ch   51:      0     0     0     0     0     0     0     0     0     0     0     0     0     6    20    41    73   112   181   240   348   556  1377  6218 14466  9080  9208 13282  8276 10125 12198 15487
ch   52:      0     0     0     0     0     0     0     0     0     0     0     0     0     0     0     2     3    11    23    57   137   227   700  2768 12239 14464 12034 13739  9816 11077  8570  5933
ch   53:      0     0     0     0     0     0     0     0     0     0     0     0     1     3    18    32    58   108   165   236   343   485  1160  5065  6991 11626 12368 13797 10051 10940 16611  8975
ch   54:      0     0     0     0     0     0     0     0     0     0     0     0     0     0     0     0     3     8    15    57   145   275   820  3733 18818 11798 11528  9673 10019 16161  8382 10003
ch   55:      0     0     0     0     0     0     0     0     0     0     1     1     2     4    11    23    60   114   170   240   332   565  1429  6992 15604  9699  9212 12945 14459  9836  8283 11978
ch   56:      0     0     0     0     0     0     0     0     0     0     0     0     0     0     0     0     1    10    25    59   130   280   862  4180 18631  4484 10121 11982 10679 11487 11988 12555
ch   57:      0     0     0     0     0     0     0     0     0     0     0     1     2     4     8    27    65   109   189   251   368   585  1292  5834 16530 12851  9812  8942  7816  8877 12313 10209
ch   58:      0     0     0     0     0     0     0     0     0     0     0     0     0     0     0     0     0     4    24    54   155   306   851  5412  6131  8848  6775 14506  9628 13242 11706 10991
ch   59:      0     0     0     0     0     0     0     0     0     0     0     0     1     3    17    30    66   133   206   271   345   560  1553  7152 16869 14208  5545  9976 14835 12575 15068 13741
ch   60:      0     0     0     0     0     0     0     0     0     0     0     0     0     0     0     0     3     8    26    72   150   291   959  4596  8821 11164  9093 10187  8625  7693  9809 11500
ch   61:      0     0     0     0     0     0     0     0     0     0     0     0     0     2     6    29    69   135   187   267   338   523  1611  7051 15188  8386  7127 16709  7421 13773  8956 12456
ch   62:      0     0     0     0     0     0     0     0     0     0     0     0     0     0     1     1     4    12    29    80   151   340   857  4319 14576 11557  6901  9517  7892 10905  8539  7575
ch   63:      0     0     0     0     0     0     0     0     0     0     0     0     0     5    10    22    60   109   170   227   353   639  1793  7774 17538 10678 10257  8782 12707 15056  8847 11185
ch   64:      0     0     0     0     0     0     0     0     0     0     0     0     0     0     0     0     2     6    22    75   129   298  1016  4585  8871  8559 11706  7622 12451 11877 12631 12277
ch   65:      0     0     0     0     0     0     0     0     0     0     0     0     1     1     6    31    50   107   161   265   376   636  1570  6622  6670  8352 11221 10180  9018 10943 13366 14104
ch   66:      0     0     0     0     0     0     0     0     0     0     0     0     0     0     0     0     0     3    25    57   130   296   680  4384  1575  9040 14026 13808 10154 17811 11936  9745
ch   67:      0     0     0     0     0     0     0     0     0     0     0     0     1     3    11    25    65   122   187   271   419   665  1945  7893  8320 11517  8330  7807 10814  8822  9635  7403
ch   68:      0     0     0     0     0     0     0     0     0     0     0     0     0     0     0     0     3     8    25    67   143   324   992  3646 13261  8509 12670  6315  8164 15369 10091 10312
ch   69:      0     0     0     0     0     0     0     0     0     0     0     0     1     2    12    25    72   124   193   277   406   580  1502  8470  8349 11464 11337 12946 11764 12100  8255 14172
ch   70:      0     0     0     0     0     0     0     0     0     0     0     0     0     0     0     0     3     9    28    52   140   319   906  5211  4227  9736  7869  6768 13331  6052 12719  5640
ch   71:      0     0     0     0     0     0     0     0     0     0     0     0     0     1    10    25    56   111   182   298   423   690  2004  7148  9592 12235  9416 10827 12457  9092 10833 12597
ch   72:      0     0     0     0     0     0     0     0     0     0     0     0     0     0     0     0     2     9    29    71   167   392  1303  5007 10590 10461 11315 10953  6743 15345 10551  9648
ch   73:      0     0     0     0     0     0     0     0     0     0     0     1     1     4     7    30    73   141   211   296   433   682  2133  8889  3860 13072  6241 13380 10700 11483 12442  8604
ch   74:      0     0     0     0     0     0     0     0     0     0     0     0     0     0     0     1     1     6    22    56   146   346  1287  6007  8574  6801  8313 10933 10605 12644  5682  7682
ch   75:      0     0     0     0     0     0     0     0     0     0     0     0     0     2    12    22    70   130   200   303   449   739  2281 11717 17843  9401  7472  9444 11258  6913  9958 12925
ch   76:      0     0     0     0     0     0     0     0     0     0     0     0     0     0     0     0     1     6    22    62   173   363  1276  5253 17985 10478  4697  9166  7107 11416 10169  9661
ch   77:      0     0     0     0     0     0     0     0     0     0     0     0     0     2     6    15    49   117   194   310   406   648  1688  7038  8969 11501  8532 10558  5041 11697  8227  7275
ch   78:      0     0     0     0     0     0     0     0     0     0     0     0     0     0     0     0     0     7    31    60   139   332  1284  5961 12360 13335 13243  6334 12314  7138  7429  9864
ch   79:      0     0     0     0     0     0     0     0     0     0     0     0     0     0     8    24    53   102   213   304   450   620  1733 10259 13492  8016 10967 10661 10604  8767 10842  7879
ch   80:      0     0     0     0     0     0     0     0     0     0     0     0     0     0     0     0     1     5    18    63   133   353  1493  4829  7941  9040  9654 11428  9668 10983 14134  7766
ch   81:      0     0     0     0     0     0     0     0     0     0     0     0     0     1     9    22    70   139   226   310   455   681  1998 11478 13994  8382 12162  9029  7768 11474 11905  8778
ch   82:      0     0     0     0     0     0     0     0     0     0     0     0     0     0     0     0     2     6    24    63   161   373   992  7106 14904 10962  8367  7335  9636 13134  8714 13449
ch   83:      0     0     0     0     0     0     0     0     0     0     0     0     1     5     8    28    56   130   215   321   473   762  1875 10396 12603  9348  8796 10824 14506  9635 11085  6490
ch   84:      0     0     0     0     0     0     0     0     0     0     0     0     0     0     0     0     2     7    23    81   180   342  1358  6010  9354  9914 13298 10257  7147  9015 12265 11384
ch   85:      0     0     0     0     0     0     0     0     0     0     0     0     0     2     7    26    58   121   203   332   474   743  1744 11064 17141  7716  8332  8644  7301  5618 11430 12400
ch   86:      0     0     0     0     0     0     0     0     0     0     0     0     0     0     0     0     1    12    25    74   172   429  1309  7017 16278 11580 17282  9406 10951 14682  8508  8523
ch   87:      0     0     0     0     0     0     0     0     0     0     0     1     1     1     5    25    65   136   222   308   470   735  2071 11077  3073 11090  9248 11223  8571  8654 13537  8130
ch   88:      0     0     0     0     0     0     0     0     0     0     0     0     0     0     0     0     1     4    22    71   152   327  1212  5270 18452  8801 15824  7561 11541 12442  9954 11574
ch   89:      0     0     0     0     0     0     0     0     0     0     0     0     0     1     3    23    55   135   229   322   502   823  2300 11692 13401  8436  7831 13956  6496 10316  6199  8885
ch   90:      0     0     0     0     0     0     0     0     0     0     0     0     0     0     0     0     1     6    28    78   178   411  1056  8164  1960 10133  6764  6448 12396  7609  7631 11832
ch   91:      0     0     0     0     0     0     0     0     0     0     0     0     2     5     9    24    57   119   236   321   510   826  2202 11087 13168  8880  7593  9714 11421 12160  4749 10519
ch   92:      0     0     0     0     0     0     0     0     0     0     0     0     0     0     0     1     2     7    25    64   171   363  1136  6972  5692  9409  8108 12337  6978  9420  9205  8789
ch   93:      0     0     0     0     0     0     0     0     0     0     0     0     0     2     5    20    48   119   209   337   487   858  1783 11952  5325  9211 13007 13745  4329 10682 12915  9943
ch   94:      0     0     0     0     0     0     0     0     0     0     0     0     0     0     0     0     0     1    15    52   166   337   923  4548 17056 11370  9885 11971  8420  8054 12255  7535
ch   95:      0     0     0     0     0     0     0     0     0     0     0     0     0     4    10    18    46    86   197   343   517   794  2126  8885  6455 11669  9274 11821  7669  9975  9502  5856
ch   96:      0     0     0     0     0     0     0     0     0     0     0     0     0     0     0     0     0     4    18    58   174   421  1878  8928 18661 12667 13862 11778 11365  9587  9608 11400
ch   97:      0     0     0     0     0     0     0     0     0     0     0     0     0     1     5    17    53   120   198   308   526   782  1948  8512 15254  9821  8445 12500  9014 10623 12227 11486
ch   98:      0     0     0     0     0     0     0     0     0     0     0     0     0     0     0     0     0     8    26    68   155   428  1069  6357 11599 10981 14264 11350 14069 10088  9373  5496
ch   99:      0     0     0     0     0     0     0     0     0     0     0     2     0     2     5    14    59   138   225   358   570   900  2323  9420 11743 10257  9003  7290  6210 10239 12390  8424
ch  100:      0     0     0     0     0     0     0     0     0     0     0     0     0     0     0     0     1     7    30    72   169   448  1709  9696 18461 11135  8837  9888  4166 10395  8534  6918
ch  101:      0     0     0     0     0     0     0     0     0     0     0     0     0     0     8    17    40    98   200   347   550   819  2087  9838 16100  6945 10376  6701 13409  9897  7114  8440
ch  102:      0     0     0     0     0     0     0     0     0     0     0     0     0     0     0     1     1     4    23    77   150   400  1537  7195 13349  8139 15502 10308 12970  3059  7955  5788
ch  103:      0     0     0     0     0     0     0     0     0     0     0     0     0     3     7    20    38   104   209   349   563   865  2636  9784  8020 14678 10589 10868 12082 15027  7867 13260
ch  104:      0     0     0     0     0     0     0     0     0     0     0     0     0     0     0     0     2     6    16    64   198   405  1400  7239 17208 13141 12393 12154 13188  5670 10169  7853
ch  105:      0     0     0     0     0     0     0     0     0     0     0     0     0     0     2    16    44   128   210   351   592   782  2171 12462  6038 10904 10774  8115 11749 10596 12509 11157
ch  106:      0     0     0     0     0     0     0     0     0     0     0     0     0     0     0     0     2     5    22    70   189   399  1274  6478 18618 11198 10297 10255 14185  9151 10305 11555
ch  107:      0     0     0     0     0     0     0     0     0     0     0     0     0     1     3    12    45   126   216   341   571   947  2463 13103  5400 10377 11200  9306  8803 10488 12854 11883
ch  108:      0     0     0     0     0     0     0     0     0     0     0     0     0     0     0     0     0     2    19    56   156   481  1363  8534 11742 11507  9941 11061  6583 13150 11526 15175
ch  109:      0     0     0     0     0     0     0     0     0     0     0     0     1     1     4    23    46   110   196   334   570   820  1820  8398  9756  6749  9621 13322  9389 15678 13623  5581
ch  110:      0     0     0     0     0     0     0     0     0     0     0     0     0     0     0     1     2     4    18    54   153   455  1343  6987 12426 12743  9291 11102  9222  6755 11736  7012
ch  111:      0     0     0     0     0     0     0     0     0     0     0     0     0     2     4    12    33   101   235   379   576   990  2310 12687 10028  8515  4421 10656 10931 11582  9383 11675
ch  112:      0     0     0     0     0     0     0     0     0     0     0     0     0     0     0     0     1     6    20    64   175   443  1499  7069  9759 15984  6823 10190  5319  5873 10199 13080
ch  113:      0     0     0     0     0     0     0     0     0     0     0     0     0     0     4    14    44   108   226   369   549   895  2815 12368 12983 11662 10172 10651 13163  8669 13319 13050
ch  114:      0     0     0     0     0     0     0     0     0     0     0     0     0     0     0     0     2    10    24    60   151   413  1429  7406  3008  6836  9618 10858  7369 11616  6417  9941
ch  115:      0     0     0     0     0     0     0     0     0     0     0     0     0     2     4    13    32   109   234   369   567   839  2167 10503  4207 10574 11935  9929  9328 11931 13080 11809
ch  116:      0     0     0     0     0     0     0     0     0     0     0     0     0     0     0     0     1     4    16    71   160   432  1309  5931  5380 13307 10677 11103 11949 10334 13641  8622
ch  117:      0     0     0     0     0     0     0     0     0     0     0     0     0     2     3    12    42   110   231   357   563   990  2008 11181 16590  8055 11109 13190 11442 10250 12467 12814
ch  118:      0     0     0     0     0     0     0     0     0     0     0     0     0     0     0     0     2     7    16    48   134   350  1179  6473 14579  9374 12968 10108 10644 11539 11250  8989
ch  119:      0     0     0     0     0     0     0     0     0     0     0     0     0     2     4    13    39   110   181   357   611   892  2477 10526  6744 10297 10601  8604  5862  5243 12438 14326
ch  120:      0     0     0     0     0     0     0     0     0     0     0     0     0     0     0     0     0     3    22    56   166   409  1270  5740 15606 10473 11763 15290 11200 13599 12835 16014
ch  121:      0     0     0     0     0     0     0     0     0     0     0     0     0     2     4    14    54   115   254   403   614   951  2446 10690  4886 10779  8728 10767 12787 11715  9741 11987
ch  122:      0     0     0     0     0     0     0     0     0     0     0     0     0     0     0     0     1     6    22    54   200   448  1334  7730 16938  7375 10095 14148 12083 12158 10218 13409
ch  123:      0     0     0     0     0     0     0     0     0     0     0     0     0     1     4    11    41   134   255   408   641   956  2991  9459 14710  7658  4451  6454  9226  6626 12279  9645
ch  124:      0     0     0     0     0     0     0     0     0     0     0     0     0     0     0     0     0    10    35    80   199   525  1628  9133 15327 14746  9015  5238 13242  8207  3797  9470
ch  125:      0     0     0     0     0     0     0     0     0     0     0     1     1     3    14    33    81   181   298   447   641  1264  3650 15692 15989 10381  7940 12886  8635  6478 11546 11973
ch  126:      0     0     0     0     0     0     0     0     0     0     0     0     0     0     0     1     3    15    40   108   255   621  2080 10589 13945 10149 12608 10156  6399  6217 12060  9275
ch  127:      0     0     0     0     0     0     0     0     0     0     0     0     1     3    14    44   101   180   324   513   967  2609  8181 17805  8701 10898 13505 10010 13106 10106  7836 12131
