# ID XA-000-08-002-000-004-075-13
# Tag _trim_
# Date 240429_14:11:38
# Vref_p 56
# Vref_n 18
# Thr2_glb 44
# Vref_t 118
# Vref_t_range 1
# Pol 1
# ADC range 30-247
# FAST disc 30
ch:   0  118  136  131  116  124  119  123  120  120  119  116  116  121  125  117  116  119  113  107  108  120  117  121  119  104  118  111  121  118  125  127   30
ch:   1  106  115  118  120  121  118  117  109  117  121  122  115  125  106  118   -1  106  106  108  115  117  108  120  104  110  119   -1  120  123  130  134   15
ch:   2  123  120  131  111  123  118  119  115  115  117  107  107  114  111  113  109  115  108  109  103  115  115  105  110  103  110  120  111  118  131  118   25
ch:   3  114  122  113  124  114  115  125  120  121  115  120  109  116  121  123  114  112  119  120  106  119  110  119  104  109  118  122  123  106  122  124   20
ch:   4  121  115  122  122  120  107  115  123  116  105  122  110  115  118  106  104  105  104  115  109  103  104  114  118  100  109  105  118  110  114  120   32
ch:   5  122  122  116  120  118  119  118  116  107  117  120  108  100   99  120  108  109  108  100  106  111  104  102  122  101  106  108  116  121  119  120   23
ch:   6  119  118  125  134  125  116  126  121  117  119  119  103  125  118  114  115  115  106  117  114   99  110  115  113  110  116  112  110  115  123  125   41
ch:   7  130  118  124  123  117  122  102  106  114  113  117  110  107  115  110  122  102  101  109  107  101  105  107  115  111  116  117  116  115  125  120   22
ch:   8  132  123  122  120  107  136  127  124  119  115  123  118  101  120  108  103   99  108  102  108  121  114  106  114  103  108  113  110  110  116  130   40
ch:   9  123  114  137  120  120  120  115  116  113  120  118  106  116  114  109  101  113  111  108  115   94  103  110  115  114  107  115  120  119  117  115   20
ch:  10  111  123  121  120  120  120  109  111  108  119  117  115  119  108  109  115  101  115  107  114  100  105  110   -1  113  114  126  115  119  107  123   35
ch:  11  121  121  131  118  121  109  118  113  114  108  104  119  105  118  113  104  118  111  105  119  101  110  108  102  113  120  101  121  119  120  125   24
ch:  12  118  120  131  117  118  118  117  122  120  113  118  113  117  107  113  116  118  114  105  115  121  109  109  109  108  121  118  109  116  124  110   49
ch:  13  121  129  116  125  121  119  106  117  115  109  110  119  106  110  117  111  105  106  107  108  113  112  104  106  125  118  102  119  119  116  118   22
ch:  14  123  118  115  120  125  115  110  119  111  108  107  114  115  110  104  111  105  109  114  108  117  109  120  103  102  107  110  116  122  110  120   39
ch:  15  118  125  135  121  118  119  125  110  116  117  120  133  107  116  115  118  114  116  105  115  108  109  110  113  118  123  104  121  122  119  121   25
ch:  16  118  133  122  117  126  107  119  116  113  104  120  109  101  109  120  106  117  116  115  118  110  114  102  112  107  103  124  106  108  123  119   39
ch:  17  119  113  120  111  123  126  123  107  119  120  119  108  110  116  116  111  106  114  118  115  108  109  117  116  109  121  118  114  120  117  108   24
ch:  18  121  118  121  111  118  102  126  120  109  115  105  120  105  116  115  108  116  102  121  114  111  115  118  114  109  118  115  125  111  120  124   38
ch:  19  119  123  119  115  120  123  117  118  103  115  108  108  102  117  119  118  116  123  116  116  118  121  119  110  123  107  123  115  129  121  126   21
ch:  20  123  121  124  125  132  109  121  123  120  114  122  119  117  117  124  110  120  115  109  118  113  113  113  117  112  120  117  105  127  120  112   25
ch:  21  130  134  123  120  121  114  118  121  116  115  117  117  119  122  117  106  110  118  115  114  115  114  114  130  115  116  119  122  117  118  120   27
ch:  22  134  123  121  121   -1  118  118  118  123  115  125  116  110  116  120  106  107  106  121  106  124  114  100  106  118  108  118  124  127  121  134   25
ch:  23  131  131  131  117  122  121  111  118  116  108  116  116  124  109  118  135  120  118  114  113  114  127  116  111  111  115  104  122  119  123  119   29
ch:  24  132  121  124  122  119  124  109  121  108  125  117  118  115  110  123  117  104  107  108  109  108  116  106  119  124  120  116  116  110  124  120   30
ch:  25  132  135  118  124  108  119  112  115  114  122  108  118  114  116  107  106  103  113  114  111  117  107  118  106  115  117  109  119  120  125  123   30
ch:  26  118  136  116  122  118  118  124  121  106  121  118  113  111  116  115  118  120  117  115  121  113  111  107  120  104  123  119  117  107  108  115   20
ch:  27  115  119  124  123  117  117  126  123  124  117  122  109  117  116  116  131  100  122  114  116  119  122  121  117  122  114  119  123  123  122  123   24
ch:  28  117  118  122  125  122  118  117  121  115  115  122  114  111  109  107  105  120  116  121  118  118  119  119  108  116  103  114  118  123  124  122   24
ch:  29  120  118  114  134  121  119  108  117  123  121  132  115  106  108  125  119  108  110  117  118  115  110   -1  117  123  123  123  121  118  123  119   28
ch:  30  134  121  132  122  117  119  111  117  125  134  119  116  118  114  125  116  117  122  111  121  114   -1  105  102  111  117  121  124  115  122  123   25
ch:  31  125  118  126  115  123  122  110  123  119  130  119  114  106  120  119  117  119  120  117  115  121  117  107  101  119  114  116  111  116  124  130   21
ch:  32  117  117  130  119  122  121  118  123  113  117  115  121  114  108  111  109  106  116  119  117  105  132  111  124  118  116  119  129  135  119  133   26
ch:  33  132  122  126  115  124  122  121  122  117  110  122  117  108  119  108  110  123  103  115  112  117  105  115  121  108  115  108  117  125  122  110   33
ch:  34  119  118  130  113  124  117  123  114  124  118  105  109  119  121  105  119  112  121  110  118  106  115  117  119  108  101  115  115  131  115  107   22
ch:  35  123  122  121  123  121  120  117  107  124  125  135  117  110  122  118  132  119  109  105  112  108  117  116  113  116  118  118  122  121  120  122   27
ch:  36  119  124  132  119  125  120  124  121  109  120  119  118  116  107  110  108  109  108  121  116  116  116  123  105  119  122  134  116  131  115  135   26
ch:  37  130  120  109  135  130  116  118  109  108  120  115  111  121  120  119  116  106  103  114  115  108  101  117  120  121  115  117  120  117  118  116   15
ch:  38  118  123  126  121  125  123  123  116  116  112  115  119  115  115  118  115  116  119  116  106  104  107  117  116  110  116  122  119  123  124  123   24
ch:  39  123  119  124  123  117  124  116  121  118  117  117  122  123  120  117  118  105  116  117  109  108  118  114  104  120  119  117  110  127  119  121   26
ch:  40  124  118  119  124  130  133  126  118  108  120  117  122  115  121  111  115  133  118  123  110  117  123  108  122  118  122  129  118  119  119  133   32
ch:  41  126  119  123  120  133  121  109  120  115  108  120  124  123  107  116  110  125  129  115  126  116  111  118  120  120  114  109  115  126  125  123   22
ch:  42  137  119  117  114  124  112  121  121  107  124  114  118  120  125  116  116  114  104  119  116  108  104  115  118  110  116  122  112  125  117  127   21
ch:  43  117  116  122  119  121  111  123  121  125  108  113  110  115  119  117  129  120  114  119  117  109  118  112  115  110  120  121  118  118  111  119   30
ch:  44  118  117  130  126  106  118  117  119  110  120  119  117  121  122  116  116  124  107  124  115  119  125  131  129  117  110  120  113  120  123  130   25
ch:  45  122  127  121  132  121  121  121  119  119  117  117  119  111  122  123  116  121  120  108  115  116  109  122  121  114  112  119  123  132  131  125   22
ch:  46  117  121  120  119  117  116  119  106  117  119  118  107  122  125  114  121  113  107  108  118  119  108  123  118  107  117  118  116  119  115  119   27
ch:  47  121  121  126  117  125  120  126  131  119  120  114  117  111  121  111  116  125  108  107  118  117  106  114  123  126  119  124  115  133  133  124   29
ch:  48  122  110  121  118  122  115  131  122  120  110  121  124  125  121  125  117  107  117  116  106  118  119  101  103  125  122  119  123  122  130  122   21
ch:  49  125  125  121  117  121  134  117  114  123  118  116  109  116  124  115  113  113  119  113  106  120  117  117  118  104  114  123  110  123  122  135   25
ch:  50  119  125  123  123  125  116  121  124  127  121  123  129  123  107  122  117  119  114  120  109  120  106  120  118  110  120  122  120  124  123  120   27
ch:  51  126  123  133  123  129  117  118  118  125  118  108  120  123  114  113  106  117  119  105  114  117  110  110  132  106  117  121  123  120  123  122   27
ch:  52  122  135  122  123  124  115  126  120  117  119  110  115  119  118  117  116  123  116  133  108  119  117  117  120  115  131  118  122  120  135  129   22
ch:  53  131  120  123  124  125  116  126  111  120  111  116  122  106  124  121  106  119  117  122  119  105  117  114  114  117  117  123  116  120  116  138   31
ch:  54  123  118  125  124  115  122  123  123  109  114  119  107  117  110  111  125  108  115  114  109  115  122  109  122  116  116  126  123  124  123  133   27
ch:  55  122  124  134  120  108  120  118  120  124  108  108  116  119  118  107  117  118  116  109  104  118  107  116  120  132  124  124  118  126  122  130   27
ch:  56  130  118  119  136  118  120  124  124  118  122  116  116  107  111  117  108  120  113  118  107  108  116  119  119  115  116  120  121  118  125  124   28
ch:  57  108  131  124  120  118  115  122  104  116  120  122  116  116  119  122  119  119  121  122  118  118  112  118  123  126  117  123  114  123  121  124   25
ch:  58  125  130  109  132  126  122  116  123  119  119  119  111  121  111  122  129  114  123  114  118  115  115  117  103  122  123  117  120  121  121  124   26
ch:  59  125  119  130  118  113  115  118  117  121  125  124  120  107  104  110  110  116  105  119  104  125  115  111  117  129  124  116  109  116  122  132   24
ch:  60  122  134  121  116  123  106  122  121  119  121  115  123  116  122  122  123  116  124  132  109  122  117  105  119  130  111  118  114  121  121  123   28
ch:  61  119  134  122  132  126  130  111  123  115  113  114  126  122  117  117  113  111  119  123  113  121  115  116  105  115  120  122  119  117  121  119   19
ch:  62  118  129  117  124  131  122  115  107  123  103  109  111  123  113  116  117  103  117  121  105  118  117  116  113  132  122  122  121  116  126  125   31
ch:  63  121  126  121  117  127  119  124  116  114  114  123  115  124  120  106  118  118  113  114  115  115  109  114  118  116  109  110  121  130  125  116   26
ch:  64  126  119  127  115  124  122  121  104  115  115  117  120  129  107  121  117  114  118  121  121  116  122  119  107  116  115  129  126  118  129  132   30
ch:  65  119  124  123  118  121  110  115  132  120  121  115  119  118  115  115  111  123  122  120  114   95  123  115  121  117  116  124  120  115  114  120   19
ch:  66  130  124  124  125  119  122  115  117  131  117  118  127  132  119  115  105  130  131  118  115  126  120  116  117  121  116  121  118  120  126  125   19
ch:  67  122  120  116  123  121  116  109  118  123  125  110  121  114  118  117  119  105  116  116  118  116  125  124  120  123  115  119  122  124  124  124   24
ch:  68  126  123  123  124  122  123  125  122  121  119  120  109  109  118  118  124  108  114  118  108  114  120  117  131  118  121  115  110  122  116  132   29
ch:  69  117  120  114  122  124  120  110  125  114  122  114  116  108  131  121  123  104  132  121  117  115  121  127  113  118  124  122  122  133  121  126   25
ch:  70  119  119  123  123  119  118  119  121  117  116  118  115  115  110  119  119  117  122  115  122  116  119  116  114  116  118  122  127  123  124  122   27
ch:  71  134  131  126  134  125  123  122  107  121  115  124  123  114  120  118  109  115  115  106  121  108  108  116  115  120  115  121  123  115  124  124   31
ch:  72  124  134  120  122  122  119  124  122  120  115  121  121  115  116  115  122  111  118  119  112  117  123  110  111  110  117  122  135  124  120  120   29
ch:  73  123  131  131  117  129  117  110  119  114  119  122  107  117  117  116  109  107  116  124  122  125  117  107  114  116  115  116  120  121  125  117   17
ch:  74  116  121  125  133  125  115  123  116  110  115  122  108  103  116  110  105  116  115  118  120  119  118  122  118  123  115  125  123  121  125  132   29
ch:  75  120  114  113  119  111  109  122  122  108  117  109  125  110  122  121  121  108  119  120  122  119  111  116  121  116  119  111  121  120  130  126   24
ch:  76  126  115  120  117  114  121  121  123  120  114  113  121  118  119  119  108  118  126  123  115  109  113  122  123  105  120  117  114  123  118  123   38
ch:  77  122  112  124  134  125  120  120  111  122  114  123  111  101  118  110  104  108  100  109  119  116  115  113  122  102   -1  114  114  120  111  124   28
ch:  78  119  131  141  111  113  118  118  121  102  111  121  123  118  116  118  108  117  117  118  115  111  118  114  118  115  121  108  102  107  137  118   36
ch:  79  118  116  122  121  109  110  121  115  121  120  103  120  116  115  122  108  113  114  131  116  110  105  103  106  120  115  109  121  122  125  126   23
ch:  80  116  129  126  118  118  126  132  116  130  105  121  122  122  114  101  120  117  129  120  105  124  114  127  125  118  117  105  125  124  124  120   33
ch:  81  129  131  125  123  110  119  125  108  121  115  121  120  117  108  126  111  117  118  126  121  105  114  109  118  115  115  124  134  111  123  124   33
ch:  82  122  119  121  123  116  114  121  121  110  108  109  104  110  120  123  123  124  115  118  109  120  118  125  120  111  110  129  117  120  122  133   20
ch:  83  120  123  126  111  115  116  110  109  123  117  123  110  115  116  120  119  116  115  107  117  113  115  115  116  118  119  121  116  123  132  117   18
ch:  84  130  120  118  125  119  123  114  117  114  121  123  119  123  124  110  117  126  106  118  115  117  109  118  114  125  125  118  120  110  123  132   29
ch:  85  116  118  119  122  124  118  116  120  123  123  113  111  118  116  115  117  119  105  110  118  107  131  123  109  126  123  108  119  117  123  109   18
ch:  86  119  122  121  122  125  118  131  116  118  117  116  115  120  121  121  108  114  114  123  121  118  106  116  117  121  122  119  117  126  130  132   33
ch:  87  123  130  132  105  123  108  122  118  117  117  102  120  121  124  131  119  118  106  117  114  110  119  109  120  121  110  126  122  127  130  119   25
ch:  88  133  123  132  126  121  119  119  108  106  121  126  131  125  120  116  110  128  106  118  121  116  108  115  121  122  117  122  121  125  117  122   23
ch:  89  138  123  123  107  109  117  107  119  108  120  122  117  120  120  129  115  116  109  115  120  108  118  116  116  116  117  120  118  119  123  126   20
ch:  90  124  132  120  121  122  119  122  110  122  133  117  106  121  129  120  120  120  106  109  114  114  117  119  117  110  119  115  110  119  122  135   33
ch:  91  133  117  122  120  126  118  132  114  119  111  119  120  108  121  105  122  117  116  108  107  119  115  120  122  117  103  123  116  120  122  132   22
ch:  92  132  125  115  120  119  122  130  119  108  116  119  118  108  114  115  116  120  116  123  112  122  116  109  126  120  122  115  118  123  133  124   24
ch:  93  134  120  132  115  125  122  127  118  111  106  116  108  109  106  118  111  108  107  117  119  130  123  115  117  117  115  123  109  111  124  119   24
ch:  94  119  124  118  114  122  123  126  122  114  101  131  116  113  115  119  109  111  109  111  113  122  116  120  117  113  109  122  120  118  125  114   31
ch:  95  119  119  117  118  123  131  125  111  123  122  126   98  117  117  121  116  100  117  109  119  123  121  119  115  116  119  117  125  115  119  122   23
ch:  96  124  126  109  133  116  108  111  109  122  122  120  110  117  108  118  117  124  121  109  107  110  119  115  115  111  116  114  123  117  118  133   32
ch:  97  120  125  120  115  130  117  119  117  105  120  118  122  113  122  114  121  109  117  117  107  122  117  105  112  119  115  115  125  117  123  121   22
ch:  98  124  132  132  117  120  118  111  119  118  119  108  121  108  117  119  117  108  107  109  110  115  118  108  117  105  117  115  111  114  118  125   27
ch:  99  111  116  135  120  126  127  123  114  122  114  119  110  114  106  116  116  110  119  115  108  117  115  116  110  106  120  125  122  122  137  137   25
ch: 100  120  124  118  124  132  123  119  121  118  115  124  125  125  121  120  118  117  103  118  115  110  124  107  104  103  119  111  116  130  134  126   24
ch: 101  109  131  120  118   -1  132  117  121  119  119  125  115  117  118  121  115  117  106  115  115  114  123  116  121  121  106  106  124  109  122  136   26
ch: 102  122  122  117  118  116  114  121  123  118  122  121  124  116  117  121  114  127  117  131  125  111  112  118  114  105  117  122  118  122  110  110   37
ch: 103  131  124  126  135  123  106  117  118  119  120  116  116   94  119  113  109  120  123  118  100  117  117  106  116  122  118  124  118  125  119  120   31
ch: 104  125  123  132  124  119  116  121  112  118  118  117  134  108  117  110  108  118  118  118  118  111  131  107  119  124  122  116  133  117  122  111   22
ch: 105  116  125  120  117  122  120  120  121  116  114  111  129  110  115  122  115  114  106  113  119  113  105  117  111  115  110  116  123  111  131  120   36
ch: 106  132  117  132  129  124  116  117  119  125  131  136  122  110  120  118  118  120  107  115  120  117  106  107  108  124  119  120  109  117  130  122   40
ch: 107  119  119  123  117  123  110  117  119  110  117  116  124  119  111  118  118  126  106  110  122  110  114  117  119  109  121  124  118  124  137  124   24
ch: 108  119  125  132  117  121  118  124  124  110  110  114  109  120  117  119  114  114  109  117  109  105  118  118  107  106  122  110  104  120  110  122   36
ch: 109  136  121  135  116  114  129  122  111  122  105  124  115  120  117  109  119  108  104  111  116  127  113  110  118  120  108  118  119  117  123  120   20
ch: 110  116  125  130  125  130  116  110  113  118  123  118  121  110  118  112  120  117  108  117  121  123  125  113  108  123  104  109  122  125  121  117   29
ch: 111  119  121  121  114  117  111  119  117  115  110  106  110  113  118  105  120   99   -1  119  105  115  110  119  120  108  115  121  124  120  107  117   28
ch: 112  124  139  121  115  120  118  122  121  117  107   -1  115  121  101  101  107  121  115  102  110  119  105  116  122  108  118  110  110  120  115  127   38
ch: 113  132  119  123  120  120  121  119  116  118  123  109  109  115  121  115  104  115  118  115  120  110  102  111  107  118  115  123  119  119  133  125   20
ch: 114  124  119  131  123  114  122  115  120  110  115  119  115  111  108  118  121  109  119  108  108  105  131  108  117  118  108  110  106  110  115  117   25
ch: 115  123  108  131  124  118  116  116  107  123  118  102  104  121  113  118  106  117   98  122  104  120  115  119  124  122  120  115  111  124  125  125   30
ch: 116  131  134  123  122  115  116  123  118  122  118  110  107  101  104  111  122  120  120  111  105  115  118  105  116  114  114  106  111  108  123  116   28
ch: 117  127  122  125  122  119  118  122  122  115  115  106  115  122  116  133  108  116  119  113  125  117  107  104  107  115  113  115  121  131  122  122   30
ch: 118  120  134  118  117  121  118  117  115  115  109  120  103  116  122  108  111  117  106  108  120  108  104  103  118  104  116  107  122  104  119  115   21
ch: 119  124  122  120  119  127  119  123  123  118  125  136  109  114  115  111  118  111  114  111  105  118  109  110  120  116  119  122  107  115  114  123   28
ch: 120  115  120  119  117  119  119  121  123  108  115  125  114  119  114  115  110  115  105  107  116  130  118  110  115  117  104  116  117  123  117  126   43
ch: 121  125  115  121  124  115  126  107  118  120  116  124  108  131  119  107  116  108  114  117  110  106  106  118  114  103  110  109  105  123  116  117   31
ch: 122  122  139  117  117  118  118  122  121  119  109  117  121  125  121  119  120  122  119  115  107  117  115  115  107  116  107  103  118  116  124  125   52
ch: 123  117  116  119  116  122  120  120   -1  105  121  107  118  123  122  110  118  101  105  116  116  115  106  115  106  124  107  116  110  118  110  114   27
ch: 124  122  123  125  122  126  125  122  107  118  110  111  116  110  117  114  103  113  107  118  106  116  119  117  114  117  106  116  119  114  125  117   36
ch: 125  125  120  123  117  123  123  112  121  115  117  117  111  118  116  120  116  118  108  124  118  118  117  116  126  116  119  113  125  120  115  118   31
ch: 126  118  121  117  120  119  123  106  119  119  103  105  119  115  122  114  108  120  123  117  107  105  122  117  115  119  108  116  118  118  122  122   22
ch: 127  129  122  134  108  122  109  129  116  111  108  120  115  126  133  119  120  108  118  109  116  107  117  119  110  122  120  120  128  109  124  117   22
