# ID XA-000-08-002-000-000-189-13
# Tag _trim_
# Date 240731_20:24:06
# Vref_p 56
# Vref_n 22
# Thr2_glb 34
# Vref_t 118
# Vref_t_range 1
# Pol 1
# ADC range 30-247
# FAST disc 30
ch:   0  139  136  133  142  125  136  124  124  124  131  135  119  132  123  117  121  121  107  121  133  118  107  120  131  123  109  125  100  119  130  123   12
ch:   1  126  124  122  123  126  131  132  119  120  116  115  125  118  108  122  117  107  121  125  134  109  109  121  117  108  119  120  110  110  136  121   21
ch:   2  124  126  132  123  137  132  126  137  119  121  117  107  126  131  115  108  122  121  109  108  120  113  115  115  116  115  121  124  126  121  119   16
ch:   3  138  120  135  123  130  118  125  123  118  124  132  123  133  121  133  122  123  107  121  116  137  103  113  121  118  116  125  120  121  117  125   23
ch:   4  132  134  126  125  123  125  125  125  126  117  120  123  140  122  123  104  115  116  120  109  119  125  119  115  124  119  120  108  119  116  118   20
ch:   5  125  124  121  123  116  120  113  122  119  120  121  124  117  116  123  116  119  121  121  124  108  122  118  133  118  109  106  109  108  115  103   28
ch:   6  123  131  132  130  122  135  135  126  118  120  133  122  108  118  119  116  107  123  118  121  102  108  117  119  115  109  124  121  120  111  118   17
ch:   7  138  127  136  125  106  111  121  123  127  119  125  124  125  119  121  121  109  117  124  124  129  110  124  108  123  119  109  114  125  123  124   20
ch:   8  140  137  135  134  135  124  122  117  132  125  110  122  125  122  136  108  122  114  120  120  106  109  121  117  119  117  105  113  124  121  114   14
ch:   9  111  125  125  123  127  133  121  123  124  117  134  120  119  110  116  111  106  116  116  120  117  129  112  111  115  124  125  121  116  124  114   15
ch:  10  115  125  132  132  137  127  125  135  126  132  133  117  120  106  108  107  124  123  110  120  118  115  118  108  119  115  121  117  122  133  109   17
ch:  11  124  126  120  133  121  116  129  118  122  118  119  124  130  118  121  111  121  118  110  117  135  120  121  118  119  111  112  124  123  127  117    6
ch:  12  138  133  132  126  123  122  137  132  126  131  125  121  123  110  121  120  111  121  123  124  117  119  107  109  115  116  121  124  119  130  123   20
ch:  13  133  134  131  136  122  130  134  121  118  131  116  102  120  123  123  107  118  131  117  117  102  115  121  121  109  118  120  121  125  120  118   15
ch:  14  133  121  133  132  123  117  107  122  121  118  122  121  117  125  117  106  122  109  117  117  107  119  105  105  115  124  120  121  116  105  106    9
ch:  15  134  150  120  119  135  121  121  123  117  119  124  131  120  106  130  120  119  119  126  118  122  117  109  121  125  117  110  108  119  123  119   23
ch:  16  122  124  134  124  124  123  125  126  124  126  108  120  116  122  124  108  124  120  110  120  123  121  115  133  120  110  124  122  110  114  123   20
ch:  17  121  134  126  131  125  145  120  133  121  118  132  118  122  115  123  117  118  118  115  118  124  115  118  115  106  119  130  110  120  107  117   11
ch:  18  117  140  134  126  130  126  124  135  122  121  131  117  123  131  120  121  118  123  119  116  103  122  120  116  106  118  115  123  118  122  121   13
ch:  19  123  126  131  121  133  127  123  121  116  116  132  127  125  118  118  121  111  120  131  123  122  127  105  118  120  111  107  110  121  119  116   18
ch:  20  136  120  133  121  133  126  121  120  134  115  119  119  131  114  136  120  124  117  121  134  118  125  114  124  124  114  120  107  121  118  126   17
ch:  21  125  137  134  133  117  124  124  124  119  109  122  121  115  136  122  124  124  107  119  127  122  131  110  113  115  113  118  125  124  124  110    9
ch:  22  132  119  121  131  118  137  120  130  118  124  114  125  120  117  119  122  121  112  123  121  103  120  116  110  124  113  129  107  106  114  110    8
ch:  23  129  126   -1  132  109  132  121  121  114  130  115  117  123  118  107  105  122  116  106  114  116  133  125  115  110  117  120  109  114  111  131   10
ch:  24  126  131  118  135  124  134  125  125  130  131  120  120  117  114  126  120  117  125  118  122  120  122  130  105  121  121  122  115  118  109  136    8
ch:  25  146  132  140  139  132  124  130  120  118  124  116  133  127  121  124  117  117  137  124  115  107  131  116  118  116  133  121  125  120  122  126   12
ch:  26  123  126  124  132  124  122  124  124  128  125  131  121  136  121  117  124  116  116  121  122  133  122  123  116  123  119  125  125  114  118  138   11
ch:  27  133  124  124  125  130  126  125  123  133  126  117  122  132  114  111  116  125  116  108  121  119  124  126  119  121  109  119  115  125  115  122    8
ch:  28  124  124  124  131  123  114  121  118  116  125  135  122  132  130  117  118  121  114  111  130  122  115  120  113  117  103  124  110  132  123  125    8
ch:  29  123  125  125  122  123  133  132  125  124  124  122  133  115  134  121  115  122  119  121  124  117  120  122  119  110  124  123  123  118  136  137    9
ch:  30  138  137  137  133  124  130  121  121  124  120  134  118  122  115  122  123  119  125  120  109  108  123  124  123  123  127  132  133  131  127  123   12
ch:  31  134  126  117  119  121  124  121  125  122  115  123  119  119  117  123  121  120  110  123  123  119  120  121  122  123  111  121  121  120  126  136   13
ch:  32  123  122  123  132  129  126  132  123  124  125  134  121  125  121  120  117  108  117  126  133  116  119  106  121  107  114  117  115  117  126  125    9
ch:  33  118  133  132  125  130  135  118  120  121  115  116  123  127  126  119  131  130  119  115  120  108  133  122  120  121  132  116  124  120  120  120    9
ch:  34  123  133  132  136  138  122  132  133  123  131  135  107  118  125  122  133  116  126  121  133  109  122  115  133  125  111  121  127  111  102  120    7
ch:  35  126  132  131  130  124  121  123  116  124  119  118  123  131  109  121  121  120  124  113  115  130  126  123  123  122  116  118  133  116  122  126   10
ch:  36  110  122  124  118  131  132  118  121  130  131  120  122  135  125  132  121  122  125  108  119  126  120  122  121  118  121  118  125  123  133  131   11
ch:  37  137  129  126  134  149  135  124  122  123  124  134  120  108  130  133  123  123  122  124  107  116  117  123  118  121  126  123  121  125  126  135   14
ch:  38  119  133  124  132  137  138  149  117  131  122  120  106  122  124  125  119  115  131  124  124  119  132  121  109  118  121  121  122  124  116  122   12
ch:  39  124  134  136  115  124  126  123  120  115  119  123  133  121  121  123  120  132  118  122  123  108  124  119  120  108  131  117  120  124  132  125   13
ch:  40  132  135  122  124  136  122  126  123  125  124  123  125  125  123  121  119  119  118  134  117  133  124  120  130  131  130  116  134  123  126  125    9
ch:  41  136  123  131  152  132  120  132  123  130  124  123  117  123  117  125  122  120  117  120  123  117  132  124  123  120  117  121  122  124  124  124   15
ch:  42  137  130  138  132  132  126  119  117  124  134  131  120  123  122  117  116  115  116  132  118  119  117  123  125  120  120  121  134  118  131  109    8
ch:  43  123  124  125  124  140  124  133  121  121  124  123  138  122  124  124  122  120  131  132  123  110  123  120  106  117  116  121  130  122  123  122   14
ch:  44  136  116  135  120  128  125  126  123  111  123  114  117  118  115  120  123  134  121  116  133  126  123  110  134  117  119  120  118  137  125  132    8
ch:  45  125  135  133  116  123  133  121  132  131  134  124  126  119  121  121  122  120  117  120  121  120  124  126  125  121  116  125  122  119  122  122    8
ch:  46  125  146  136  126  139  124  131  116  120  124  124  119  134  121  114  116  127  120  140  112  118  127  137  124  122  116  122  124  109  123  132   12
ch:  47  125  136  111  125  131  136  122  124  131  120  120  125  120  122  119  117  120  126  117  132  122  121  124  117  121  109  126  125  118  124  133    8
ch:  48  124  123  133  133  133  130  126  117  122  126  117  122  131  117  122  122  112  123  114  115  116  118  120  111  124  117  121  122  121  121  114   12
ch:  49  125  122  121  134  136  131  134  136  131  129  122  128  119  121  117  122  117  116  132  103  121  117  119  120  118  119  123  116  125  119  121    9
ch:  50  132  138  130  125  124  126  126  117  121  133  114  116  131  130  117  121  134  121  122  123  121  121  124  125  118  118  124  116  119  107  131    7
ch:  51  123  125  120  133  123  124  119  125  121  124  132  120  120  124  122  124  118  123  123  118  110  115  118  120  121  123  122  115  119  131  132   10
ch:  52  125  135  136  132  129  125  132  117  136  124  133  119  124  127  122  121  122  121  132  116  121  120  117  120  118  119  122  127  135  119  123   10
ch:  53  125  132  125  141  118  124  131  127  122  134  117  132  120  132  119  118  121  131  118  117  119  123  119  123  118  132  108  122  130  125  123   14
ch:  54  132  125  124  131  137  126  136  127  124  115  121  123  126  122  135  126  123  118  109  126  127  117  124  139  127  118  118  124  114  132  131    7
ch:  55  137  135  135  125  135  125  141  124  135  126  125  146  125  118  126  127  130  125  107  118  115  110  121  115  124  120  130  110  110  125  133   11
ch:  56  132  137  131  134  121  125  136  134  120  136  119  130  126  121  127  123  132  120  121  124  121  122  135  119  125  133  118  122  132  133  135    9
ch:  57  119  122  136  134  130  123  125  123  124  115  121  135  118  118  117  113  120  118  121  132  118  108  123  113  122  105  123  122  127  110  119   13
ch:  58  135  124  138  136  126  132  121  132  135  123  116  126  107  118  132  124  119  123  123  135  133  121  118  109  126  115  122  126  129  120  126    7
ch:  59  146  139  137  132  122  122  120  122  123  125  125  124  124  124  121  124  126  121  117  115  120  114  120  121  123  120  123  125  125  126  120    9
ch:  60  122  125  131  122  135  130  126  132  132  119  134  129  125  123  122  125  129  138  121  125  131  120  132  113  122  124  121  133  139  121  120    9
ch:  61  126  137  122  118  129  110  120  124  130  139  115  132  124  113  133  121  130  119  124  126  124  122  123  125  116  123  117  125  118  135  124   14
ch:  62  137  130  137  135  116  123  123  119  126  118  125  122  122  134  125  122  124  133  124  122  123  124  120  120  120  132  124  126  123  120  135    9
ch:  63  124  126  131  123  119  134  132  132  131  131  131  132  121  113  117  136  123  133  116  118  122  123  120  123  123  122  134  123  134  126  125   16
ch:  64  121  120  131  127  134  119  134  138  137  138  115  117  132  122  126  119  138  119  138  133  122  119  115  121  118  124  118  135  123  120  125   16
ch:  65  135  134  122  122  132  120  123  132  131  120  134  124  118  117  122  122  129  119  109  118  116  117  119  123  134  121  115  122  135  136  124   14
ch:  66  122  138  140  140  132  129  131  134  123  138  123  120  120  117  115  110  116  108  117  119  108  107  135  125  125  117  123  134  123  123  137    8
ch:  67  137  126  126  125  125  132  135  135  135  126  116  115  125  123  135  119  122  116  115  116  121  120  118  121  133  122  126  120  124  121  125    8
ch:  68  121  121  120  138  117  117  129  110  130  131  127  126  119  130  125  126  125  122  123  118  129  131  123  123  121  109  117  119  130  132  123    8
ch:  69  137  126  134  134  140  132  130  119  134  121  138  121  132  123  119  122  114  118  115  120  109  119  126  122  132  133  124  134  121  126  122    9
ch:  70  132  136  136  123  124  123  115  125  127  118  124  119  127  123  124  107  109  120  123  115  124  119  121  109  110  119  122  122  132  143  121    8
ch:  71  129  123  138  130  123  119  123  125  126  127  119  126  133  138  118  123  127  133  121  123  122  120  121  119  115  131   -1  123  126  115  129    9
ch:  72  135  119  122  134  133  134  132  120  124  124  135  124  120  130  134  133  125  125  118  124  124  117  120  119  113  124  122  120  124  133  120   10
ch:  73  126  134  132  137  120  140  119  135  118  120  124  121  109  116  118  122  123  120  133  113  121  130  117  117  121  116  116  118  115  130  125   12
ch:  74  119  139  120  125  135  133  126  121  125  120  133  123  125  108  120  118  123  115  123  114  127  116  116  122  108  118  121  121  110  123  117    8
ch:  75  135  125  137  125  136  137  129  123  122  126  122  123  135  123  121  118  126  119  120  116  122  120  117  127  136  116  117  122  120  122  128   11
ch:  76  123  130  118  133  121  122  126  139  135  133  117  132  125  120  131  124  120  118  131  106  124  116  126  124  112  116  121  116  120  133  125    8
ch:  77  131  138  122  115  137  122  122  118  132  120  124  130  120  131  118  133  107  126  119  122  121  116  110  126  104  119  123  131  125  121  124    8
ch:  78  129  135  135  125  122  137  116  122  124  127  118  131  133  123  120  117  124  122  124  118  121  117  110  120  131  119  131  122  130  130  123   12
ch:  79  134  135  133  120  120  131  123  125  125  125  121  123  119  119  123  131  119  115  120  122  115  124  110  121  140  119  113  127  119  120  117   11
ch:  80  133  133  134  132  120  130  125  124  136  116  122  123  123  122  125  122  121  132  119  131  118  133  123  126  120  116  131  123  127  124  120    9
ch:  81  123  133  132  122  136  137  123  132  116  124  134  119  132  123  137  119  131  117  117  125  123  126  119  109  118  123  123  136  138  135  137   14
ch:  82  123  137  120  123  133  119  135  123  134  127  121  121  122  116  125  117  124  133  115  125  109  124  133  117  122  110  120  126  127  121  123    8
ch:  83  136  120  131  120  132  132  130  122  114  131  116  127  119  125  119  122  132  118  117  117  106  109  111  121  113  118  116  121  124  123  118    8
ch:  84  134  135  133  130  142  134  119  123  136  131  114  122  123  133  120  118  130  123  129  111  111  125  123  118  117  121  115  123  138  133  133   13
ch:  85  137  126  135  121  132  135  123  131  135  133  117  119  126  117  131  126  118  118  120  120  117  119  121  125  109  123  116  108  125  120  122    9
ch:  86  131  124  132  125  126  122  121  116  131  126  116  129  121  121  125  124  128  116  133  119  119  120  120  122  121  116  131  116  126  122  122    8
ch:  87  135  123  120  135  133  146  124  124  132  132  125  132  126  123  135  125  122  116  130  117  118  125  121  118  108  119  122  121  126  130  123   11
ch:  88  125  126  121  126  136  117  131  133  126  132  134  125  124  122  131  116  120  114  123  121  119  125  122  124  118  107  115   -1  135  134  124   16
ch:  89  135  134  136  146  131  137  126  107  118  119  117  121  132  120  122  123  126  118  118  117  110  130  121  120  111  125  119  121  121  117  123   14
ch:  90  117  120  131  123  132  122  115  131  133  123  120  123  131  134  125  109  103  121  121  124  118  122  118  121  113  116  118  117  116  122  125   11
ch:  91  134  122  130  126  120  120  122  132  111  127  138  123  117  118  120  124  137  122  123  117  117  107  120  118  124  121  126  131  116  135  134   14
ch:  92  127  123  119  133   -1  125  137  122  133  130  133  130  109  131  133  115  123  117  126  120  114  124  116  117  121  124  136  123  115  123  117    9
ch:  93  134  132  126  121  122  136  124  137  119  132  139  115  121  108  116  120  126  107  125  118  121  123  121  117  130  119  125  121  118  124  119   14
ch:  94  117  131  126  126  135  141  133  137  122  132  108  132  114  122  122  117  118  121  125  124  124  123  107  103  120  119  125  116  124  122  116   16
ch:  95  135  137  125  131  136  122  123  126  117  133  121  123  124  123  117  121  119  122  106  132  118  111  118  134  123  119  117  117  123  124  113    8
ch:  96  123  137  133  133  123  117  132  121  120  123  110  121  108  125  126  126  126  123  121  132  109  123  136  119  107  119  122  120  122  124  120    9
ch:  97  121  133  123  124  129  120  125  133  119  132  117  123  126  134  123  126  118  122  120  121  132  123  121  115  121  103  121  124  134  123  123   12
ch:  98  129  132  125  132  121  126  133  122  133  119  122  125  119  121  121  117  117  120  122  116  107  130  123  122  105  120  123  115  123  121  121   17
ch:  99  139  126  131  120  122  119  125  118  125  119  125  117  113  116  111  111  131  126  118  124  108  116  108  108  123  130  109  116  117  119  121    8
ch: 100  125  127  123  119  130  122  136  126  122  121  120  136  109  121  119  120  107  123  120  124  120  116  109  123  120  119  116  118  135  134  113   13
ch: 101  126  122  140  131  132  133  125  119  123  119  116  120  115  121  110  124  105  112  121  122  129  124  132  120  120  119  122  123  117  118  108   13
ch: 102  136  125  127  135  132  125  136  120  119  126  123  134  119  116  110  113  123  109  103  119  123  116   99  118  120  117  116  118  122  125  125   17
ch: 103  117  123  139  138  118  124  133  123  120  118  135  118  115  111  116  125  119  121  108  120  110  119  119  123  114  117  117  118  122  131  123   12
ch: 104  136  119  127  134  123  134  131  122  118  117  108  114  121  113  131  122  122  127  123  123  133  123  119  125  110  119  122  116  122  114  129   18
ch: 105  121  136  122  131  130  135  131  122  131  124  118  127  133  121  101  117  119  118  113  118  116  108  118  122  115  109  114  124  124  115  120    9
ch: 106  117  124  138  131  133  132  126  121  126  125  132  125  123  117  117  132  117  119  106  115  116  118  131  117  119  119  122  119  124  119  121   17
ch: 107  125  136  125  132  137  131  125  120  125  124  118  120  122  118  117  101  117  117  123  119  126  119  119  119  115  120  124  121  118  132  134   14
ch: 108  145  117  126  121  123  132  121  136  124  119  124  121  134  122  126  121  119  121  116  134  120  134  116  117  119  119  122  118  117  121  122   15
ch: 109  132  131  136  140  125  132  133  133  116  120  124  136  109  122  120  123  114  121  114  138  124  133  116  124  117  123  119  121  130  119  136   12
ch: 110  129  122  134  133  124  134  122  118  116  121  124  120  122  118  116  117  122  122  123  122  121  103  115  118  118  131  123  118  120  122  122   17
ch: 111  134  125  138  134  123  133  121  124  118  138  131  134  125  121  123  104  125  115  131  109  124  127  121  119  120  123  122  117  126  121  132   12
ch: 112  137  123  122  137  125  121  133  117  124  118  127  125  118  119  133  107  137  117  120  119  133  122  118  116  125  117  122  125  122  120  121   10
ch: 113  132  125  137  123  131  119  138  132  140  124  125  120  119  118  126  122  116  125  136  123  132  130  124  129  119  121  120  124  117  131  124   12
ch: 114  128  121  131  123  121  137  118  123  117  116  124  117  132  120  119  120  105  118  119  123  108  117  120  121  123  119  126  121  133  121  109   23
ch: 115  134  119  122  137  133  136  132  125  119  133  116  120  136  109  121  118  119  121  117  121  121  124  123  125  122  108  137  123  108  132  122    9
ch: 116  126  132  127  124  124  126  132  119  121  131  124  133  123  133  134  117  120  125  118  117  105  108  110  115  123  125  121  119  116  110  117   10
ch: 117  132  126  147  132  125  133  121  123  110  126  124  124  117  122  122  113  119  121  131  121  120  129  131  132  115  119  116  121  131  120  114   19
ch: 118  124  131  134  119  127  125  114  126  132  133  116  124  123  121  127  110  124  108  120  109  109  123  111  119  106  106  124  116  117  121  121   21
ch: 119  120  133  121  133  125  127  130  117  121  119  131  118  120  112  108  119  118  110  118  107  119  118  118  102  130  124  126  134  124  135  126   20
ch: 120  133  123  147  119  124  123  119  123  123  131  124  121  135  124  126  122  125  124   -1  122  131  121  130  127  123  130  112  109  118  119  118   11
ch: 121  133  127  125  122  130  120  124  124  124  123  117  119  123  126  134  122  107  123  107  111  121  118  134  114  109  120  122  107  116  109  130   19
ch: 122  129  124  133  134  126  124  121  134  115  123  122  133  133  118  121  123  132  133  117  109  117  119  104  124  122  120  110  121  107  109  122   15
ch: 123  134  125  131  123  120  120  123  118  133  134  109  120  119  118  116  122  110  110  118  114  120  120  109  125  117  123  117  117  127  123  121   18
ch: 124  138  137  125  127  133  133  126  130  134  119  124  120  125  119  122  119  123  104  115  120  110  104  109  109  122  120  105  115  117  120  103   14
ch: 125  126  131  113  132  120  133  124  132  126  129  122  123  117  124  124  122  114  121  130  119  119  115  118  121  123  108  126  110  122  129  130    9
ch: 126  133  139  123  133  125  122  124  134  119  132  121  122  120  119  124  120  115  123  119  105  126  108  116  117  119  113  123  119  108  121  109   16
ch: 127  124  139  129  124  130  134  138  131  126  132  139  127  135  125  126  132  131  135  138  120  117  134  123  124  126  131  134  123  136  134  134    7
