# ID XA-000-08-002-000-004-040-06
# Tag _trim_
# Date 240731_19:28:41
# Vref_p 58
# Vref_n 22
# Thr2_glb 10
# Vref_t 118
# Vref_t_range 1
# Pol 1
# ADC range 30-247
# FAST disc 30
ch:   0  133  123  121  121  118  119  124  122  124  120  118  117  121   -1  112  118  121  122  124  117  115  111   -1  120  118  124  114  122  123  130  135   -1
ch:   1  113  123  119  124  122  116  119  113  119  108  105  115  105  100  109  105  120  118  120  105  118  104  113  113  119  119  115  123  123  126  126   51
ch:   2  107  116  124  115  120  118  107  109  120  120  109  122  118  113  118  117  116  113  110  115  111  128  124  117  119  117  125  108  123  126  119    8
ch:   3  109  118  121  116  109  120  109  119  113  109  123  119  106  119  107  108  119  115  110  121  119  111  109  115  117  132  120  115  135  123  119   -1
ch:   4  121  119  119  116  115  114  118  117  114  114  118  120  115  108  111  111  113  111  115  119  115  125  130  115  126  121  116  126  126  119  121   -1
ch:   5  120  119  120  125  119  119  122  117  119  120  122  108  113  120  110  115  122  115  109  109  118  109  108  126  114  115  120  131  120  121  122   -1
ch:   6  123  122  124  110  126  120  118  118  112  108  125  120  134  116  119  120  113  118  115  109  115  116  111  115  121  118  129  117  125  123  125   26
ch:   7  118  107  106  118  115  113  116  109  118  106  109  110  107  117  122  121  120  105  118  120  116  121  116  110  119  108  114  122  125  127  134   -1
ch:   8  124  124  114  121  108  117  130  107  119  123  119  102  120  120  121  111  118  118  122  118  116  117  115  121  119  122  142  113  121  110  118   -1
ch:   9  109  110  118  121  119  117  124  110  109  108  105  116  120  118  126  114  123  119  121  110  121  118  119  124  110  123  130  116  121  124  125    7
ch:  10  121  119  116  121  107  121  107  123  122  115  110  115  118  110  121  107  108  113  117  116  120  111  120  121  117  120  114  116  121  122  121   10
ch:  11  108  118  115  119  121  121  121  120  120  117  117  115  116  121  123  120  118  119  118  114  103  123  116  134  117  109  118  118  132  119  121   -1
ch:  12  116  111  111  121  119  107  115  111  106  107  108  123  111  120  119  123  116  109   -1  116  122  114  119  122  123  119  130  118  123  113  132   49
ch:  13  106  111  123  114  120  116  129  110  116  132  125  124  117  114  114  115  123  111  116  118  114  112  121  118  123  115  121  120  116  118  134   -1
ch:  14  114  104  125  123  118  122  108  117  116  118  116  118  117  116  116  118  122  118  113  123  115  125  122  111  122  116  118  121  105  117  121   -1
ch:  15  113  118  118  120  120  118  117  110  117  120  119  118  108  110  109  126  111  108  106  111  118  117  127  121  119  118  120  116  111  120  104   -1
ch:  16  113  109  110  117  115  115  110  114  115  123  124  114  120  116  117  123  117  109  114  108  124  119  115  120  124  114  123  121  132  132  121   -1
ch:  17  117  118  120  117  109  106  122  111  116  118  119  117   -1  120  124  123  109  110  117  110  114  118  115  115  106  115  116  122  117  120  128   52
ch:  18  111  123  131  120  113  126  125  117  116  110  124  109  122  122  114  110  120  118  121  127  106  117  130  117  117  122  125  116  126  132  131   19
ch:  19  119  118  116  123  108  109  118  121  120  121  108  117  116  111  117  116  115  118  114  116  112  124  125  114  121  126  110  119  118  133  131   53
ch:  20  115  118  117  115  121  115  109  114  111  111  119  117  106  117  115  111  115  110  119  122  122  118  129  117  115  126  119  114  135  118  123   -1
ch:  21  110  123  117  124  115  107  117  107  115  117  119  108  108  120  125  109  115  105  120  106  121  115  123  119  120  117  115  109  132  125  134   -1
ch:  22  111  107  115  115  123  119  113  102  115  116  122  116  116  108  111  116  109  107  121  114  106  126  115  120  130  108  123  116  118  124  125   14
ch:  23  108  133  117  123  109  116  120  126  121  117  122  123  116  119  122  108  115  120  121  116  111  120  119  124   99  124  125  121  125  116  126   -1
ch:  24  126  121  120  123  119  117  118  117  124  122  121  115  117  125  116  120  124  117  132  120  122  110  120  109  124  120  118  118  134  123  136   12
ch:  25  118  109  117  118  109  116  120  124  118  118  115  119  115  118  115  116  120  128  111  120  115  123  115  127  126  123  119  121  120  111  115   -1
ch:  26  118  122  121  111  133  123  116  115  108  107  125  122  116  120  121  118  122  110  116  117  118  114  118  119  123  123  122  119  121  117  129   -1
ch:  27  122  120  116  116  112  108  125  126  116  121  119  119  116  120  118  114  120  101  119  129  120  122  119  119  120  130  113  117  121  123  124   36
ch:  28  116  122  120  109  123  124  121  110  111  106  122  105  124  121  115  121  123  106  110  113  120  120  125  121  115  125  134  116  115  121  123   -1
ch:  29  108  123  121  116  119  122  118  119  121  118  117  120  119  118  121  121  120  126  119  130  116  109  110  116  122  121  125  124  126  119  120   -1
ch:  30  124  113  125  110  122  124  120  131  115  122  115  119  118  131  120  115  110  110  123  131  127  121  119  110  120  116  123  124  121  122  118   -1
ch:  31  132  124  117  118  118  113  116  116  115  119  115  117  117  123  115  120  131  130  114  104  117  121  126  123  121  114  121  118  132  117  118    1
ch:  32  121  117  129  124  121  121  121  115  134   -1  119  119  116  126  120  121  123  115  117  118  121  123  131  117  129  114  127  135  120  122  109   11
ch:  33  116  118  120  122  116  110  108  114  115  120  119  108  114  117  119  118  121  115  124  120  119  122  114  118  125  119  119  125  120  131  120    1
ch:  34  119  117  113  119  106  120  108  118  111  119  116  108  120  117  118  110  110  121  115  115  121  120  116  116  119  120  130  115  123  134  125   18
ch:  35   -1  130  119  108  122  128  114  117  117  120  109  127  123  117  118  110  131  117  114  119  113  126  127  118  123  113  120  122  127  132  118   28
ch:  36  120  120  117  123  117  123  116  130  122  109  122  122  117  108  120  117  106  121  110  114  117  133  117  121  119  124  126  123  123  130  132    7
ch:  37  115  118  117  118  119  119  118  123  118  117  121  120  123  131  114  120  124  115  121  118  117  119  114  121  109  130  121  124  133  121  125   -1
ch:  38  123  116  113  107  117  120  121  121  119  117  126  121  119  119  119  118  107  124  118  125  123  109  128  125  120  129  119  117  125  136  116   -1
ch:  39  117  125  110  121  110  113  122  117  119  116  122  117  106  115  120  110  116  122  119  121  116  123  109  115  108  124  117  123  120  119  125   22
ch:  40  125  116  118  117  118  122  118  116  118  117  118  118  121  119  114  117  118  107  114  118  123  118  107  131  116  125  126  132  119  119  117   45
ch:  41   99   94  116  115  123  115  117  130  137  133  133  132  126  143  143  132  139  144  152   -1  138  137  135  137  142  148  154  150  157  165  155   27
ch:  42  120  114  116  121  104  122  118  120  109  125  120  120  125  115  124  123  106  123  119  109  115  108  125  125  119  118  119  119  125  133  123   -1
ch:  43  114  131  146  150  152  166  169  180  185  184  189  203  202  209  209  209  209  209  209  209  209  209  209  209  209  209  209  209  209  209  209    9
ch:  44  114  123  113  127  122  120  123  115  117  117  115  114  116  115  121  126  114  116  122  126  131  119  115  117  107  122  124  120  123  119  119   35
ch:  45  116  115  135  131  123  110  133  116  105  122  116  120  108  122  104  106  123  119  123  125  118  121  122  124  124  110  125  131  126  123  122   24
ch:  46  115  114  119  114  133  113  117  113  118  113  122  116  115  116  118  131  122  113  114  116  117  120  117  124  116  126  123  126  123  119  123   -1
ch:  47  116  123  116  115  115  106  125  116  112  131  102  125  119  107  115  122  118  126  108  121  109  123  115  110  118  118  116  120  109  116  122   24
ch:  48  121  122  123  105  105  123  121  122  135  117  107  116  125  107  113  119  119  111  117  116  111  118  116  109  117  111  126  117  137  126  119   36
ch:  49  125  118  115  116  119  122   99  119  105  132  117  118  125  115  109  110  114  119  118  116  118  116  121  114  132  115  120  121  113  126  117   -1
ch:  50  126  115  110  109  122  117  123   -1  131  120  113  121  120  123  123  123  123  116  117  121  115  114  108  123  119  125  111  130  113  135  130    2
ch:  51  126  107  123  117  122  120  130  119  116  110  119  106  118  120  119  113  123  113  123  132  116  120  104  107  123  119  117  117  124  137  117   -1
ch:  52  110  115  129  116  124  117  124  130  117  122  117  121  115  116  115  107  117  122  121  116  116  122  131  117  107  120  121  122  122  133  116   -1
ch:  53  110  111  115  115  132  112  118  118  117  114  122  118  114  105  131  118  121  113  121  131  119  130  120  120  121  120  133  125  113  134  138   -1
ch:  54  118  133  114  111  108  121  118  109  118  118  115  122  115  124  117  120  118  121  117  125  117  117  124  122  118  134  130  130  136  118  137   -1
ch:  55  116  108  116  119  116  117  121  118  118  121  117  120  131  117  105  117  120  127  122  118  106  118  115  133  108  117  131  121  122  117  123   -1
ch:  56  125  131  122  130  120  115  119  126  125  120  114  110  116  122  124  118  109  125  124  114  123  118  114  125  109  126  111  124  125  134  133   55
ch:  57  123  109  121  117  112  119  104  121  134  116  109  107  115  115  123  111  113  122  119  116  108  119  126  116  124  122  123  122  124  108  124   -1
ch:  58  123  124  110  118  106  114  124  124  108  118  114  119  116  120  120  120  125  121  108  119  133  108  114  125  132  120  120  121  122  124  131    7
ch:  59  129  115  121   -1  109  122  120  127  117  120  117  131  120  118  100  119  118  116  123  116  131  121  117  118  116  118  125  119  124  134  124   18
ch:  60  122  124  118  121  123  120  120  119  104  123  121  118  117  117  106  119  122  126  110  122  123  115  124  107  130  119  116  123  135  136  134    4
ch:  61  125  126  113  109  123  120  118  119  122  109  118  117  104  115  106  117  112  120  116  123  119  114  118  116  124  126  119  122  120  125  118   47
ch:  62  121  123  120  119  108  118  110  120  117  115  122  123  120  116  114  116  119  113  114  115  115  122  103  110  105  124  132  122  125  126  124   -1
ch:  63  123  124  122  119  125  118  122  118  116  125  124  124  117  117  120  107  118  121  116  117  116  115  114  119  107  109  116  122  119  124  119   -1
ch:  64  122  121  119  121  117  109  110  118  123  115  120  117  119  119  113  120  114  113  117  117  115  116  117  116  114  120  124  122  115  117  122   -1
ch:  65  117  116  123  115  122  120  132  120  119  118  114  117  110  121  129  119  125  118  117  122  116  123  108  125  123  119  122  123  119  118  136   -1
ch:  66  115  115  120  122  115  130  113  121  122  110  117  109  110  114  115  108  116  116  118  119  123  117  121  115  119  119  116  128  123  118  125   -1
ch:  67  125  125  124  131  117  120  117  124  116  123  123  120  102  113  122  120  111  118  120  119  116  117  119  118  121  126  119  123  121  121  116   -1
ch:  68  114  111  119  114  110  107  124  119  122  122  119  110  117  116  114  122  126  115  117  115  121  113  123  115  117  123  115  124  131  134  131    3
ch:  69  124  123  131  122  109  117  111  111  116  120  116  124  124  119  114  123  115  118  120  120  129  108  111  121  124  131  110  131  127  133  122   -1
ch:  70  124  122  114  120  114  123  110  122  109  120  123  119  117  111  119  118  110  118  118  115  116  110  111  123  121  119  114  119  127  123  120   -1
ch:  71  116  119  134  132  118  109  113  117  123  111  122  108  120  114  121  115  126  123  125  118  116  119  127  127  114  126  123  124  118  119  124   34
ch:  72  119  126  117  118  114  114  128  121  113  115  117  122  130  116  116  115  127  118  121  118  118  126  111  125  126  116  117  124  122  126  132   -1
ch:  73  103  123  124  114  115  119  116  119  117  117  121  106  130  117  126  126  105  111  108  121  118  120  125  121  116  116  127  124  125  131  130   -1
ch:  74  120  115  124  124  125  122  116  127  136  116  116  117  117  122  119  116  117  113  114  120  135  115  121  108  111  120  117  132  121  120  124   -1
ch:  75  124  122  120  120  123  122  124  119  125  114  122  116  110  119  115  111  120  110  117  108  108  116  119  119  134  122  133  125  125  133  125   -1
ch:  76  124  125  117  115  114  119  122  118  132  117  120  131  133  108  119  131  125  115  118  119  130  106  107  121  122  115  111  123  115  117  133   37
ch:  77  131  109  115  116  118  126  122  122  116  121  115  127  120  110  120  117  129  121  122  120  131  126  119  117  115  117  121  125  122  130  141   -1
ch:  78  122  109  126  106  125  120   -1  122  119  123  111  113  117  116  107  118  121  122  115  113  124  118  120  124  116  117  122  120  129  132  119   -1
ch:  79  118  122  135  117  122  132  117  117  121  119  116  130  110  122  122  120  123  117  122  124  121  125  119  132  118  126  124  132  137  113  133   -1
ch:  80  115  114  118  125  113  121  116  126  126  115  113  113  119  119  114  126  114  110  111  123  110  113  121  108  108  117  127  119  125  135  124   14
ch:  81  120  122  119  126  130  119  117  107  123  121  118  115  109  116  114  124  114  121   99  124  117  117  109  121  122  127  136  116  118  124  126    6
ch:  82  120  117  126  122  131  109  120  118  118  111  132  120  119  110  124  114  115  113  121  118  111  111  121  123  118  125  123  130  126  123  122   43
ch:  83  121  119  114  114  120  111  134  120  112  124  124  108  121  127  132  109  132  119  122  118  124  102  119  125  121  118  119  131  125  120  133   39
ch:  84  116  123  119  123  133  109  108  115  118  108  123  118  116  113  111  125  117  120  117  113  125  126  116  111  122  123  120  117  126  124  118   56
ch:  85  119  118  117  116  121  117  122  116  120  115  121  121  110  116  120  114  106  132  117  116  125  118  121  124  119  119  114  116  120  120  122   -1
ch:  86  133  119  114  118  123  116  120  117  121  110  113  123  126  120  131  122  124  113  120  116  123  110  129  136  120  120  121  122  124  127  119   40
ch:  87  119  127  114  119  122  117  111  120  110  119  133  114  117  115  120  129  122  107  119  123  115  115  121  119  123  120  131  120  115  121  117   -1
ch:  88  130  121  131  115  116  118  122  123  116  108  105  110  118  119  110  120  115  121  119  115  109  117  122  131  135  120  124  123  124  121  132   -1
ch:  89  117  121  123  118  118  118  118  124  121  118  126  115  107  124  114  120  117  114  121  109  120  118  123  119  120  129  114  116  126  131  121   54
ch:  90  129  123  121  122  120  111  127  125  124  122  114  120  119  107  107  123  116  122   -1  119  116  114  118  117  120  117  125  117  121  118  130   44
ch:  91  127  120  116  119  111  124  114  116  126  116  121  129  113  122  121  113  119  118  109  119  120  120  114  119  124  119  130  129  133  123  130   26
ch:  92  121  119  130  129  121  123  115  115  124  119  120  111  125  116  107  121  105  122   -1  109  106  122  111  108  120  119  124  131  121  123  123   39
ch:  93  123  118  119  120  130  122  119  118  122  120  109  115  120  119  124  117  119  117  117  125  117  122  118  120  118  120  132  118  123  124  120   -1
ch:  94  119  123  110  119  118  110  125  107  113  114  108  115  120  109  117  113  117  118  121  115  118  109  118  125  115  127  116  121  125  122  125   46
ch:  95  125  130  120  122  113  121  121  117  124  113  123  117  117  115  122  119  118  111  117  116  120  122  111  126  121  123  119  120  124  119  120   -1
ch:  96  121  126  117  110  124  110  118  112  119  110  118  117  120  108  121  121  116  131  120  114  116  120  116  118  120  124  123  114  118  126  138    8
ch:  97  124  117  120  125  121  133  114  121  117  116  117  118  114  115  108  116  125  110  119  120  121  108  124  119  119  120  125  123  133  125  135    9
ch:  98  130  117  117  120  119  118  118  129  127  125  126  113  120  114  119  119  109  122  120  108  125  114  117  119  120  126  120  137  125  123  139   -1
ch:  99  115  131  122  121  122  113  117  120  116  124  118  115  123  118  117  120  120  118  120  110  122  131  107  121  125  115  121  117  132  125  125   -1
ch: 100  119  124  120  124  127  124  118  120  117  125  122  119  120  108  119  118  110  123  116  106  121  124  119  111  119  124  118  134  115  121  125   -1
ch: 101  109  123  125  122  121  133  121  120  120  122  119  115  120  117  124  119  123  118  132  119  118  123  115  123  122  135  119  116  132  119  121   39
ch: 102  123  109  135  119  131  121   -1  120  126  111  119  123  126  117  119  120  119  104  116  118  114  117  117  123  115  125  123  125  123  133  136   24
ch: 103  116  117  115  117  133  118  124  118  103  134  128  123  119  126  121  118  116  114  115  117  120  122  120  113  119  132  131  122  111  119  121   45
ch: 104  120  111  123  119  125  121  124  101  116  118  113  108  120  133  115  111  123  117  128  125  109  120  116  113  118  130  136  131  120  115  121   51
ch: 105  110  131  121  116  125  119  116  119  107  120  131  119  118  118  124  116  121  118  116  123  102  110  125  113  121  125  124  117  120  133  134   -1
ch: 106  117  124  131  117  108  123  117  106  116  121  125  123  117  131  110  127  120  121  107  113  121  118  116  120  115  117  118  130  125  121  121   -1
ch: 107  114  122  110  114  115  105  120  120  116  109  121  126  119  130  110  122  116  123  125  121  122  123  109  125  116  122  119  136  125  132  137   35
ch: 108  123  116  123  132  119  119  123  110  115  123  116  118  114  121  125  116  121  124   -1  121  117  125  117  114  123  108  120  110   -1  126  138    9
ch: 109  133  118  109  129  119  120  118  109  119  120  122  129  118  123  109  117  126  119  108  120  131  108  117  120  119  121  133  134  133  125  133   20
ch: 110  121  122  134  119  112  132  116  120  116  119  121  118  124  122  114  115  119  122  117  126  114  114  121  111  118  114  124  121  123  133  127   25
ch: 111  122  130  123  120  102  124  119  117  124  119  116  117  116  124  116  121  120  129  119  123  117  117  113  116  116  126  117  133  119  131  132   15
ch: 112  138  124  123  119  121  123  133  124  117  130  136  121  123  126  138  123  134  126  137  133  140  138  132  133  140  136  134  147  137  148  141   -1
ch: 113  115  115  119  119  117  120  123  108  124  121  121  110  118  123  125  117  107  113  121  123  116  115  122  123  124  114  133  118  119  136  122   15
ch: 114  122  118  121  121  123  115  113  119  110  116  116  121  126  114  124  123  115  123  118  115  127  114  118  123  121  115  118  111  119  126  132   -1
ch: 115  118  124  117  126  124  115  110  120  108  117  118  124  120  122  117  123  118  101  110  121  121  116  120  122  120  107  122  130  131  131  118   11
ch: 116  108  137  125  117  119  124  125  127  121  124  107  117  116  121  110  114  116  123  119  121  104  115  109  113  110  117  120  130  130  123  120   34
ch: 117  117  115  118  121  121  120  116  106  116  118  106  120  118  119  115  116  123  122  119  110  121  132  122  124  120  126  129  125  129  118  124   20
ch: 118  116  117  119  121  114  131  122  119  114  121  118  121  120  116  136  115  127  119  103  117  105  118  114  119  114  123  123  118  121  120  119   56
ch: 119  121  116  123  118  119  115  125  123  116  108  117  122  114  120  110  114  119  122  114  120  116  125  120  118  124  114  125  135  123  119  110   22
ch: 120  124  120  119  115  119  121  107  115  115  120  118  119  114  117  109  120  124  122  113  124  119  131  110  128  118  118  110  125  125  120  130   -1
ch: 121  121  117  122  119  115  114  118  116  120  108  114  117  122  121  108  120  116  121  117  124  121  114  120  117  117  119  119  127  132  122  134   -1
ch: 122  121  122  124  108  117  126  129  126  110  108  121  116  104  119  115  103  128  129  118  111  118  121  124  124  119  122  124  117  117  123  119   23
ch: 123  126  107  118  110  120  123  114  114  116  116  114  117  115  105  117  122  112  122  119  125  118  121  118  118  121  123  110  115  127  132  120   38
ch: 124  122  113  125  121  120  122  124  116  119  120  120  118  126  123  122  116  117  121  107  117  110  116  120  111  107  122  123  116  117  120  123   10
ch: 125  117  118  118  133  118  129  118  117  116  116  123  108  116  131  117  122  116  123  113  130  123  119  120  133  129  107  121  123  122  121  124   45
ch: 126  123  129  123  113  116  123  118  115  130  119  118  120  115  109  121  116  124  117  120  116  110  115  127  125  112  117  114  121  118  132  134   32
ch: 127  113  106  117  123  108  124  125  117  123  122  123  118  123  121  123  113  125  113  118  132  116  134  123  124  118  133  118  127  123  125  133   33
