# ID XA-000-08-002-000-004-206-07
# Tag _trim_
# Date 240426_20:09:33
# Vref_p 56
# Vref_n 23
# Thr2_glb 31
# Vref_t 118
# Vref_t_range 1
# Pol 1
# ADC range 30-247
# FAST disc 30
ch:   0  135  122  132  126  115  124  132  121  132  126  121  125  113  121  109  122  134  123  121  122  118  125  116  138  121  120  121  131  131  125  131   39
ch:   1  132  124  133  136  120  125  120  125  126  126  135  122  115  116  112  104  122  136  114  109  110  113  122  125  117  132  126  116  118  124  119    6
ch:   2  138  119  124  133  130  136  116  124  120  126  121  121  124  124  116  110  125  120  110  116  114  115  122  124  108  107  132  117  116  124  123   -1
ch:   3  135  117  136  125  124  123  131  118  110  125  123  119  126  122  116  120  108  119  110  119  111  131  106  123  119  113  118  117  125  119  119    4
ch:   4  131  129  129  119  121  128  123  121  118  120  121  130  110  118  125  120  111  123  109  119  126  108  120  119  125  121  113  121  133  116  120   -1
ch:   5  133  126  122  123  125  121  126  121  125  117  119  140  119  113  107  117  114  118  122  117  107  110  118  116  117  117  113  120  110  134  119    8
ch:   6  130  131  133  131  129  133  118  120  123  122  124  122  108  115  118  107  117  120  119  104  116  115  122  124  117  106  108  107  123  126  121   23
ch:   7  122  121  132  132  124  119  133  115  124  126  123  111  117  115  106  118  123  130  120  110  121  115  119  121  109  115  122  121  134  132  120    6
ch:   8  128  114  126  130  122  131  120  123  125  123  111  121  117  114  108  103  111  127  119  115  116  119  122  116  110  115  117  121  110  114  129   23
ch:   9  125  123  136  140  131  124  131  119  114  111  109  111  121  119  116  110  118  119  116  117  115  120  117  115  118  109  115  118  121  120  126    4
ch:  10  124  132  132  124  126  120  124  124  121  125  118  129  119  114  118  122  107  124  119  106  107  106  119  117  124  133  118  113  118  120  120   -1
ch:  11  138  121  138  122  109  119  114  132  120  125  118  120  126  123  122  126  116  120  104  108  116  116  119  120  118  114  126  115  116  134  120    9
ch:  12  125  132  126  123  125  132  120  124  108  110  135  116  122  120  121  115  116  111  116  119  124  116  125  125  119  115  108  126  117  120  124   -1
ch:  13  136  132  119  121  121  131  132  134  124  116  121  125  124  117  121  124  114  118  105  116  118  110  121  116  113  122  119  119  119  120  125    6
ch:  14  134  126  132  118  123  125  135  122  120  119  109  126  123  118  121  117  116  110  117  123  123  125  106  108  110  120   -1  123  118  116  119    2
ch:  15  123  126  111  132  126  128  125  110  113  122  108  117  106  131  120  115  114  124  114  114  126  117  121  119  124  123  120  121  110  133  121    7
ch:  16  117  124  138  130  116  125  120  131  138  123  120  123  103  122  120  119  116  118  106  120  116  117  125  119  107  119  125  120  118  110  124   -1
ch:  17  130  126  123  120  132  132  121  127  124  122  123  114  114  116  120  116  120  105  121  123  119  110  105  123  113  122  119  122  109  122  126   11
ch:  18  120  121  131  134  121  123  137  134  123  120  118  115  116  118  120  112  123  116  108  118  106  119  123  121  131  121  118  120  119  119  129   47
ch:  19  139  120  133  132  126  118  132  123  121  116  106  125  134  121  122  123  118  120  109  118  107  121  111  131  120  119  125  123  123  122  119   14
ch:  20  136  140  123  131  139  140  116  135  133  111  116  109  125  122  131  104  118  110  121  123  119  117  108  119  118  117  118  120  114  133  119   -1
ch:  21  134  137  130  123  125  137  126  118  132  110  117  131  114  119  115  114  110  123  119  122  127  118  117  110  119  123  118  113  118  117  132    9
ch:  22  125  131  126  134  119  125  120  123  118  122  124  118  131  130  107  125  105  120  117  121  108  115  124  122  110  103  121  122  131  118  129   -1
ch:  23  130  133  132  125  135  122  133  130  118  131  119  122  111  125  105  115  110  125  117  123  109  122  121  121  110  124  125  130  135  124  130    3
ch:  24  126  124  130  130  129  123  131  118  122  123  124  109  123  114  133  122  111  117  118  123  123  103  109  123  124  122  112  125  110  120  123   -1
ch:  25  134  124  123  134  125  126  124  118  130  119  124  119  116  126  120  106  122  121  103  121  132  118  119  108  115  126  118  122  132  124  134    3
ch:  26  133  138  124  123  138  117  117  118  131  119  116  125  115  120  131  118  103  110  120  114  110  110  118  118  122  118  110  125  122  120  119    5
ch:  27  126  132  122  135  121  132  124  133  108  125  112  123  122  116  119  115  120  122  121  116  119  120  116  126  120  122  121  122  130  125  140   10
ch:  28  131  130  132  136  133  121  127  116  133  125  121  119  123  122  119  122  121  132  125  115  116  121  118  119  114  115  115  122  106  116  121    4
ch:  29  134  133  125  132  127  124  126  122  124  122  121  121  131  119  117  117  121  119  130  115  120  122  115  118  108  120  123  125  121  121  131   14
ch:  30  131  135  135  122  130  126  123  125  123  121  107  118  125  115  115  109  110  124  119  117  120  104  119  114  117  121  131  122  130  121  120    2
ch:  31  131  125  139  131  129  123  123  135  124  117  132  135  120  123  125  117  123  116  116  115  121  123  120  122  121  118  122  125  105  125  124    8
ch:  32  127  140  132  129  139  109  121  132  132  119  123  129  116  120  116  118  121  118  123  120  108  110  121  116  118  120  123  122  122  119  121    2
ch:  33  140  132  134  125  135  133  122  120  132  134  114  114  124  126  109  119  116  116  123  118  125  109  110  116  119  115  122  125  116  122  123    4
ch:  34  125  118  132  121  130  122  121  122  124  126  121  123  115  113  123  115  132  117  117  110  106  119  109  102  117  119  119  109  124  114  125    9
ch:  35  135  134  123  133  130  129  124  131  123  121  122  116  131  134  124  106  120  122  118  119  118  131  122  134  131  125  118  116  127  131  111   12
ch:  36  140  122  125  126  124  139  132  129  125  125  123  122  119  119  117  111  109  125  121  133  118  109  106  113  114  110  106  124  127  127  115   25
ch:  37  133  127  132  120  135  124  135  126  110  124  122  125  122  109  110  125  118  115  117  117  120  117  124  122  122  118  124  124  132  141  133    8
ch:  38  140  135  132  133  122  133  122  115  132  120  120  118  122  124  120  118  125  116  118  123  123  124  117  131  120  123  121  122  117  120  126   -1
ch:  39  121  125  126  133  134  123  121  126  120  131  122  121  122  118  122  120  121  118  130  109  125  119  122  111  119  126  125  119  132  127  123    4
ch:  40  127  134  125  125  126  118  122  123  122  116  117  119  110  116  123  114  122  118  129  115  119  115  117  123  118  119  124  113  116  130  122   43
ch:  41  134  127  137  125  125  130  137  121  124  123  126  121  121  119  132  125  119  118  117  107  106  116  122  125  126  123  135  125  117  120  134    8
ch:  42  135  120  127  137  134  138  120  124  116  130  120  117  120  130  108  119  116  119  125  116  124  119  109  116  116  122  132  115  123  127  132    6
ch:  43  123  121  131  140  135  121  123  120  120  120  116  124  122  123  124  131  119  121  116  123  123  125  115  119  123  120  134  126  122  121  131   17
ch:  44  135  123  122  121  133  124  129  130  122  126  121  130  116  126  133  125  120  111  117  126  118  119  118  118  116  121  112  126  124  121  119    3
ch:  45  131  130  132  120  136  132  122  122  118  116  125  120  110  123  124  109  117  126  108  119  132  118  123  114  120  107  120  122  132  117  126   20
ch:  46  129  134  131  130  119  141  126  119  123  114  121  121  107  114  115  109  110  124  122  124  122  120  123  106  116  119  118  120  115  120  121   10
ch:  47  131  135  121  123  124  116  135  118  116  123  118  110  121  121  116  125  117  117  118  123  125  122  119  120  137  125  120  135  129  123  136   15
ch:  48  126  126  122  125  122  127  133  116  118  123  121  134  124  111  122  130  124  126  132  122  118  116  110  119  119  123  121  122  118  123  121    2
ch:  49  135  127  130  130  125  129  122  124  121  123  121  120  122  129  120  119  117  113  129  118  125  120  121  115  116  121  122  119  132  136  117    6
ch:  50  126  134  135  126  136  126  124  135  116  123  130  118  118  119  115  115  120  118  121  118  123  115  123  116  118  122  111  115  131  118  131    1
ch:  51  133  124  138  127  134  123  120  119  124  121  113  125  125  122  130  125  115  107  109  117  126  123  119  125  131  121  119  132  118  135  124   22
ch:  52  133  122  130  133  132  132  131  121  134  124  120  119  125  110  115  120  116  116  117  124  115  108  117  116  115  116  116  119  124  137  122   46
ch:  53  132  123  131  133  125  134  135  123  128  120  117  116  119  113  116  115  109  125  124  121  110  100  120  127  126  122  121  121  123  135  136    9
ch:  54  147  118  125  121  123  124  131  123  122  125  124  118  109  130  117  121  110  108  125  120  110  117  119  114  115  117  121  123  133  123  126    6
ch:  55  141  122  134  125  109  123  115  123  116  118  126  123  120  121  116  121  123  121  119  118  126  122  119  114  120  118  132  130  132  124  125    8
ch:  56  133  133  136  122  134  120  125  121  116  124  132  123  121  123  116  124  120  119  117  120  124  122  108  117  110  116  122  138  135  123  133    8
ch:  57  127  134  133  123  117  124  117  123  121  125  133  121  120  126  114  121  123  119  123  119  115  122  127  126  114  132  130  116  124  126  119   24
ch:  58  129  135  139  132  134  124  132  116  127  127  123  124  123  117  116  120  121  115  115  118  116  124  133  120  125  117  121  108  117  121  125    2
ch:  59  138  122  134  121  131  136  140  136  122  119  110  121  119  123  115  130  119  120  128  119  125  120  121  120  122  116  125  124  135  123  132   19
ch:  60  132  133  133  135  123  123  115  123  121  133  124  118  124  118  117  115  124  108  118  112  119  111  114  125  123  123  122  120  121  121  121    5
ch:  61  139  122  134  120  137  116  134  121  131  120  115  118  121  117  116  118  115  119  117  122  106  117  126  123  122  121  124  136  122  117  122   12
ch:  62  141  119  133  124  124  122  123  135  132  132  125  120  131  122  120  122  123  125  111  118  118  122  121  116  120  110  124  116  133  116  135   48
ch:  63  123  131  135  136  118  120  125  119  122  123  116  126  119  120  124  124  117  108  120  122  121  119  107  107  111  126  120  130  121  125  131   18
ch:  64  126  132  123  125  135  117  124  117  117  118  123  119  125  122  127  125  124  121  125  117  109  133  123  121  106  116  115  121  127  124  124   13
ch:  65  130  120  133  123  116  125  124  124  110  121  121  118  108  118  121  105  117  120  122  118  117  113  116  124  115  123  122  116  124  120  120    9
ch:  66  126  125  124  129  125  122  129  133  119  123  126  122  123  117  118  121  116  147  118  116  111  116  130  121  117  109  127  121  109  121  120    3
ch:  67  132  130  136  138  131  122  124  120  119  121  123  119  122  125  122  114  131  109  120  104  110  120  107  126  133  118  122  124  127  131  124   18
ch:  68  139  130  132  133  126  131  134  129  127  130  118  124  146  118  115  114  120  123  122  115  124  125  117  114  118  117  113  126  119  135  122   -1
ch:  69  136  138  126  125  131  125  129  117  123  124  131  129  122  120  126  123  121  122  115  132  122  125  117  119  126  126  123  124  120  131  127    3
ch:  70  133  130  133  137  122  126  121  119  123  115  130  120  119  130  105  121  119  133  107  115  118  115  105  130  118  116  118  117  124  125  123    3
ch:  71  123  124  126  123  138  130  134  125  142  122  126  132  114  113  116  119  119  122  116  122  116  118  119  107  122  124  119  118  123  131  130   14
ch:  72  137  130  132  138  122  116  125  115  121  119  119  122  117  120  116  109  125  110  129  118  108  107  107  116  118  121   -1  114  119  122  117    9
ch:  73  131  136  131  122  123  116  125  125  118  119  123  118  121  118  107  123  124  123  110  118  108  121  117  121  131  126  122  117  133  132  121    9
ch:  74  126  126  130  126  124  132  118  134  125  127  119  123  125  123  121  119  116  108  119  105  110  120  122  119  119  115  120  118  123  121  121   12
ch:  75  140  139  121  122  117  121  123  133  111  121  121  121  121  120  118  125  110  119  132  122  118  123  107  123  110  120  131  126  118  124  123   13
ch:  76  121  123  123  126  119  118  131  126  117  124  125  123  118  114  121  125  120  120  124  108  115  121  120  124  116  119  126  108  109  122  139   34
ch:  77  132  136  133  119  133  122  120  119  121  124  125  120  121  117  119  125  121  123  120  119  103  119  117  124  124  123  120  119  133  130  126   15
ch:  78  133  125  124  131  134  123  117  119  118  124  134  124  124  121  117  117  121  116  113  123  118  116  111  118  108  104  106  110  119  127  116    4
ch:  79  145  127  127  131  126  131  119  122  125  126  124  123  121  116  116  110  111  121  116  119  124  121  117  126  121  123  125  135  126  119  134   18
ch:  80  134  135  132  124  122  123  121  111  120  119  118  120  124  120  126  120  110  118  110  120  115  117  121  117  119  115  116  118  122  119  118    5
ch:  81  125  137  130  131  118  117  134  119  117  117  114  123  120  121  115  115  121  121  109  127  110  109  107  120  109  132  123  126  132  131  134    6
ch:  82  133  124  127  132  122  121  126  122  135  120  125  122  125  120  104  121  110  123  116  121  118  121  108  117  116  116  116  127  115  132  106    9
ch:  83  123  137  136  130  130  131  119  114  118  126  115  122  119  120  107  115  115  119  132  114  125  120  121  131  132  117  116  115  120  120  119    9
ch:  84  124  135  133  134  123  121  134  121  126  124  122  118  122  121  117  120  118  123  118  115  103  121  125  121  132  117  121  121  122  118  122    5
ch:  85  124  124  124  130  122  121  122  125  120  122  129  119  123  115  120  119  119  108  124  115  116  102  110  127  122  122  115  132  124  116  133   17
ch:  86  136  121  132  130  124  126  117  124  115  120  127  120  114  116  114  124  117  122  122  121  115  118  106  108  116  116  115  125  117  118  121    3
ch:  87  131  133  130  130  124  122  131  131  127  118  125  120  124  118  107  119  132  114  118  111  121  125  108  107  124  116  121  118  125  136  134   10
ch:  88  133  130  127  122  122  123  125  126  119  121  132  133  116  116  117  119  115  116   -1  120  133  117  131  113  120  113  119  122  134  116  123    3
ch:  89  124  126  133  122  118  125  125  121  119  122  120  110  126  122  115  123  122  123  119  120  124  117  131  117  121  125  122  106  124  126  122   10
ch:  90  117  124  134  135  134  133  123  108  134  116  118  120  132  114  123  107  120  117  105  122  108  121  107  124  115  110  123  133  123  119  121   29
ch:  91  136  126  132  126  134  134  131  121  123  117  127  138  119  118  125  117  125  133  122  133  123  119  120  129  121  126  115  124  135  124  130    9
ch:  92  132  122  120  125  124  137  124  133  121  124  120  123  113  110  110  105  123  120  120  121  122  122  116  119  125  114  120  117  132  119  133    3
ch:  93  147  132  147  126  121  123  105  120  124  126  137  121  109  122  125  104  124  123  122  113  122  123  119  119  123  120  124  117  136  111  132    7
ch:  94  134  139  137  120  116  123  129  126  116  117  117  121  122  115  130  116  109  118  115  115  107  122  117  123  109  122  123  108  114  124  121    6
ch:  95  137  137  124  133  131  122  127  120  125  125  134  124  123  118  120   -1  117  119  118  124  115  123  108  131  122  119  131  131  131  124  133   11
ch:  96  133  130  123  118  118  132  121  120  122  120  118  115  119  131  121  115  117  108  123  116  116  124  104  116  120  124  124  119  114  118  126    3
ch:  97  125  125  125  125  124  133  118  122  130  115  130  124  132  120  134  117  114  119  116  123  123  121  105  109  115  125  122  122  136  120  126   10
ch:  98  132  134  135  125  130  131  133  118  124  123  116  118  117  130  129  138  123  126  124  122  121  108  116  115  116  134  120  120  123  127  133    2
ch:  99  124  136  118  133  121  123  122  124  122  123  127  120  124  120  115  110  127  123  118  123  118  123  117  119  118  121  132  119  123  138  126    5
ch: 100  136  132  123  131  138  138  124  134  131  117  131  110  123  122  117  121  111  127  115  125  121  123  118  119  117  114  112  122  119  127  130    3
ch: 101  134  138  120  127  110  130  123  133  124  124  125  118  115  106  117  119  131  122  115  124  126  119  123  118  123  124  132  123  119  118  125   11
ch: 102  139  117  121  120  129  146  117  121  133  125  124  125  125  119  118  118  125  121  115  116  110  118  121  119  115  122  132  122  117  125  129   -1
ch: 103  133  125  120  134  138  132  121  138  132  117  133  125  124  124  119  117  130  116  120  133  121  115  115  129  125  119  118  120  130  132  134   11
ch: 104  132  136  124  124  135  117  123  126  118  116  127  117  118  122  109  114  121  120  119  120  105  121  123  122  109  118  119  120  115  124  119   -1
ch: 105  120  121  120  118  124  121  121  117  126  114  110  119  122  126  118  131  108  116  110  126  122  108  120  120  113  120  121  119  125  121  116   10
ch: 106  126  125  121  127  135  132  114  120  126  121  120  124  123  119  122  129  108  108  123  123  116  120  120  121  104  134  127  122  126  129  124   44
ch: 107  141  136  131  133  119  126  121  126  131  121  126  122  139  125  115  118  118  122  120  131  123  126  106  121  121  118  109  133  132  130  131   10
ch: 108  121  131  127  124  138  132  125  127  119  123  117  130  132  133  114  119  122  136  132   -1  118  116  114  121  109  123  127  124  132  120  127   40
ch: 109  122  118  134  131  136  125  137  126  120  120  118  122  121  118  115  117  120  130  119  111  119  121  121  131  118  119  122  121  122  126  125   11
ch: 110  135  136  119  124  118  138  119  123  133  119  116  119  120  113  110  115  124  117  116  120  109  124  122  117  122  122  110  125  118  126  125    4
ch: 111  131  120  134  132  121  124  123  121  125  119  131  120  122  117  114  120  121  110  124  132  120  118  118  117  123  118  124  121  122  131  136    8
ch: 112  135  134  131  135  124  125  124  127  132  124  116  122  124  122  116  130  110  120  124  106  102  120  105  107  120  116  122  129  126  122  131   -1
ch: 113  132  132  131  132  132  138  134  124  122  122  121  122  119  116  125  117  122  117  126  125  117  123  120  119  122  132  110  123  120  120  131    6
ch: 114  132  122  127  125  135  139  133  123  124  121  130  130  117  121  124  107  119  120  118  106  129  117  122  113  120  122  110  116  118  118  120   29
ch: 115  127  127  124  131  122  130  136  129  123  127  131  115  117  134  124  122  108  123  118  110  121  123  116  122  133  123  118  121  122  120  124    4
ch: 116  131  126  123  140  123  133  135  125  131  119  132  125  121  129  115  116  124  119  106  118  123  115  105  122  122  120  120  122  127  132  123   -1
ch: 117  132  132  138  123  132  124  131  124  118  121  116  120  117  116  120  121  121  119  120  110  119  119  123  115  115  116  130  124  122  131  123    6
ch: 118  132  119  132  127  122  131  119  124  122  117  117  118  123  119  121  108  109  121  110  123  125  125  120  118  117  118  123  120  119  125  114    5
ch: 119  127  126  136  135  123  117  121  130  124  124  134  120  120  121  118  121  125  122  120  130  118  123  121  122  133  124  124  124  130  123  124    2
ch: 120  134  126  123  124  124  127  124  131  118  121  117  127  131  118  127  124  100  121  110  117  119  122  117  111  117  123  132  115  123  125  125    2
ch: 121  123  126  124  135  125  123  123  122  119  121  123  118  122  120  122  108  119  118  109  121  120  110  131  124  116  116  115  131  122  124  131    5
ch: 122  123  133  122  133  115  135  131  133  121  126  118  121  120  108  117  121  113  108  118  119  107  132  118  118  131  126  109  125  119  125  123   37
ch: 123  132  132  116  125  134  126  138  138  121  126  127  123  119  126  116  133  124  107  125  122  115  132  124  120  122  124  120  122  133  134  124    6
ch: 124  135  121  136  133  121  121  122  126  132  127  118  123  115  114  125  131  124  121  115  121  132  110  118  113  117  126  116  124  126  124  136   -1
ch: 125  125  145  125  140  125  123  131  131  132  121  126  124  133  123  120  135  119  117  124  125  131  119  118  120  124  124  123  122  132  133  136    7
ch: 126  122  132  119  132  136  126  118  132  112  138  127  119  118  124  116  120  121  117  123  118  122  123  118  121  117  122  107  131  127  120  138    5
ch: 127  134  125  124  129  127  146  127  120  132  125  125  116  131  126  131  119  119  122  119  122  118  120  118  132  119  123  116  120  132  136  130    7
