ch    0:      0     0     0     0     0     0     0     0     0     0     0     0     0     0     0     0     0     0     0     0     3    13    77   430  1826  9481 15088 11811 12731  8580  7145  4772
ch    1:      0     0     0     0     0     0     0     0     0     0     0     0     0     0     0     0     0     0     0     0     1    14   117   592  4123 15400 10651 11389  5172  7245 14622 16056
ch    2:      0     0     0     0     0     0     0     0     0     0     0     0     0     0     0     0     0     0     0     0     0    14   110   711  4060  7659 11382 10692  9414 11673 15938 13978
ch    3:      0     0     0     0     0     0     0     0     0     0     0     0     0     0     0     0     0     0     0     0     2    24   205  1632  6660 12494  9780  9163  8147  8844 12336 13079
ch    4:      0     0     0     0     0     0     0     0     0     0     0     0     0     0     0     0     0     0     0     1     5    24   142   936  6326 13414  7736  8617  9983 12079 11157  9953
ch    5:      0     0     0     0     0     0     0     0     0     0     0     0     0     0     0     0     0     0     0     1     7    42   256  1753  9392  6459 10707  8528 12743  7922 10177 12101
ch    6:      0     0     0     0     0     0     0     0     0     0     0     0     0     0     0     0     0     0     0     0     0    35   224  1681  8766  6733  5056 10747 10503  8754 13125  2974
ch    7:      0     0     0     0     0     0     0     0     0     0     0     0     0     0     0     0     0     0     0     0     0    41   289  2279 16040  4403  9556  9043 13936  9824 11286 12485
ch    8:      0     0     0     0     0     0     0     0     0     0     0     0     0     0     0     0     0     0     0     0     2    32   212  1908 12034 15053 10822 13927  8655 12113 13595 10551
ch    9:      0     0     0     0     0     0     0     0     0     0     0     0     0     0     0     0     0     0     0     0     2    37   342  2962 15000  6255  9528  6634  7031  7680 10230 14398
ch   10:      0     0     0     0     0     0     0     0     0     0     0     0     0     0     0     0     0     0     0     0     2    44   261  2804 13021 11452  6696 10083 14927  6137  6225 10434
ch   11:      0     0     0     0     0     0     0     0     0     0     0     0     0     0     0     0     0     0     1     1     9    78   518  3559 14645  7754  8470 11549 13067  8758 12102 13515
ch   12:      0     0     0     0     0     0     0     0     0     0     0     0     0     0     0     0     0     0     0     0     4    61   415  2376 13224 11394  9461  9647 10273 12028 17173  9694
ch   13:      0     0     0     0     0     0     0     0     0     0     0     0     0     0     0     0     0     0     0     1     3    36   439  4252  2848 13316 10145  9246  9443  2541 11282  9868
ch   14:      0     0     0     0     0     0     0     0     0     0     0     0     0     0     0     0     0     0     0     0     4    54   596  4257  8674 11354 11821  6847  8448 10362 11521 14907
ch   15:      0     0     0     0     0     0     0     0     0     0     0     0     0     0     0     0     0     0     0     0     3    85   645  3603  6833 10003 11035 13564 10898 12350  7634  9039
ch   16:      0     0     0     0     0     0     0     0     0     0     0     0     0     0     0     0     0     0     0     0     6    79   679  4733  4311 15047 14090  8448 11712 10047  9285 12734
ch   17:      0     0     0     0     0     0     0     0     0     0     0     0     0     0     0     0     0     0     0     1    15    83   963  5401 12619 13436 10967  8066 10545 13830  8427 11811
ch   18:      0     0     0     0     0     0     0     0     0     0     0     0     0     0     0     0     0     0     0     0    14   121   608  4182  2717 10478  9874  4734  8472 11938 11963 14570
ch   19:      0     0     0     0     0     0     0     0     0     0     0     0     0     0     0     0     0     0     1     1    14   200  1279  7467  5876 13108 10604  6906  9021  9140  4722 15757
ch   20:      0     0     0     0     0     0     0     0     0     0     0     0     0     0     0     0     0     0     0     1     9   118  1013  6125 16277 10014  8249 13781  5617 10419  8176 10972
ch   21:      0     0     0     0     0     0     0     0     0     0     0     0     0     0     0     0     0     0     0     0    24   157   897  7880 16516 12043  9537  5140  6434  9210  7791  9692
ch   22:      0     0     0     0     0     0     0     0     0     0     0     0     0     0     0     0     0     0     0     0    16   132  1035  7140 14446  7718  7369 11395  9216 10104  9545  6317
ch   23:      0     0     0     0     0     0     0     0     0     0     0     0     0     0     0     0     0     0     0     2    12   198  2084 10639 13773  9015 11592 14965 11028  7094 10237 10818
ch   24:      0     0     0     0     0     0     0     0     0     0     0     0     0     0     0     0     0     0     0     0    15   160  1029  4549 15400  7893 13259 10974 10122 10174 11330  6559
ch   25:      0     0     0     0     0     0     0     0     0     0     0     0     0     0     0     0     0     0     0     2    31   235  1564  8083 14459 13594  1921  8099 14413  9847 10631  8552
ch   26:      0     0     0     0     0     0     0     0     0     0     0     0     0     0     0     0     0     1     1     3    16   161  1143  8233  6539 13560 11214 11891  9797  5820  6757  8412
ch   27:      0     0     0     0     0     0     0     0     0     0     0     0     0     0     0     0     0     0     0     3    30   293  1442  9823 12290 15671 14943  7290 13896  8278 10777  9242
ch   28:      0     0     0     0     0     0     0     0     0     0     0     0     0     0     0     0     0     0     0     1    21   225  1347 10146  6224 14993  8753 10939  6243  7126  8516  9364
ch   29:      0     0     0     0     0     0     0     0     0     0     0     0     0     0     0     0     0     0     0     2    29   236  2099 14788  6577 14167  7949  7771 14160 10662  7290 11333
ch   30:      0     0     0     0     0     0     0     0     0     0     0     0     0     0     0     0     0     0     1     5    25   261  1330 10675  8989 13335 11893  7750 12277 13503 12893 13135
ch   31:      0     0     0     0     0     0     0     0     0     0     0     0     0     0     0     0     0     0     0     6    44  1429  1649 12514 12716  9270 11182  8289  6517 11180  8367  9375
ch   32:      0     0     0     0     0     0     0     0     0     0     0     0     0     0     0     0     0     0     0     0    16   159  1711  8149 15347  6122 14281 11041 12312 13966  9419  9453
ch   33:      0     0     0     0     0     0     0     0     0     0     0     0     0     0     0     0     0     0     0     1    18   186  1552 13836 16519 14195  6999 13135  9914  8375 11435 14114
ch   34:      0     0     0     0     0     0     0     0     0     0     0     0     0     0     0     0     0     0     0     0    26   241  1546 14016  5792  8209 11272 13593  9936 10711  8565  7242
ch   35:      0     0     0     0     0     0     0     0     0     0     0     0     0     0     0     0     0     0     1     4    47   274  2176 14707  8530  5396 15240 12699  8603  9917 14525  7815
ch   36:      0     0     0     0     0     0     0     0     0     0     0     0     0     0     0     0     0     0     2     2    32   286  2189 14345 10917 10267  6302 16598 11719 11839 11972  8738
ch   37:      0     0     0     0     0     0     0     0     0     0     0     0     0     0     0     0     0     0     0     2    41   319  2090 17066  4767 10122 13557 10443 11439  8410  9480  8108
ch   38:      0     0     0     0     0     0     0     0     0     0     0     0     0     0     0     0     0     0     0     5    27   287  2058 15636 14686  8508  6666 13714 10574 10152 11269 12953
ch   39:      0     0     0     0     0     0     0     0     0     0     0     0     0     0     0     0     0     0     0     5    59   429  3279 18424 14611  6126 11320  9121 16602  8255  7693 15177
ch   40:      0     0     0     0     0     0     0     0     0     0     0     0     0     0     0     0     0     0     2     7    45   310  1921 17862  5159 11471 12318  9973  8564  5312  8062 14928
ch   41:      0     0     0     0     0     0     0     0     0     0     0     0     0     0     0     0     0     0     2     6    50   373  1975 16665 11814  8168 11033 10061  8154  5942 12813  8687
ch   42:      0     0     0     0     0     0     0     0     0     0     0     0     0     0     0     0     0     0     0     5    46   350  2654  8488 14241  7543 13266 11402 11024  8085  6454 12339
ch   43:      0     0     0     0     0     0     0     0     0     0     0     0     0     0     0     0     0     0     0     5    51   354  3449  3322 11054 12818  8562  9721  8030 10655  6962  7266
ch   44:      0     0     0     0     0     0     0     0     0     0     0     0     0     0     0     0     0     0     0     1    27   375  2432 16754 16349  7851 10187 12689 11132 11539  5643  8361
ch   45:      0     0     0     0     0     0     0     0     0     0     0     0     0     0     0     0     0     0     0     6    62   623  4242 12040  6697 11448 11381 16535 12256 11592 13912  8496
ch   46:      0     0     0     0     0     0     0     0     0     0     0     0     0     0     0     0     0     0     0     3    20   308  2638 19079 11251 12529 13865  9946 10045 12421 13528 10218
ch   47:      0     0     0     0     0     0     0     0     0     0     0     0     0     0     0     0     0     0     0     9    78   595  3942  4823 13576 13620  7830 13677 12412  7775 13009  7306
ch   48:      0     0     0     0     0     0     0     0     0     0     0     0     0     0     0     0     0     0     0     3    56   487  3335 19848  5724 11001  3702  8648 12469 12178  8458 11794
ch   49:      0     0     0     0     0     0     0     0     0     0     0     0     0     0     0     0     0     0     0     3    68   585  4437  7252  5690 14938 13092  7108  9504  7366  6709  8805
ch   50:      0     0     0     0     0     0     0     0     0     0     0     0     0     0     0     0     0     0     0     8    55   524  2626 17756 16075 15495 10786  5495  9618  9197  7532  7615
ch   51:      0     0     0     0     0     0     0     0     0     0     0     0     0     0     0     0     0     0     0     4    41   545  4088  5110  7531 15292 10501 12038  9580 14363  8339  9271
ch   52:      0     0     0     0     0     0     0     0     0     0     0     0     0     0     0     0     0     0     0     2    65   379  2684 17969 14823 13158  5870 11010  9497 16735 12518  7517
ch   53:      0     0     0     0     0     0     0     0     0     0     0     0     0     0     0     0     0     0     1     4   141  1026  4624  5681  9615 13721  4742  9018  6517 11762  7422  5467
ch   54:      0     0     0     0     0     0     0     0     0     0     0     0     0     0     0     0     0     0     0     3    47   510  4621  2371 12368 11594 12513  8578 12418  7191 10515 11929
ch   55:      0     0     0     0     0     0     0     0     0     0     0     0     0     0     0     0     0     0     0     8   104   550  5329  6136 12807  9003 11882 11230  9385  8139 11026  8310
ch   56:      0     0     0     0     0     0     0     0     0     0     0     0     0     0     0     0     0     0     0     1    41   362  2684 15756 14594 10124  8578  5290 10571  9529  7063 10323
ch   57:      0     0     0     0     0     0     0     0     0     0     0     0     0     0     0     0     0     0     0    10   155   662  5074 13534 10754  5050  9917  6691  8141 12210  9851  9197
ch   58:      0     0     0     0     0     0     0     0     0     0     0     0     0     0     0     0     0     0     2     6    47   440  3830 15888  8729 10038  9089 13693 10567  9204  8030 15316
ch   59:      0     0     0     0     0     0     0     0     0     0     0     0     0     0     0     0     0     0     1     7    56   734  4240  9016 10586 13794 10915  8632  4960  7881  9244  8831
ch   60:      0     0     0     0     0     0     0     0     0     0     0     0     0     0     0     0     0     0     0     3    50   515  3770 16451  6376 16534  7210  7317 12010 10479  6049  7027
ch   61:      0     0     0     0     0     0     0     0     0     0     0     0     0     0     0     0     0     0     0     1    76   636  4501  5479 11713  6601  8081  9482  9274 14302 11138 12410
ch   62:      0     0     0     0     0     0     0     0     0     0     0     0     0     0     0     0     0     0     0     6    70   689  3515  8832 12622 11623  9584 12996  8148 10888 14008  7447
ch   63:      0     0     0     0     0     0     0     0     0     0     0     0     0     0     0     0     0     0     2    14   124   917  5285 10532 10094  9952  8046  7813  7553  8635  6596  9071
ch   64:      0     0     0     0     0     0     0     0     0     0     0     0     0     0     0     0     0     0     1     7    64   610  3800  3426  5572 11001 11639  9815 13740  3511 11949  9381
ch   65:      0     0     0     0     0     0     0     0     0     0     0     0     0     0     0     0     0     0     0    11    91   809  3328 10138 14426 11862 13576  8137 10695  9442  8941 10422
ch   66:      0     0     0     0     0     0     0     0     0     0     0     0     0     0     0     0     0     1     1     7    55   594  4225  6425 11337  9965 12993 12671  9198  6139  6879 11807
ch   67:      0     0     0     0     0     0     0     0     0     0     0     0     0     0     0     0     0     0     1    12    95   712  4932 14315  5584 12016 11220 11599 11622 14852 13402 12587
ch   68:      0     0     0     0     0     0     0     0     0     0     0     0     0     0     0     0     0     0     0     4    66   559  4104  4525  6539 12914  8621  8936 10906  5998 13282  7017
ch   69:      0     0     0     0     0     0     0     0     0     0     0     0     0     0     0     0     0     0     0     6    63   791  4012  3410 16778  8736  7178  8033  7993 14254 11075 10988
ch   70:      0     0     0     0     0     0     0     0     0     0     0     0     0     0     0     0     0     0     0     3    51   646  3601  2771 11027  9760  8985 11368 15013 10822 13912  9561
ch   71:      0     0     0     0     0     0     0     0     0     0     0     0     0     0     0     0     0     0     2     8    66   890  5600 11644 15578  8479 10290 13764 11347 10854 11539  6214
ch   72:      0     0     0     0     0     0     0     0     0     0     0     0     0     0     0     0     0     0     1     8    79   565  3908  4252  5784 12038  7071 12207 11746 10739  7010  8917
ch   73:      0     0     0     0     0     0     0     0     0     0     0     0     0     0     0     0     0     2     5    12    82   639  4080 11848  7722 11424 11523  8787  7676  6249 11612 11112
ch   74:      0     0     0     0     0     0     0     0     0     0     0     0     0     0     0     0     0     0     0     3    46   306  3800  8912 12273  9257 12967 11560 12906 12193  8074 10144
ch   75:      0     0     0     0     0     0     0     0     0     0     0     0     0     0     0     0     0     0     0    10    76   863  4819  8858 14669 11689 11502  7652 14357  8670 10120 12708
ch   76:      0     0     0     0     0     0     0     0     0     0     0     0     0     0     0     0     0     0     0     8    55   631  4376  3469 16682  9285  9529  8733  9034 13802  9408 10727
ch   77:      0     0     0     0     0     0     0     0     0     0     0     0     0     0     0     0     0     0     0     3   124   503  5219 12500 13036 12962 12549  3253 11286  9245 15501 10476
ch   78:      0     0     0     0     0     0     0     0     0     0     0     0     0     0     0     0     0     0     0     8    67   548  6317 11449  5492 11552 12885  9028  9713  5514  7324 12944
ch   79:      0     0     0     0     0     0     0     0     0     0     0     0     0     0     0     0     0     0     2    15    93   885  6787 17186 10607  9259  7946 13917  5637  6820  8639  3763
ch   80:      0     0     0     0     0     0     0     0     0     0     0     0     0     0     0     0     0     0     0     5    65   483  4186  5823  5743 11689 11021 14083 10604  5697  5336 11794
ch   81:      0     0     0     0     0     0     0     0     0     0     0     0     0     0     0     0     0     0     0     7   103   947  4321 11193  8737 13697  7210  9406  9312  7297 12901 10316
ch   82:      0     0     0     0     0     0     0     0     0     0     0     0     0     0     0     0     0     0     1     6    51   500  4538  5920 13791  8664  3224  7731 10152 10668  7671  6726
ch   83:      0     0     0     0     0     0     0     0     0     0     0     0     0     0     0     0     0     0     0     5    60   770  5568 10385  6197  9055 13529  3756 12309 10375 10134  7390
ch   84:      0     0     0     0     0     0     0     0     0     0     0     0     0     0     0     0     0     0     0     6    60   518  3805  2897  9154 15202  7879 10652 14777 10414 10355  8275
ch   85:      0     0     0     0     0     0     0     0     0     0     0     0     0     0     0     0     0     0     0     7   114   624  5518 11590 14959  9959 10951 11845 12439 12287 12760 12286
ch   86:      0     0     0     0     0     0     0     0     0     0     0     0     0     0     0     0     0     0     0     4    52   657  3335  9594  6600 11668 12772  8926 10073  5374  8391  8004
ch   87:      0     0     0     0     0     0     0     0     0     0     0     0     0     0     0     0     0     0     0     9    98   715  7030 14986 11011 11168  4750  7941  4964 15071 12962 10990
ch   88:      0     0     0     0     0     0     0     0     0     0     0     0     0     0     0     0     0     0     0     4    53   408  3845  5349  4806  9629  8285  6636  6334 17754 10395  7291
ch   89:      0     0     0     0     0     0     0     0     0     0     0     0     0     0     0     0     0     0     0     6   113   886  5557 11094  9745 11023 12572  6863  8790 14095 14338  5929
ch   90:      0     0     0     0     0     0     0     0     0     0     0     0     0     0     0     0     0     0     1     7    42   601  3970  3610  7914 11814  9686 11947 10952  9804  9224 10658
ch   91:      0     0     0     0     0     0     0     0     0     0     0     0     0     0     0     0     0     0     1    15   119   931  6601 10355  8614 11121  9784 11499 11499 10483  4607 10145
ch   92:      0     0     0     0     0     0     0     0     0     0     0     0     0     0     0     0     0     0     0     1    30   676  4074 12420  7452  4914  9706 10627  5801 10478 12697 14857
ch   93:      0     0     0     0     0     0     0     0     0     0     0     0     0     0     0     0     0     0     0    10    78   903  4672 12373  9994 11367  8073  9489 10774  6390 10952  9613
ch   94:      0     0     0     0     0     0     0     0     0     0     0     0     0     0     0     0     0     0     0     4    55   409  3713 11757  7389 11150 12408 14045  9469 11208 12891 10367
ch   95:      0     0     0     0     0     0     0     0     0     0     0     0     0     0     0     0     0     0     1     3   100  1184  8538 13140 11028  8796  7238  7049 10325  6771  9866 11871
ch   96:      0     0     0     0     0     0     0     0     0     0     0     0     0     0     0     0     0     0     1    18    82   583  6309  8023  9362 10939  6480  6138  7979  8624  7779  9201
ch   97:      0     0     0     0     0     0     0     0     0     0     0     0     0     0     0     0     0     0     1     4    83   710  7004 12451 12517  7857 13019 10649 13377  9061  8789  8158
ch   98:      0     0     0     0     0     0     0     0     0     0     0     0     0     0     0     0     0     0     0     4    39   610  4952 14661  7101  7950  5221  6324  8617 11135  9708 10067
ch   99:      0     0     0     0     0     0     0     0     0     0     0     0     0     0     0     0     0     0     0     7   106   834  6760  5795 12046 13146  7386  7827  6240  7135  7063 10184
ch  100:      0     0     0     0     0     0     0     0     0     0     0     0     0     0     0     0     0     0     0    10    51   473  5079 14923 11519  9803 10834  7877 12621  8129  5433 10819
ch  101:      0     0     0     0     0     0     0     0     0     0     0     0     0     0     0     0     0     0     0    14   116  1343  5977 15096  9923  8389  9325 11098 10755 12881  9585  7260
ch  102:      0     0     0     0     0     0     0     0     0     0     0     0     0     0     0     0     0     2     2     5    51   695  5460 12848 12666 10040 15252 10665 10449  6166  7570  9765
ch  103:      0     0     0     0     0     0     0     0     0     0     0     0     0     0     0     0     0     0     0     2    96   634  4674  6519 14379  9924  9205 12160 11474  9333  5861 14598
ch  104:      0     0     0     0     0     0     0     0     0     0     0     0     0     0     0     0     0     0     0     4    61   685  6895  4866  9795 10818 10809 12025  8801 12161  8746  8836
ch  105:      0     0     0     0     0     0     0     0     0     0     0     0     0     0     0     0     0     1     1     6   102   887  6451 13548 12705  9226  5760 10919  7763 10232  9987  8756
ch  106:      0     0     0     0     0     0     0     0     0     0     0     0     0     0     0     0     0     0     0     5    69   555  4739 14662 10013  9013 15953 11307 10084  8816  5529 11365
ch  107:      0     0     0     0     0     0     0     0     0     0     0     0     0     0     0     0     0     0     2     9    87  1016  6385 13403 12470  9962 12060 13042 12576 11271  9734  7593
ch  108:      0     0     0     0     0     0     0     0     0     0     0     0     0     0     0     0     0     0     0     7    94   714  5390 14093  9496 13003  9145 10207 15014 10535  6260 11379
ch  109:      0     0     0     0     0     0     0     0     0     0     0     0     0     0     0     0     0     0     1    13   136  1226  6048  8538 11619 14597  9264 14293 11989 11649  6605 10054
ch  110:      0     0     0     0     0     0     0     0     0     0     0     0     0     0     0     0     0     0     1     6    62   556  5856  5426  9587  8381 11307 10214 11908 10646 14474  7475
ch  111:      0     0     0     0     0     0     0     0     0     0     0     0     0     0     0     0     0     0     5    21   147  1348  7712  4972 11202  8940  8218 14193  8623  8041 14855 12014
ch  112:      0     0     0     0     0     0     0     0     0     0     0     0     0     0     0     0     0     1     1     5    46   646  3597 10544  6777 12382  8043 12291  5165  9963  7900 15148
ch  113:      0     0     0     0     0     0     0     0     0     0     0     0     0     0     0     0     0     0     2     7    77   843  5993 16511  8649  8995 11568 12676 10746  9548 10133 14570
ch  114:      0     0     0     0     0     0     0     0     0     0     0     0     0     0     0     0     0     0     0     6    50   710  5708  3704  9712 10945 10653 12063  9518  6955  6732 13692
ch  115:      0     0     0     0     0     0     0     0     0     0     0     0     0     0     0     0     0     0     3    12   104   836  7314  5740 10917 12044  8509  9384 12123 12252 11088  8399
ch  116:      0     0     0     0     0     0     0     0     0     0     0     0     0     0     0     0     0     0     0     9    81   549  4148 12323  9392 12768 10266  7789  9423 10796 11956 10855
ch  117:      0     0     0     0     0     0     0     0     0     0     0     0     0     0     0     0     0     0     1     6   132   927  7117  8646  9266  9126  6215  8261 13420  8795  8576 11078
ch  118:      0     0     0     0     0     0     0     0     0     0     0     0     0     0     0     0     0     0     1     7    69   557  4530  4456  9429  7526 10486  9209 11302 11463  7789  7632
ch  119:      0     0     0     0     0     0     0     0     0     0     0     0     0     0     0     0     0     0     1    14   133  1302 10465  5675 11569 14633 13922  9395 13457  7461 12621 16921
ch  120:      0     0     0     0     0     0     0     0     0     0     0     0     0     0     0     0     0     0     0     4    46   507  3832 11812 13435 12688  3979 10996  9048  7097  4458  7274
ch  121:      0     0     0     0     0     0     0     0     0     0     0     0     0     0     0     0     0     0     0    23   136   807  8331  4095 12052 10261 10495  9215  8580  7332  3613 10600
ch  122:      0     0     0     0     0     0     0     0     0     0     0     0     0     0     0     0     0     0     0     6    80   703  5746  8076 13845 11039  9513 14517 12020 11213 10419 12112
ch  123:      0     0     0     0     0     0     0     0     0     0     0     0     0     0     0     0     0     0     1    10   149  1754  9688 12549 14193  8580  7436  9617  8576  8719  9908  8693
ch  124:      0     0     0     0     0     0     0     0     0     0     0     0     0     0     0     0     0     0     0    11   138   903  8128 12097  8613 12270 11302  9195  7446  6281 13565 11326
ch  125:      0     0     0     0     0     0     0     0     0     0     0     0     0     0     0     0     0     0     1    14    93  1169 10910 12433 14394 14275  6417 13718  5389 13647 11018 13406
ch  126:      0     0     0     0     0     0     0     0     0     0     0     0     0     0     0     0     0     0     0    15    95   990  8614  4421 12805  6580 11712 11492 10127  9835  9162  9652
ch  127:      0     0     0     0     0     0     0     0     0     0     0     0     0     0     0     0     0     0     6    31   186  1092 12938 16114 11606 12637 13282 13382  2435 14395  8222 12828
