ch    0:      0     0     0     0     0     0     0     0     0     0     0     0     0     0     0     0     0     0     0     0     0     0     2    17   382  3274  4861 12688  9937 16282  9126   646
ch    1:      0     0     0     0     0     0     0     0     0     0     0     0     0     0     0     0     0     0     0     0     0     0     1    23   300  3291 17982  6377 11967 12543 10166 17001
ch    2:      0     0     0     0     0     0     0     0     0     0     0     0     0     0     0     0     0     0     0     0     0     0     6    48   503  6091 13835 14164  6065  7572 11387  1328
ch    3:      0     0     0     0     0     0     0     0     0     0     0     0     0     0     0     0     0     0     0     0     0     0     1    14   366  4314 12577  6898 11076  9096 15496  9016
ch    4:      0     0     0     0     0     0     0     0     0     0     0     0     0     0     0     0     0     0     0     0     0     1     2    43   573  7252 12445  5666  6478  9355 14386  1610
ch    5:      0     0     0     0     0     0     0     0     0     0     0     0     0     0     0     0     0     0     0     0     0     0     2    24   509  6249  9579  8683  8789  9030  9567 13624
ch    6:      0     0     0     0     0     0     0     0     0     0     0     0     0     0     0     0     0     0     0     0     0     0     1    37   511  6933  8281  9208  8988  8194  8066  1561
ch    7:      0     0     0     0     0     0     0     0     0     0     0     0     0     0     0     0     0     0     0     0     0     0     0    32   717  8805  9369 13511  7706 13205  6993  8623
ch    8:      0     0     0     0     0     0     0     0     0     0     0     0     0     0     0     0     0     0     0     0     0     0     0    37   631  9611 10051 11129 14308  9342 10626  2018
ch    9:      0     0     0     0     0     0     0     0     0     0     0     0     0     0     0     0     0     0     0     0     0     0     2    55   857 10048 10103 10498 12657 13650 11810 10003
ch   10:      0     0     0     0     0     0     0     0     0     0     0     0     0     0     0     0     0     0     0     0     0     1     4    81  1304 11849 11248 11608  7794  7060 11411  2799
ch   11:      0     0     0     0     0     0     0     0     0     0     0     0     0     0     0     0     0     0     0     0     0     0     3    97  1302 12767 13858  9741 16014 13021  8215  9194
ch   12:      0     0     0     0     0     0     0     0     0     0     0     0     0     0     0     0     0     0     0     0     0     0     2    90  2089 11869  7337  7836  8105 11641 10045  3769
ch   13:      0     0     0     0     0     0     0     0     0     0     0     0     0     0     0     0     0     0     0     0     0     0     2    83  1452 14167  6180  7624  8741  9182 10426 11619
ch   14:      0     0     0     0     0     0     0     0     0     0     0     0     0     0     0     0     0     0     0     0     0     0     2   114  1623  9141  8213 12200 10182 12583  9648  4336
ch   15:      0     0     0     0     0     0     0     0     0     0     0     0     0     0     0     0     0     0     0     0     0     0     6   176  1589 12632  7696  8376 10441 15584  9992 12694
ch   16:      0     0     0     0     0     0     0     0     0     0     0     0     0     0     0     0     0     0     0     0     0     0     4    96  1861 11835 10289 11643 13016  9916 14130  5238
ch   17:      0     0     0     0     0     0     0     0     0     0     0     0     0     0     0     0     0     0     0     0     0     0     9   149  2420 10291 10214  7519  8736  9859 10798  6567
ch   18:      0     0     0     0     0     0     0     0     0     0     0     0     0     0     0     0     0     0     0     0     0     1     5   118  1511 12217 11350  8102  6801 12304 10043  8352
ch   19:      0     0     0     0     0     0     0     0     0     0     0     0     0     0     0     0     0     0     0     0     0     0     9   119  2488 12542  8509  6290  8969 12011  7536 10965
ch   20:      0     0     0     0     0     0     0     0     0     0     0     0     0     0     0     0     0     0     0     0     0     0    10   144  1845 11766 11870 12657 13015 11861 13900  8536
ch   21:      0     0     0     0     0     0     0     0     0     0     0     0     0     0     0     0     0     0     0     0     0     0     9   189  3019 10296  8566  6781  8540  4079  9385  9180
ch   22:      0     0     0     0     0     0     0     0     0     0     0     0     0     0     0     0     0     0     0     0     0     1    11   189  1966 15939 11103  9662 11662  7771  8523  9265
ch   23:      0     0     0     0     0     0     0     0     0     0     0     0     0     0     0     0     0     0     0     0     0     0    15   213  3565  8375  8413 11021  7160 10123 10579 15037
ch   24:      0     0     0     0     0     0     0     0     0     0     0     0     0     0     0     0     0     0     0     0     0     0    10   211  2274 11298  5094  6968 10531  4096 11041 12189
ch   25:      0     0     0     0     0     0     0     0     0     0     0     0     0     0     0     0     0     0     0     0     0     0     6   227  2209  8595 11436 10649  8409  9821  9538 12414
ch   26:      0     0     0     0     0     0     0     0     0     0     0     0     0     0     0     0     0     0     0     0     0     0    15   179  2162 12084  8167  7295  8969  6789 14416 16052
ch   27:      0     0     0     0     0     0     0     0     0     0     0     0     0     0     0     0     0     0     0     0     0     0     7   205  2787  8804  9587 11310  8413  7154  8898  9932
ch   28:      0     0     0     0     0     0     0     0     0     0     0     0     0     0     0     0     0     0     0     0     0     0     4   170  2749 10260  7753  5645  9537 10548  5822  3990
ch   29:      0     0     0     0     0     0     0     0     0     0     0     0     0     0     0     0     0     0     0     0     0     0     9   119  3328 11683 13803  8428  8770  5396 11516 10140
ch   30:      0     0     0     0     0     0     0     0     0     0     0     0     0     0     0     0     0     0     0     0     0     0     8   341  2506  6164 13100 13645  9781  9129 10974  6086
ch   31:      0     0     0     0     0     0     0     0     0     0     0     0     0     0     0     0     0     0     0     0     0     1    10   282  4296  8922 14400 13026 12377  7791 13132  6310
ch   32:      0     0     0     0     0     0     0     0     0     0     0     0     0     0     0     0     0     0     0     0     0     0    15   195  2078  7192  8972  5390  9109  9864 11730  6883
ch   33:      0     0     0     0     0     0     0     0     0     0     0     0     0     0     0     0     0     0     0     0     0     0    10   297  2759 10398 13639  7069  8057 13804  9501 10096
ch   34:      0     0     0     0     0     0     0     0     0     0     0     0     0     0     0     0     0     0     0     0     0     0     8   213  2744  8734  8987  8185  8775  8910  8035 11813
ch   35:      0     0     0     0     0     0     0     0     0     0     0     0     0     0     0     0     0     0     0     0     0     2    10   187  3167  7556  9927  6488 10874 10529  8847 13032
ch   36:      0     0     0     0     0     0     0     0     0     0     0     0     0     0     0     0     0     0     0     0     0     0     8   261  3628  8061  9083  7271  8167 11992  4388 16037
ch   37:      0     0     0     0     0     0     0     0     0     0     0     0     0     0     0     0     0     0     0     0     0     0    12   309  3650  7452  7040 14475  8672  7146  4598 10517
ch   38:      0     0     0     0     0     0     0     0     0     0     0     0     0     0     0     0     0     0     0     0     0     0     8   296  3653 12367 16886  9683 10735  7240  7375 16376
ch   39:      0     0     0     0     0     0     0     0     0     0     0     0     0     0     0     0     0     0     0     0     0     1    10   331  5747  5027 10486 11426  5451 11280 10748 11944
ch   40:      0     0     0     0     0     0     0     0     0     0     0     0     0     0     0     0     0     0     0     0     0     0    11   348  4613 14973  5743 12568  6792 17512 13688  8550
ch   41:      0     0     0     0     0     0     0     0     0     0     0     0     0     0     0     0     0     0     0     0     0     0     6   336  3643 12727  9949 10631 10191  8720 12074  5520
ch   42:      0     0     0     0     0     0     0     0     0     0     0     0     0     0     0     0     0     0     0     0     0     0    19   320  4399  9647  9840 12723  9727 13441 11864  6949
ch   43:      0     0     0     0     0     0     0     0     0     0     0     0     0     0     0     0     0     0     0     0     0     1    21   251  7687  8955  7842  9204 10145 10098 12543  7189
ch   44:      0     0     0     0     0     0     0     0     0     0     0     0     0     0     0     0     0     0     0     0     0     0    11   401  5199 10441 12012 12947  9895 16340 13214  6795
ch   45:      0     0     0     0     0     0     0     0     0     0     0     0     0     0     0     0     0     0     0     0     0     0    19   271  6058  7869 11522 10749 11755 12866  9240 13405
ch   46:      0     0     0     0     0     0     0     0     0     0     0     0     0     0     0     0     0     0     0     0     0     1    28   597  8497  8838  8889 14878 10593 10881  8033 11986
ch   47:      0     0     0     0     0     0     0     0     0     0     0     0     0     0     0     0     0     0     0     0     0     0    17   473 10016  9432 14152  8787 11636 14404 10338  6554
ch   48:      0     0     0     0     0     0     0     0     0     0     0     0     0     0     0     0     0     0     0     0     0     1    18   683  5489 13207  9935  7260  9032 11471 10357  8986
ch   49:      0     0     0     0     0     0     0     0     0     0     0     0     0     0     0     0     0     0     0     0     0     0    22   536  7499  7472  8677 14687 13376 10051 11154 11597
ch   50:      0     0     0     0     0     0     0     0     0     0     0     0     0     0     0     0     0     0     0     0     0     0    28   355  7387  9834  9876 15562 11787  6916 14098 10022
ch   51:      0     0     0     0     0     0     0     0     0     0     0     0     0     0     0     0     0     0     0     0     0     0    23   339  8041  7452  5296  6134 13531 10612  9660  9357
ch   52:      0     0     0     0     0     0     0     0     0     0     0     0     0     0     0     0     0     0     0     0     0     0    16   441  6760  6894 16639  8486  9728 11058 11153 10894
ch   53:      0     0     0     0     0     0     0     0     0     0     0     0     0     0     0     0     0     0     0     0     0     1    28   606  6739  7173  9241  7915 13510 10815 13365 10941
ch   54:      0     0     0     0     0     0     0     0     0     0     0     0     0     0     0     0     0     0     0     0     0     0    24   503  6970  6194  9738 13082  9851 10810  6653 17169
ch   55:      0     0     0     0     0     0     0     0     0     0     0     0     0     0     0     0     0     0     0     0     0     3    21   501  5758 12583 11435 11618 11561 13040  7196 14277
ch   56:      0     0     0     0     0     0     0     0     0     0     0     0     0     0     0     0     0     0     0     0     0     0    19   386  7780  9611 11104 14273  8620  9778 11833  8287
ch   57:      0     0     0     0     0     0     0     0     0     0     0     0     0     0     0     0     0     0     0     0     0     3    39   550  6408 15549 10948  2841  9848  7558 11193  7988
ch   58:      0     0     0     0     0     0     0     0     0     0     0     0     0     0     0     0     0     0     0     0     0     2    28   523  8343  9373 15602 11699  6327 10204 13109  6130
ch   59:      0     0     0     0     0     0     0     0     0     0     0     0     0     0     0     0     0     0     0     0     0     1    37   646  6335  8706 10541 14756  8499 12025 12972 13536
ch   60:      0     0     0     0     0     0     0     0     0     0     0     0     0     0     0     0     0     0     0     0     0     0    24   760 11147  9652  9235 12786  7821 11813 14402  8540
ch   61:      0     0     0     0     0     0     0     0     0     0     0     0     0     0     0     0     0     0     0     0     0     1    48   446 10717 12208  7049  8281 12387  7707  7327 11975
ch   62:      0     0     0     0     0     0     0     0     0     0     0     0     0     0     0     0     0     0     0     0     0     0    17   475  7087  8938  9906 17754 10204 11635  9176  5332
ch   63:      0     0     0     0     0     0     0     0     0     0     0     0     0     0     0     0     0     0     0     0     0     3    33   551 12660 13484 13590  9973  9134 10286 11156  8122
ch   64:      0     0     0     0     0     0     0     0     0     0     0     0     0     0     0     0     0     0     0     0     0     2    42   481 12177 17540  6615 12749  5158 10142  6284  8830
ch   65:      0     0     0     0     0     0     0     0     0     0     0     0     0     0     0     0     0     0     0     0     0     0    56   862 11234 16213 12083  8082 11191 10123  8700  7444
ch   66:      0     0     0     0     0     0     0     0     0     0     0     0     0     0     0     0     0     0     0     0     0     0    27   715  6685 16432 12582 10551 15216  9009  8538  8940
ch   67:      0     0     0     0     0     0     0     0     0     0     0     0     0     0     0     0     0     0     0     0     0     3    68   718  9668 15385 11153  9809 10693  9194 14215 11748
ch   68:      0     0     0     0     0     0     0     0     0     0     0     0     0     0     0     0     0     0     0     0     0     3    47   794  9208  9809  5820 11353  9796  7456 14903  5139
ch   69:      0     0     0     0     0     0     0     0     0     0     0     0     0     0     0     0     0     0     0     0     0     1    40  1071  9960  8176 13461  6118  7566 10260  9535 15897
ch   70:      0     0     0     0     0     0     0     0     0     0     0     0     0     0     0     0     0     0     0     0     0     0    29   544  8997  9076 10851  8363  8138 11705 11207  5429
ch   71:      0     0     0     0     0     0     0     0     0     0     0     0     0     0     0     0     0     0     0     0     1     2    39   759 10128 15172 11632  6916 10691  8313 12581  9448
ch   72:      0     0     0     0     0     0     0     0     0     0     0     0     0     0     0     0     0     0     0     0     0     2    39   657  7427 14127 12274 12968 12471  2873 10334  4612
ch   73:      0     0     0     0     0     0     0     0     0     0     0     0     0     0     0     0     0     0     0     0     0     0    59   647 11880 18436 10771 10181  5880  7994  9502 10021
ch   74:      0     0     0     0     0     0     0     0     0     0     0     0     0     0     0     0     0     0     0     0     0     1    36   796  7557  9001  8731 10948  8509 14536 10828 12367
ch   75:      0     0     0     0     0     0     0     0     0     0     0     0     0     0     0     0     0     0     0     0     0     1    63   864 10632  3739  5568 14422  8882 12882 12407 10324
ch   76:      0     0     0     0     0     0     0     0     0     0     0     0     0     0     0     0     0     0     0     0     0     4    40   655  9379  6481 13592 12845  9339  8415  6136  7340
ch   77:      0     0     0     0     0     0     0     0     0     0     0     0     0     0     0     0     0     0     0     0     1     1    49   915  9498  6710  5627 14165  4497  6451  4650 10283
ch   78:      0     0     0     0     0     0     0     0     0     0     0     0     0     0     0     0     0     0     0     0     0     2    72   856  9157 10684 10132  8244  9922  9636 14774  5159
ch   79:      0     0     0     0     0     0     0     0     0     0     0     0     0     0     0     0     0     0     0     0     0     2    58  1102 12594  9489  8783 16303 11114  7380  5901  7842
ch   80:      0     0     0     0     0     0     0     0     0     0     0     0     0     0     0     0     0     0     0     0     0     1    38   610 10442 14401  6684 13233 10649  8485 10778 18545
ch   81:      0     0     0     0     0     0     0     0     0     0     0     0     0     0     0     0     0     0     0     0     0     3    95  1135 10782 13144  7972  8547 10505 12369  8227 10912
ch   82:      0     0     0     0     0     0     0     0     0     0     0     0     0     0     0     0     0     0     0     0     0     2    33  1177  8796  8867  8716 12823 10089  7994  9328  1696
ch   83:      0     0     0     0     0     0     0     0     0     0     0     0     0     0     0     0     0     0     0     0     0     2    84  1297 10548 13134  9296 14523 13556 10128 13428 11518
ch   84:      0     0     0     0     0     0     0     0     0     0     0     0     0     0     0     0     0     0     0     0     0     0    46   915 10462  6485  9019  6751  6969 14309  9295 18866
ch   85:      0     0     0     0     0     0     0     0     0     0     0     0     0     0     0     0     0     0     0     0     0     0    93  1138 11431 10073  9416  5809  6212 12656  6457  7706
ch   86:      0     0     0     0     0     0     0     0     0     0     0     0     0     0     0     0     0     0     0     0     0     1    22  1118  9348  9956  5238 11020  7943 12071 11866 18923
ch   87:      0     0     0     0     0     0     0     0     0     0     0     0     0     0     0     0     0     0     0     0     1     4   112  1173 13280  5835 10495  7122 12916 12333 10796 13933
ch   88:      0     0     0     0     0     0     0     0     0     0     0     0     0     0     0     0     0     0     0     0     0     1    40  1029  8810 15178 10077 12845 14650 12647  7922  1462
ch   89:      0     0     0     0     0     0     0     0     0     0     0     0     0     0     0     0     0     0     0     0     0     1    52  1403 11342  7079  8541 10091 11932 11248 10275  4261
ch   90:      0     0     0     0     0     0     0     0     0     0     0     0     0     0     0     0     0     0     0     0     0     2    61   928 13172  6322  7562 10971 13145 10008 10474 10536
ch   91:      0     0     0     0     0     0     0     0     0     0     0     0     0     0     0     0     0     0     0     0     0     1    73   899 10884 10840 10869 11417 10530  8621  7687  8485
ch   92:      0     0     0     0     0     0     0     0     0     0     0     0     0     0     0     0     0     0     0     0     0     2    30   911  7277 12558  9290 14163  9418  6879 15761 13061
ch   93:      0     0     0     0     0     0     0     0     0     0     0     0     0     0     0     0     0     0     0     0     0     1    80  2057 14410  6203  9157 10114  4223 17517 10165 13037
ch   94:      0     0     0     0     0     0     0     0     0     0     0     0     0     0     0     0     0     0     0     0     0     3    74   823  9979  7007  9958  8765 14976 10115  8697  9617
ch   95:      0     0     0     0     0     0     0     0     0     0     0     0     0     0     0     0     0     0     0     0     0     5    94  1744 13115  9500  7660 10499 12473  8482  9711  8806
ch   96:      0     0     0     0     0     0     0     0     0     0     0     0     0     0     0     0     0     0     0     0     0     3    55   933 12533  9504 10034 12584  4838  9860 10270  1940
ch   97:      0     0     0     0     0     0     0     0     0     0     0     0     0     0     0     0     0     0     0     0     0     2    66  1102 11698 16541  8303 12659 11565  8781  8867  5184
ch   98:      0     0     0     0     0     0     0     0     0     0     0     0     0     0     0     0     0     0     0     0     0     1    39  1524 14667  6743 12828  6986 10735 11720  8639 15538
ch   99:      0     0     0     0     0     0     0     0     0     0     0     0     0     0     0     0     0     0     0     0     0     7   100  1350 11741  6585  9256  9328 10276 10560  4897  4791
ch  100:      0     0     0     0     0     0     0     0     0     0     0     0     0     0     0     0     0     0     0     0     1     4    58  1355 10805 14297  9176 11536 12331 10002 11244  4902
ch  101:      0     0     0     0     0     0     0     0     0     0     0     0     0     0     0     0     0     0     0     0     0     5    98  1566 13914 12372  5123  5612  8008  8237 16441 11320
ch  102:      0     0     0     0     0     0     0     0     0     0     0     0     0     0     0     0     0     0     0     0     0     3    72  1856 11354  9338  8719  6346 13769  9919 11847  5002
ch  103:      0     0     0     0     0     0     0     0     0     0     0     0     0     0     0     0     0     0     0     0     0     3    68  1319 14446 10392 10358 10691  8854  8414 15793 13144
ch  104:      0     0     0     0     0     0     0     0     0     0     0     0     0     0     0     0     0     0     0     0     0     0    54  1353 13142  8850  7580 12272  9778 12070 14263  9340
ch  105:      0     0     0     0     0     0     0     0     0     0     0     0     0     0     0     0     0     0     0     0     0     2    26   889 11473  8794 11076 10496  8655  9278  5970 16155
ch  106:      0     0     0     0     0     0     0     0     0     0     0     0     0     0     0     0     0     0     0     0     0     1    28   993  9530 11614 11609 13048 14952  9409  9520 12504
ch  107:      0     0     0     0     0     0     0     0     0     0     0     0     0     0     0     0     0     0     0     0     0     1    67  1260 11198 12132  7825 11198  8476  6772 12164 12604
ch  108:      0     0     0     0     0     0     0     0     0     0     0     0     0     0     0     0     0     0     0     0     1     3    67  1407 11368  8447 11055 11218 10108 10592  9278  5038
ch  109:      0     0     0     0     0     0     0     0     0     0     0     0     0     0     0     0     0     0     0     0     0     8    91  1527 12302  8767 10176 13777 12324 15643  7272 10253
ch  110:      0     0     0     0     0     0     0     0     0     0     0     0     0     0     0     0     0     0     0     0     0     3    45  1207 12590 11118  7154 10252 14793  9030  8449  8181
ch  111:      0     0     0     0     0     0     0     0     0     0     0     0     0     0     0     0     0     0     0     0     0     3   113  1064 16421  7872 11786 16102 11467  8445 11023 10553
ch  112:      0     0     0     0     0     0     0     0     0     0     0     0     0     0     0     0     0     0     0     0     0     5    52  2037 13859  5562 10461 13801 12871  9368 14796 12755
ch  113:      0     0     0     0     0     0     0     0     0     0     0     0     0     0     0     0     0     0     0     0     1     9    81  2080 16734 10528  5486  5183 10356 13683  9474 10615
ch  114:      0     0     0     0     0     0     0     0     0     0     0     0     0     0     0     0     0     0     0     0     0     5    75  1802  6905 10248 12269  7437  9783 12092  5326 10347
ch  115:      0     0     0     0     0     0     0     0     0     0     0     0     0     0     0     0     0     0     0     0     0     7   130  1570 15613  7907 10142 11727 13031 12880  8793  8284
ch  116:      0     0     0     0     0     0     0     0     0     0     0     0     0     0     0     0     0     0     0     0     0     8   131  1555  7783  9165  9770  7219 10328  9548 12212 15123
ch  117:      0     0     0     0     0     0     0     0     0     0     0     0     0     0     0     0     0     0     0     0     0     2   162  2123  7401  8168 11470  7492  7961 10020  7555  8954
ch  118:      0     0     0     0     0     0     0     0     0     0     0     0     0     0     0     0     0     0     0     0     1    10    92  1378 12317 14890 10678 13535  8609  6853  8667 11122
ch  119:      0     0     0     0     0     0     0     0     0     0     0     0     0     0     0     0     0     0     0     0     0     5   111  1661  7836 11343  7939 11018  9143 13456 11490 14272
ch  120:      0     0     0     0     0     0     0     0     0     0     0     0     0     0     0     0     0     0     0     0     1    10    86  1557 15239 11823 15881  8864  8354  9907  8626 14507
ch  121:      0     0     0     0     0     0     0     0     0     0     0     0     0     0     0     0     0     0     0     0     0     6   117  1897 12151 10379  9615 11162  9114 10473 10497  8205
ch  122:      0     0     0     0     0     0     0     0     0     0     0     0     0     0     0     0     0     0     0     0     0    12   184  1855  5851 13455  9347  8360 14491  8129  9954  3627
ch  123:      0     0     0     0     0     0     0     0     0     0     0     0     0     0     0     0     0     0     0     0     1    12   156  3716 10856  7451  9118  6447  8469 10520 13315 14711
ch  124:      0     0     0     0     0     0     0     0     0     0     0     0     0     0     0     0     0     0     0     0     1     9   166  2072  6446  8893 12098 15474  8660 12311 10859 15305
ch  125:      0     0     0     0     0     0     0     0     0     0     0     0     0     0     0     0     0     0     0     0     0    24   466  4472 10651 10529 12405  9651 11470 10584  8179 11298
ch  126:      0     0     0     0     0     0     0     0     0     0     0     0     0     0     0     0     0     0     0     0     0     8   183  2865  8517 10464  9501 10378  9116  9147 10384  7591
ch  127:      0     0     0     0     0     0     0     0     0     0     0     0     0     0     0     0     0     1    29   233  1421  9010 10020 11167  9896 13244  3998 10141  8499  9185  7168 11908
