ch    0:      0     0     0     0     0     0     0     0     0     0     0     0     0     0     0     0     0     0     0     0     0     5    63   588  3424 10608 11448 15539 15518 12755 10221 12996
ch    1:      0     0     0     0     0     0     0     0     0     0     0     0     0     0     0     0     0     0     0     0     2     6    73   728  4931  6007  6908 11396  9007  6988 13987  3707
ch    2:      0     0     0     0     0     0     0     0     0     0     0     0     0     0     0     0     0     0     0     0     2    24   223  2006  6566  7048 12124 11424  7439 11485 13620  9627
ch    3:      0     0     0     0     0     0     0     0     0     0     0     0     0     0     0     0     0     0     1     2     2    29   229  1737 13308  9453 11634 11045 11983  6394  7302  7380
ch    4:      0     0     0     0     0     0     0     0     0     0     0     0     0     0     0     0     0     0     0     1     4    21   201  1997 10158  9189  5925  7017 14762 13639 14396 12501
ch    5:      0     0     0     0     0     0     0     0     0     0     0     0     0     0     0     0     0     0     0     0     1    40   336  1880 11673 10039  8819  9805 11585  8373 13381 14414
ch    6:      0     0     0     0     0     0     0     0     0     0     0     0     0     0     0     0     0     0     0     0     0    24   460  2422 12352 10497  8005  9412 13456  8232  4367  8141
ch    7:      0     0     0     0     0     0     0     0     0     0     0     0     0     0     0     0     0     0     0     0     0    56   429  3453  8460 13367 11427 13191 11302  4687  5165 17600
ch    8:      0     0     0     0     0     0     0     0     0     0     0     0     0     0     0     0     0     0     0     0     4    63   450  3454  9164  6716 10267 11982 16116  6087  7248  1410
ch    9:      0     0     0     0     0     0     0     0     0     0     0     0     0     0     0     0     0     0     0     0     3    38   357  3453 14913  7080 10362 11540 12444 10225 14511  5466
ch   10:      0     0     0     0     0     0     0     0     0     0     0     0     0     0     0     0     0     0     0     0     3    63   722  4454  2730  7352  6658  9347 11811  8461  4624  1755
ch   11:      0     0     0     0     0     0     0     0     0     0     0     0     0     0     0     0     0     0     0     0    10    69   656  5268  5482  6819  9362 12570 10080 14460 11062 17264
ch   12:      0     0     0     0     0     0     0     0     0     0     0     0     0     0     0     0     0     0     0     0     5    77   638  5140 10607 10044  8278 14509  5860 15572 11512  2202
ch   13:      0     0     0     0     0     0     0     0     0     0     0     0     0     0     0     0     0     0     0     0     6    54   508  4257 16359 14677  8896  9891  8084  9731  8616  5348
ch   14:      0     0     0     0     0     0     0     0     0     0     0     0     0     0     0     0     0     0     0     0     7    96   832  5079 17353 10867 14924 11283  5534  8116  8245  2612
ch   15:      0     0     0     0     0     0     0     0     0     0     0     0     0     0     0     0     0     0     0     0     5    33   838  8109  7612  8422  7543  9167  8583 11034 13495 13503
ch   16:      0     0     0     0     0     0     0     0     0     0     0     0     0     0     0     0     0     0     0     0     7    90  1177 11826 13621 10490  8829 10374  8109 14201 11209  4663
ch   17:      0     0     0     0     0     0     0     0     0     0     0     0     0     0     0     0     0     0     0     0     0     2     8   152  3043 12534  7574  8384  7287  6512  4210 13241
ch   18:      0     0     0     0     0     0     0     0     0     0     0     0     0     0     0     0     0     0     0     0     0     0    14   119  1695  5787 10601 14285 10421 13353 13308  4634
ch   19:      0     0     0     0     0     0     0     0     0     0     0     0     0     0     0     0     0     0     0     0     0     0    16   314  2718  7836 14799  7618 12036 12736 12460  6767
ch   20:      0     0     0     0     0     0     0     0     0     0     0     0     0     0     0     0     0     0     0     0     0     2    14   357  3548 14049 13158 12157 11349 12066 11466  6720
ch   21:      0     0     0     0     0     0     0     0     0     0     0     0     0     0     0     0     0     0     0     0     0     0    10   205  2667 12359 10740 12435 11126  5069 14652 14813
ch   22:      0     0     0     0     0     0     0     0     0     0     0     0     0     0     0     0     0     0     0     0     0     0    17   342  3478  7689 10126 10573  9519 11133 11826  9183
ch   23:      0     0     0     0     0     0     0     0     0     0     0     0     0     0     0     0     0     0     0     0     0     1    35   468  6512  9017 11822  9799  9188 12453  6718 13472
ch   24:      0     0     0     0     0     0     0     0     0     0     0     0     0     0     0     0     0     0     0     0     0     1    28   482  3901 10987 12912 10712 14535 13738  9320  9690
ch   25:      0     0     0     0     0     0     0     0     0     0     0     0     0     0     0     0     0     0     0     0     0     2    46   494  5040  9473 10745 14259  7554 11080 13389  8429
ch   26:      0     0     0     0     0     0     0     0     0     0     0     0     0     0     0     0     0     0     0     0     1     3    29   347  3915  9217  9864 10488 11061 10083 12679 12209
ch   27:      0     0     0     0     0     0     0     0     0     0     0     0     0     0     0     0     0     0     0     0     0     1    35   316  5794  4720 10124 14280 11830  7227  9119  9888
ch   28:      0     0     0     0     0     0     0     0     0     0     0     0     0     0     0     0     0     0     0     0     0     2    31   491  4933 12606 11351 12586 10745 11137 11341  6038
ch   29:      0     0     0     0     0     0     0     0     0     0     0     0     0     0     0     0     0     0     0     0     0     0    17   331  3320  4743  9740 11209 13088 12258 10936 14462
ch   30:      0     0     0     0     0     0     0     0     0     0     0     0     0     0     0     0     0     0     0     0     0     0    24   378  5850  8599 10399  9222 12475 11102 13106  9123
ch   31:      0     0     0     0     0     0     0     0     0     0     0     0     0     0     0     0     0     0     0     0     0     1    46   461  7225  7265 13829 11346 12825  6960  8877  9398
ch   32:      0     0     0     0     0     0     0     0     0     0     0     0     0     0     0     0     0     0     0     0     1     3    27   555  4607  9522 11653  3699  8570 11325 12336 12164
ch   33:      0     0     0     0     0     0     0     0     0     0     0     0     0     0     0     0     0     0     0     0     0     2    43   527  6171  7375  3110 12801  7123 13584 14514 12565
ch   34:      0     0     0     0     0     0     0     0     0     0     0     0     0     0     0     0     0     0     0     0     0     5    43   496  5728 10162  9014  9312 11471  9156 13811  8357
ch   35:      0     0     0     0     0     0     0     0     0     0     0     0     0     0     0     0     0     0     0     0     0     0    37   572  5497  7589  7868 15079 15489 12534  5596 10806
ch   36:      0     0     0     0     0     0     0     0     0     0     0     0     0     0     0     0     0     0     0     0     0     3    43   768  7020  7605  9657  7552  8400 11497 10563 14420
ch   37:      0     0     0     0     0     0     0     0     0     0     0     0     0     0     0     0     0     0     0     0     0     3    41   470  8218 13815 13891  7444 15180  7435  6206  9801
ch   38:      0     0     0     0     0     0     0     0     0     0     0     0     0     0     0     0     0     0     0     0     1     5    33   533  6131 12423  3155 12643  8911 15318  9020  3654
ch   39:      0     0     0     0     0     0     0     0     0     0     0     0     0     0     0     0     0     0     0     0     0     0    47   549  6555 12535  5627 13919  7754  8197 11014  4075
ch   40:      0     0     0     0     0     0     0     0     0     0     0     0     0     0     0     0     0     0     0     0     2     4    40   473  8893  8716  5829  9677 14001  9903 11199  2670
ch   41:      0     0     0     0     0     0     0     0     0     0     0     0     0     0     0     0     0     0     0     0     0     2    66   866  8463 11096  8392 11446 10843  9592 14741  6603
ch   42:      0     0     0     0     0     0     0     0     0     0     0     0     0     0     0     0     0     0     0     0     0     0    41   451  5713 12087 12969  9023 10158 11717  4705  9295
ch   43:      0     0     0     0     0     0     0     0     0     0     0     0     0     0     0     0     0     0     0     0     0     6    43   950 12728  8571  5529  8406  8552  7429  8516 10946
ch   44:      0     0     0     0     0     0     0     0     0     0     0     0     0     0     0     0     0     0     0     0     0     3    45  1405  9887 11306  8023  9125 13210 11768  9873  5203
ch   45:      0     0     0     0     0     0     0     0     0     0     0     0     0     0     0     0     0     0     0     0     0     1    68   673 10562 12870 11258 12363  7566 12832 11749 11415
ch   46:      0     0     0     0     0     0     0     0     0     0     0     0     0     0     0     0     0     0     0     0     1     2    58   676  8314 11858  8854 13092  9015  9493 14310  8316
ch   47:      0     0     0     0     0     0     0     0     0     0     0     0     0     0     0     0     0     0     0     0     0     3    96   913 11471  9432 16059 12158 15596  7528 15273 13075
ch   48:      0     0     0     0     0     0     0     0     0     0     0     0     0     0     0     0     0     0     0     0     0     1    44   673  8253  5682 13047  8448 11990 13544  5686 16934
ch   49:      0     0     0     0     0     0     0     0     0     0     0     0     0     0     0     0     0     0     0     0     0     0    44   930 12003  7211  7030 11333  8608  8404  8637  9963
ch   50:      0     0     0     0     0     0     0     0     0     0     0     0     0     0     0     0     0     0     0     0     0     6    74   953 11631 14766 10555 11904 10462  7204 12082 10972
ch   51:      0     0     0     0     0     0     0     0     0     0     0     0     0     0     0     0     0     0     0     0     0     2    62   969 12329  5939 16311  7083  9925 13387  8915 13159
ch   52:      0     0     0     0     0     0     0     0     0     0     0     0     0     0     0     0     0     0     0     0     0     4    82  1135 12576  8155  8063 12348  9919 10869  8457 13716
ch   53:      0     0     0     0     0     0     0     0     0     0     0     0     0     0     0     0     0     0     0     0     1     2    64  1083 14559  9928 15177 12885  6557  8924  9376 12753
ch   54:      0     0     0     0     0     0     0     0     0     0     0     0     0     0     0     0     0     0     0     0     0     5    80  1014 11016 10412  6284  7898  9241  8722 10067 11931
ch   55:      0     0     0     0     0     0     0     0     0     0     0     0     0     0     0     0     0     0     0     0     0     5    64  1282 11814 10496  7925 10481 14773 11493  8483 10633
ch   56:      0     0     0     0     0     0     0     0     0     0     0     0     0     0     0     0     0     0     0     0     0     6    82   703 10951 12347 13241 15410 11187 12892  8715 11670
ch   57:      0     0     0     0     0     0     0     0     0     0     0     0     0     0     0     0     0     0     0     0     0     4    71   903 12766  9006  9763  9936 10871 10448 12200 10734
ch   58:      0     0     0     0     0     0     0     0     0     0     0     0     0     0     0     0     0     0     0     0     0     2    73  1253  8801 14600  6315 13096 12493 10445 11382  6636
ch   59:      0     0     0     0     0     0     0     0     0     0     0     0     0     0     0     0     0     0     0     0     0     2    48  1354 12162 11295  6317  6363 10318 10921 12767  9016
ch   60:      0     0     0     0     0     0     0     0     0     0     0     0     0     0     0     0     0     0     0     0     0     7    78  1088 11936 13022 12953  7181 11027  9426  7284  5629
ch   61:      0     0     0     0     0     0     0     0     0     0     0     0     0     0     0     0     0     0     0     0     0     2    83   949 16064 14811 12057 13257  7906 12858  5863 10253
ch   62:      0     0     0     0     0     0     0     0     0     0     0     0     0     0     0     0     0     0     0     0     1     3    71   956 14233  9806  6587 11048 10143  3861 13023 12840
ch   63:      0     0     0     0     0     0     0     0     0     0     0     0     0     0     0     0     0     0     0     0     0     4    84  1042 14012 15550 13531 10021 10484  8978  4886  7369
ch   64:      0     0     0     0     0     0     0     0     0     0     0     0     0     0     0     0     0     0     0     0     0     5    93  1243 15816 13498 11337  6600  8657 11792 10611  7616
ch   65:      0     0     0     0     0     0     0     0     0     0     0     0     0     0     0     0     0     0     0     0     0     6    88  1432 15963 12707  7668 10559 10814 12997 14208 13002
ch   66:      0     0     0     0     0     0     0     0     0     0     0     0     0     0     0     0     0     0     0     0     1     2    70  1066 10133 10605 11790  9382 10605  8654  8191 14990
ch   67:      0     0     0     0     0     0     0     0     0     0     0     0     0     0     0     0     0     0     0     0     0     5    84  1514 13591  8919 11274  8258  9052  8794  6776  9542
ch   68:      0     0     0     0     0     0     0     0     0     0     0     0     0     0     0     0     0     0     0     0     0     5    95  1496 14329 12703  5481 12705 11000 12039 11254 10866
ch   69:      0     0     0     0     0     0     0     0     0     0     0     0     0     0     0     0     0     0     0     0     0     4    53  1272 14050  9713  5954 11601 13118 12229 10260 10388
ch   70:      0     0     0     0     0     0     0     0     0     0     0     0     0     0     0     0     0     0     0     0     0     1   107  1234 11332 10026 13487  8615  5262 10863 10170 12986
ch   71:      0     0     0     0     0     0     0     0     0     0     0     0     0     0     0     0     0     0     0     0     0    10    82  1872 11005  6856  9560 13279 10137 10741  8366  8771
ch   72:      0     0     0     0     0     0     0     0     0     0     0     0     0     0     0     0     0     0     0     0     0     8    77   858 18175  7553  9394  7367 11437  9293  6830  8454
ch   73:      0     0     0     0     0     0     0     0     0     0     0     0     0     0     0     0     0     0     0     0     0     4    79  1797 15642  7998 10410  8280 12054 12078 13827  8394
ch   74:      0     0     0     0     0     0     0     0     0     0     0     0     0     0     0     0     0     0     0     0     0     4    86   980 17632 11991  5126 16393 10441 16030  8572  5069
ch   75:      0     0     0     0     0     0     0     0     0     0     0     0     0     0     0     0     0     0     0     0     0     7   148  1075 15310 11083  9653  9505 10009 13891  7358 11565
ch   76:      0     0     0     0     0     0     0     0     0     0     0     0     0     0     0     0     0     0     0     0     0     6   101  1178 13392  8094  4041  3883  7873 12591 10367 12416
ch   77:      0     0     0     0     0     0     0     0     0     0     0     0     0     0     0     0     0     0     0     0   115     4    84  1577 14331  5558  6509 11763  7853  9634 10730 16191
ch   78:      0     0     0     0     0     0     0     0     0     0     0     0     0     0     0     0     0     0     0     0     0     4    97  1248 12162  5835  4319  6027 12360  9396  9400 13687
ch   79:      0     0     0     0     0     0     0     0     0     0     0     0     0     0     0     0     0     0     0     0     0     6   188  1497  8767 11360  5916 14931  6413 10226  8318  7242
ch   80:      0     0     0     0     0     0     0     0     0     0     0     0     0     0     0     0     0     0     0     0     2     4    56  1210 18077 10772 10828 10204  6964  5640  4134 13278
ch   81:      0     0     0     0     0     0     0     0     0     0     0     0     0     0     0     0     0     0     0     0     0     1   145  1513 17849  9255 13692 11164 10447 13350 10349  8032
ch   82:      0     0     0     0     0     0     0     0     0     0     0     0     0     0     0     0     0     0     0     0     1     6   128  1493 12812 10949  7979  9047 12531 11939  9536  8002
ch   83:      0     0     0     0     0     0     0     0     0     0     0     0     0     0     0     0     0     0     0     0     0     8    76  1678  8598  9164 10981  8397 11250 11627  9929  4394
ch   84:      0     0     0     0     0     0     0     0     0     0     0     0     0     0     0     0     0     0     0     0     0     3    55  2058 14810 10709 14781 12555 15582  9402  9933  7596
ch   85:      0     0     0     0     0     0     0     0     0     0     0     0     0     0     0     0     0     0     0     0     0     5   126  1532 12157  9674 12160 11518  5479  9995  8067  9532
ch   86:      0     0     0     0     0     0     0     0     0     0     0     0     0     0     0     0     0     0     0     0     0     6   109  1960 14060  7772  9084 12469 11567  4846 13697  8181
ch   87:      0     0     0     0     0     0     0     0     0     0     0     0     0     0     0     0     0     0     0     0     0     9   137  1814 15220 12172  7423 10675  9583  9117  7800  8855
ch   88:      0     0     0     0     0     0     0     0     0     0     0     0     0     0     0     0     0     0     0     0     0     8   109  2032 15707  8766  8701 10399  9026 12773 11854 12785
ch   89:      0     0     0     0     0     0     0     0     0     0     0     0     0     0     0     0     0     0     0     0     0     8    81  1100  8887  8099  6443 11019  4603 10096  6500 10389
ch   90:      0     0     0     0     0     0     0     0     0     0     0     0     0     0     0     0     0     0     0     0     0     2   115  2117 18612 12505 10774  5178 11501 11369 12641 10052
ch   91:      0     0     0     0     0     0     0     0     0     0     0     0     0     0     0     0     0     0     0     0     0     6   176  2510  4329  8620 10591 11229 11229  8305 10410 10113
ch   92:      0     0     0     0     0     0     0     0     0     0     0     0     0     0     0     0     0     0     0     0     0     5    87  1663 13290  9203 11627  9432 11177  6889 11192 12641
ch   93:      0     0     0     0     0     0     0     0     0     0     0     0     0     0     0     0     0     0     0     0     1    13    98  1539 17369  7400 11887 11594 11407 13217 13380 14685
ch   94:      0     0     0     0     0     0     0     0     0     0     0     0     0     0     0     0     0     0     0     0     0     0    92  1192 18436 10959  9591 14409  9543  8076 13372 14439
ch   95:      0     0     0     0     0     0     0     0     0     0     0     0     0     0     0     0     0     0     0     1     2    11   142  2154  8029 11702  7777 17321 12594 13550  7828  7617
ch   96:      0     0     0     0     0     0     0     0     0     0     0     0     0     0     0     0     0     0     0     0     0     3    74  1628 14952 11186 11995 14170 11483 14593 10862  8804
ch   97:      0     0     0     0     0     0     0     0     0     0     0     0     0     0     0     0     0     0     0     0     0    15   142  2640  3325 11852  5527  6936 13436 10351  9889  5669
ch   98:      0     0     0     0     0     0     0     0     0     0     0     0     0     0     0     0     0     0     0     0     0    13   185  1866 15776  7633  8137 11050 12539 13358 11250  3308
ch   99:      0     0     0     0     0     0     0     0     0     0     0     0     0     0     0     0     0     0     0     0     0     7   109  2064 18518 14889 11730  8836 12807 12735 15570 12212
ch  100:      0     0     0     0     0     0     0     0     0     0     0     0     0     0     0     0     0     0     0     0     0    10   227  1275 15606  6451  9673 13105  8873 15217  7534 10191
ch  101:      0     0     0     0     0     0     0     0     0     0     0     0     0     0     0     0     0     0     0     0     1    10   117  2447  6453 13032 11355  7756  5544  9410  4392 10056
ch  102:      0     0     0     0     0     0     0     0     0     0     0     0     0     0     0     0     0     0     0     0     0     9   198  1766  4278 10075 10457  6832  7295 11234 14166 17946
ch  103:      0     0     0     0     0     0     0     0     0     0     0     0     0     0     0     0     0     0     0     0     0     8   100  2150  4947  8358  7271 12707 10761  8415  8587 13808
ch  104:      0     0     0     0     0     0     0     0     0     0     0     0     0     0     0     0     0     0     0     0     1     7   172  1893  2864  7920 11981 10348  8828  9446  8263  9467
ch  105:      0     0     0     0     0     0     0     0     0     0     0     0     0     0     0     0     0     0     0     0     1    13   218  3267 15763  7856  6742 13691 13166  5619 13485 10032
ch  106:      0     0     0     0     0     0     0     0     0     0     0     0     0     0     0     0     0     0     0     0     0    13   163  2077   985  9449 10717  8278 12421 10253 12824  9517
ch  107:      0     0     0     0     0     0     0     0     0     0     0     0     0     0     0     0     0     0     0     0     1    12   101  2739  5314  9098 13601  8150  6346  8876  8543 10600
ch  108:      0     0     0     0     0     0     0     0     0     0     0     0     0     0     0     0     0     0     0     0     3    12   171  2642  8186  8970 14061 12101  8116  8340 15460  9071
ch  109:      0     0     0     0     0     0     0     0     0     0     0     0     0     0     0     0     0     0     0     0     0     8   147  2028  3075 12527 15595  7671  7754  9283  7829 10386
ch  110:      0     0     0     0     0     0     0     0     0     0     0     0     0     0     0     0     0     0     0     0   206     5   133  2085 11549 15613 11115 13029  7951 12449 13371 11947
ch  111:      0     0     0     0     0     0     0     0     0     0     0     0     0     0     0     0     0     0     0     0     2    10   190  1901 11392 11288  9307  5732  6341 11623 10469  5679
ch  112:      0     0     0     0     0     0     0     0     0     0     0     0     0     0     0     0     0     0     0     0     1    16   182  3333  4562 10915 13761  8238  9913 11827  9082 15120
ch  113:      0     0     0     0     0     0     0     0     0     0     0     0     0     0     0     0     0     0     0     0     1     7   181  2183 19171  7107  8889 10591 11631 10545 11079  5632
ch  114:      0     0     0     0     0     0     0     0     0     0     0     0     0     0     0     0     0     0     0     0     0     8   166  1775  4192 10471  9816 17503  7757 11483  9442  6542
ch  115:      0     0     0     0     0     0     0     0     0     0     0     0     0     0     0     0     0     0     0     0     2    19   235  4018 17580  8558 10101  4528 10565 11189 10403  7106
ch  116:      0     0     0     0     0     0     0     0     0     0     0     0     0     0     0     0     0     0     0     0     0    18   273  2585 11519 10873 12086 11307 14329 11116  9689 14005
ch  117:      0     0     0     0     0     0     0     0     0     0     0     0     0     0     0     0     0     0     0     0     0    17   332  2381 12767  9767  5989  2412 10186 11768 10679  9983
ch  118:      0     0     0     0     0     0     0     0     0     0     0     0     0     0     0     0     0     0     0     0     1    17   185  2221  4528  8984  9332 13279 12305 11659  9233 11756
ch  119:      0     0     0     0     0     0     0     0     0     0     0     0     0     0     0     0     0     0     0     0     2    15   172  3115 14653  8768  7706  6908 10722  8472 16482 12431
ch  120:      0     0     0     0     0     0     0     0     0     0     0     0     0     0     0     0     0     0     0     0     1    18   126  2649  8035  9168  9869 13329  7844  6729 11322  8244
ch  121:      0     0     0     0     0     0     0     0     0     0     0     0     0     0     0     0     0     0     0     0     1    13   143  2603 15696  8272  9566 10481 13551  9850  8983 14371
ch  122:      0     0     0     0     0     0     0     0     0     0     0     0     0     0     0     0     0     0     0     1     2    18   215  2811  5960 12333  7626  6026 14294 12925  7819 10015
ch  123:      0     0     0     0     0     0     0     0     0     0     0     0     0     0     0     0     0     0     0     0     0    20   306  2593  8445 10972  9920  4567  8724  7990 11855  9030
ch  124:      0     0     0     0     0     0     0     0     0     0     0     0     0     0     0     0     0     0     0     0     0    24   381  3653 13079 13296  9540 12566 13959  9642 11247 16149
ch  125:      0     0     0     0     0     0     0     0     0     0     0     0     0     0     0     0     0     0     0     0     4    30   481  4710  8547  9038 10732  9560 15492  9501  8202 13307
ch  126:      0     0     0     0     0     0     0     0     0     0     0     0     0     0     0     0     0     0     0     0     1    18   280  3248  9680 11432 11759 13409  7950 13759  9509 12709
ch  127:      0     0     0     0     0     0     0     0     0     0     0     0     0     0     0     0     0     0     0     0     0    51   923  9796 16017  6754 15076  7799  9377  8442  9949 13631
