ch    0:      0     0     0     0     0     0     0     0     0     0     0     0     0     0     0     0     0     0     0     0     0     0     2    19   155  1481  7820 13440 11376 10761  7922   555
ch    1:      0     0     0     0     0     0     0     0     0     0     0     0     0     0     0     0     0     0     0     0     0     0     0    31   299  3999 11587  9387 11616 17251  8463  2217
ch    2:      0     0     0     0     0     0     0     0     0     0     0     0     0     0     0     0     0     0     0     0     0     0     4    42   451  4001  6775 10885  7191  8535  9906  1681
ch    3:      0     0     0     0     0     0     0     0     0     0     0     0     0     0     0     0     0     0     0     0     0     3    15   176  1342 10135  5033  4672  8866 10984 10367  4561
ch    4:      0     0     0     0     0     0     0     0     0     0     0     0     0     0     0     0     0     0     0     0     1     4    15   157  1770  9563  7881  3140  9367 12881 13314  3628
ch    5:      0     0     0     0     0     0     0     0     0     0     0     0     0     0     0     0     0     0     0     0     0     0    17   178  1976 11215  9842 13031 10951  6341 13814  4763
ch    6:      0     0     0     0     0     0     0     0     0     0     0     0     0     0     0     0     0     0     0     0     0     3    18   180  1354 12188 14867 11081  7091 10060 12267  5307
ch    7:      0     0     0     0     0     0     0     0     0     0     0     0     0     0     0     0     0     0     0     0     0     4    49   226  2489 17009  7331  6194  8162  6930  8316  6654
ch    8:      0     0     0     0     0     0     0     0     0     0     0     0     0     0     0     0     0     0     0     0     0     2    31   334  2623 18988 12087 10530  8352 14085 10836  6408
ch    9:      0     0     0     0     0     0     0     0     0     0     0     0     0     0     0     0     0     0     0     0     0     1    37   391  2719 17218  6559  6264 10027 12470 10367  5497
ch   10:      0     0     0     0     0     0     0     0     0     0     0     0     0     0     0     0     0     0     0     0     0     2    21   229  2709 16737  7033 13117  7788 10016 12128  6496
ch   11:      0     0     0     0     0     0     0     0     0     0     0     0     0     0     0     0     0     0     0     0     2     9   110   708  4952  8276 10371  8537 12209 10565 11901 14682
ch   12:      0     0     0     0     0     0     0     0     0     0     0     0     0     0     0     0     0     0     0     0     0     5    41   827  3866  4119  9311 15287 15354 11622 10924  6705
ch   13:      0     0     0     0     0     0     0     0     0     0     0     0     0     0     0     0     0     0     1     1     1    18   103   785  5713 13800 10772 12334 12680 10887 12819 16494
ch   14:      0     0     0     0     0     0     0     0     0     0     0     0     0     0     0     0     0     0     0     0     0     2    34   458  3981  4262 11035  9582  8870 10866 11572  8767
ch   15:      0     0     0     0     0     0     0     0     0     0     0     0     0     0     0     0     0     0     0     0     0     9    95   740  5557 19332  4406  7019  7929 11487  7577  6198
ch   16:      0     0     0     0     0     0     0     0     0     0     0     0     0     0     0     0     0     0     0     0     3    14    97   883  5571 14920  5859  9567  8623 13482 13797 11315
ch   17:      0     0     0     0     0     0     0     0     0     0     0     0     0     0     0     0     0     0     0     0     1    18   126  1213  8430  9003 10093 10226 15489 10082 14928  8045
ch   18:      0     0     0     0     0     0     0     0     0     0     0     0     0     0     0     0     0     0     0     0     0    15    99   975  5769 13163 14234 11337  9875 12332 10996 13720
ch   19:      0     0     0     0     0     0     0     0     0     0     0     0     0     0     0     0     0     0     0     0     3    15   166  1169  7802  2850 11680  6273  5847  5631 11476  3446
ch   20:      0     0     0     0     0     0     0     0     0     0     0     0     0     0     0     0     0     0     0     0     0    10   132  1021  5931 17596  9371 10488 11306 12381 14146 12087
ch   21:      0     0     0     0     0     0     0     0     0     0     0     0     0     0     0     0     0     0     0     0     2    25   172  1663 12773  9223  9638 14131 11369 15889  5380  1697
ch   22:      0     0     0     0     0     0     0     0     0     0     0     0     0     0     0     0     0     0     0     0     0    10   126  1236  8890 14248 12585  7335  9570 12039 10798 17205
ch   23:      0     0     0     0     0     0     0     0     0     0     0     0     0     0     0     0     0     0     0     0     5    31   272  2998 15613  6159  9374  8570  7824  9157 11756  1785
ch   24:      0     0     0     0     0     0     0     0     0     0     0     0     0     0     0     0     0     0     0     0     0    14   132  1180  7823 14933 10322  7571 10561 11869 12068 16990
ch   25:      0     0     0     0     0     0     0     0     0     0     0     0     0     0     0     0     0     0     0     0     6    27   175  1937 10653 10897  9721  6723 14643 11742  7240  6333
ch   26:      0     0     0     0     0     0     0     0     0     0     0     0     0     0     0     0     0     0     0     0     3    21   128  1046  8939  3042 10767 10992 13608 11190 10153 15650
ch   27:      0     0     0     0     0     0     0     0     0     0     0     0     0     0     0     0     0     0     0     0     1    30   328  3473 16296 11112  7791 15218  7570  9470  9278  8651
ch   28:      0     0     0     0     0     0     0     0     0     0     0     0     0     0     0     0     0     0     0     0     1    22   193  2025 10705 10293 13416 12394 12742  9551 11245 18841
ch   29:      0     0     0     0     0     0     0     0     0     0     0     0     0     0     0     0     0     0     0     0     4    40   211  2520 16106  9024  9845 10539  7670 10905 12080  2901
ch   30:      0     0     0     0     0     0     0     0     0     0     0     0     0     0     0     0     0     0     0     0     5    38   162  1955 11225 15377 13770 10273 12501 13949  7348 19418
ch   31:      0     0     0     0     0     0     0     0     0     0     0     0     0     0     0     0     0     0     0     0     4    28   306  2435 15266  9151 12898 13124 12182  7448  9582  9383
ch   32:      0     0     0     0     0     0     0     0     0     0     0     0     0     0     0     0     0     0     0     1     4    40   266  2245 15038  5978 14896  9381  7169  8899  8956  2939
ch   33:      0     0     0     0     0     0     0     0     0     0     0     0     0     0     0     0     0     0     0     0     4    53   440  3400  4785 10107  9119 14485 11846  8132  7019 13327
ch   34:      0     0     0     0     0     0     0     0     0     0     0     0     0     0     0     0     0     0     0     0     4    42   296  2842 16057 10443  9897  8454 10223  8681 13403  2561
ch   35:      0     0     0     0     0     0     0     0     0     0     0     0     0     0     0     0     0     0     0     0     6    51   556  3012 18364 16274  8782  1956 10465 10633  5931 14849
ch   36:      0     0     0     0     0     0     0     0     0     0     0     0     0     0     0     0     0     0     0     0     4    34   457  2271 14473 14356 13144 12371  9090  7325 14035  5631
ch   37:      0     0     0     0     0     0     0     0     0     0     0     0     0     0     0     0     0     0     1     4    13   120   714  4613  9032  6945 11673 10100 13140  6587  9854  6635
ch   38:      0     0     0     0     0     0     0     0     0     0     0     0     0     0     0     0     0     0     0     1     3    40   377  2715 17369 14113 10645 13665  9478  8672  8086 11006
ch   39:      0     0     0     0     0     0     0     0     0     0     0     0     0     0     0     0     0     0     0     1     4    65   529  3369  4596 14546 11693  8223  8022  8865  6768 13552
ch   40:      0     0     0     0     0     0     0     0     0     0     0     0     0     0     0     0     0     0     0     1    10    37   466  2111 15273 13047 11281 10119 13149 10211 10456  4756
ch   41:      0     0     0     0     0     0     0     0     0     0     0     0     0     0     0     0     0     0     0     1     6    50   491  5472  8763 11217 10609 15804 11913 12671 14618 16404
ch   42:      0     0     0     0     0     0     0     0     0     0     0     0     0     0     0     0     0     0     0     0     2    25   304  2805 16559  6939 10525  6334 13862 13258 12808 12380
ch   43:      0     0     0     0     0     0     0     0     0     0     0     0     0     0     0     0     0     0     0     0     3    58   518  3546  6228 10854 11350  6646 10682 10993 11071  7419
ch   44:      0     0     0     0     0     0     0     0     0     0     0     0     0     0     0     0     0     0     0     1     4    47   473  3071 19405 10308 13399 10674 12612 11454 12053 13473
ch   45:      0     0     0     0     0     0     0     0     0     0     0     0     0     0     0     0     0     1     1     2     9    69   594  4460 13457 11356  8717 10244 11925 12241 11034  3482
ch   46:      0     0     0     0     0     0     0     0     0     0     0     0     0     0     0     0     0     0     0     0     4    72   411  3247  3067 11948 13646 10492 12708 10369 10215 11473
ch   47:      0     0     0     0     0     0     0     0     0     0     0     0     0     0     0     0     0     0     0     1    12   106   694  4456 10410  6653 12780  8312  5697  9764 12658  2092
ch   48:      0     0     0     0     0     0     0     0     0     0     0     0     0     0     0     0     0     0     0     2    11    53   462  3581  2108 11034  9952  5141 13472  7118  9205  8664
ch   49:      0     0     0     0     0     0     0     0     0     0     0     0     0     0     0     0     0     0     0     2    10   103   582  5087  7456  8406 13841 11668  9539  7219  5404 16389
ch   50:      0     0     0     0     0     0     0     0     0     0     0     0     0     0     0     0     0     0     0     0     2    55   365  4145  6008  6007  4437  7112  8112 11148 11909 15581
ch   51:      0     0     0     0     0     0     0     0     0     0     0     0     0     0     0     0     0     0     0     0     6    69   628  5128  8378 11806  8887 14137  7487 14660 13960 12780
ch   52:      0     0     0     0     0     0     0     0     0     0     0     0     0     0     0     0     0     0     0     0     4    75   474  5049  4849 11530 10524  9525 12486  7014 10824 18140
ch   53:      0     0     0     0     0     0     0     0     0     0     0     0     0     0     0     0     0     0     0     0     9    74   636  7176 12410 11097  8166 12020  5413 11701  8247 12421
ch   54:      0     0     0     0     0     0     0     0     0     0     0     0     0     0     0     0     0     0     0     0     3    43   441  4267  8875 11345  9808  9171 13827  8161 11074 16431
ch   55:      0     0     0     0     0     0     0     0     0     0     0     0     0     0     0     0     0     0     0     2    12    95   720  7386 11258 12229  8139 11135  5366  7281  9304 14010
ch   56:      0     0     0     0     0     0     0     0     0     0     0     0     0     0     0     0     0     0     0     0     4    60   525  4743 10136  7790 12911 14621  7063  8776 11033 16460
ch   57:      0     0     0     0     0     0     0     0     0     0     0     0     0     0     0     0     0     0     0     0     7   107   808  5128  9185 13262  9615 10320  8669  5036  9329 12166
ch   58:      0     0     0     0     0     0     0     0     0     0     0     0     0     0     0     0     0     0     0     0     7    64   616  5219 11553 10890 11119 12398 11741 10508  9034 15160
ch   59:      0     0     0     0     0     0     0     0     0     0     0     0     0     0     0     0     0     0     0     0     5    78   848  6015  3989  4268 11088  9474 11059 14360 10319  3095
ch   60:      0     0     0     0     0     0     0     0     0     0     0     0     0     0     0     0     0     0     0     1     5   117   609  4767 14315 11556 10594  8586 13571 11571  7951  8509
ch   61:      0     0     0     0     0     0     0     0     0     0     0     0     0     0     0     0     0     0     0     0     8    87   824  6988 12365 10663 15823  4838 11051  7885 11779 16597
ch   62:      0     0     0     0     0     0     0     0     0     0     0     0     0     0     0     0     0     0     0     0     4    92   684  4684  3425 13626 11931  6217 10099 10311  7360  2520
ch   63:      0     0     0     0     0     0     0     0     0     0     0     0     0     0     0     0     0     0     0     0    12   112  1169  7914  5317 10462 14084  5757 11937 11429  8987 14547
ch   64:      0     0     0     0     0     0     0     0     0     0     0     0     0     0     0     0     0     0     0     1     7    90   872  5938  8239  6303  8937 12766  6784 14392 10346 15494
ch   65:      0     0     0     0     0     0     0     0     0     0     0     0     0     0     0     0     0     0     1     1     5  7954  1212  7205  6338  9899 11539 12874 10075 13017 10887  5343
ch   66:      0     0     0     0     0     0     0     0     0     0     0     0     0     0     0     0     0     0     0     0     5    68  1066  6628 11928 12085 14464  7856 12143  5653 11339 15293
ch   67:      0     0     0     0     0     0     0     0     0     0     0     0     0     0     0     0     0     0     0     2    14   194  1102 10321 15575  8663  9323  4801  9175 10887  9986  7289
ch   68:      0     0     0     0     0     0     0     0     0     0     0     0     0     0     0     0     0     0     0     4    11   113  1146  9702 12827  8378  6437  8745  7554 12126  9094  4884
ch   69:      0     0     0     0     0     0     0     0     0     0     0     0     0     0     0     0     0     0     1     4    18   148   863  5511  5853 12781  9505 14236  8521 12096 11853 17288
ch   70:      0     0     0     0     0     0     0     0     0     0     0     0     0     0     0     0     0     0     0     0     5    63  1115  7000  2260  9837 11802 12329  8659  9562  9038 12631
ch   71:      0     0     0     0     0     0     0     0     0     0     0     0     0     0     0     0     0     0     0     1    29   131  1225 10348  6651 14336  4606  8196 14540 12296 13320  2934
ch   72:      0     0     0     0     0     0     0     0     0     0     0     0     0     0     0     0     0     0     0     3    17   165  1088  7954  9465 12416 12990  6949  7842  8530  7058 16775
ch   73:      0     0     0     0     0     0     0     0     0     0     0     0     0     0     0     0     0     0     0     2    17   155  1109  9367  7740 11247 13581 13761  8665  9490  8620 16074
ch   74:      0     0     0     0     0     0     0     0     0     0     0     0     0     0     0     0     0     0     0     1     6    72   640  5680 11505  9461  6244  6794  6525  7930 11630  9776
ch   75:      0     0     0     0     0     0     0     0     0     0     0     0     0     0     0     0     0     0     0     0    25   230  1323 13641 16507  7120 10668 12856  7959  9190 12084  6112
ch   76:      0     0     0     0     0     0     0     0     0     0     0     0     0     0     0     0     0     0     0     0    11   102   834  7475 11075  6178 10926 14899 14583 14231  6340  3475
ch   77:      0     0     0     0     0     0     0     0     0     0     0     0     0     0     0     0     0     0     0     1    20   159  1667  9996 16927  9142 10728 11303 10609 12674  7000 15840
ch   78:      0     0     0     0     0     0     0     0     0     0     0     0     0     0     0     0     0     0     0     1    10    65   602  7199 10926  5900 10081 13328  7362 13353 10882  3005
ch   79:      0     0     0     0     0     0     0     0     0     0     0     0     0     0     0     0     0     0     0     1    17   210  1341 13204  5654  7844 11892 13283 13256 12965  9722  9377
ch   80:      0     0     0     0     0     0     0     0     0     0     0     0     0     0     0     0     0     0     0     1     5   111  1001  9182 11796 13899  8919 10071  9965 11973 12344  7447
ch   81:      0     0     0     0     0     0     0     0     0     0     0     0     0     0     0     0     0     0     0     0    20   179  1570 11646 16553 10489  9976  9888 12433  7692 12494 10004
ch   82:      0     0     0     0     0     0     0     0     0     0     0     0     0     0     0     0     0     0     0     1    10   100   771  7024 13510  9368  8791  6673 12140 12838  9970  8784
ch   83:      0     0     0     0     0     0     0     0     0     0     0     0     0     0     0     0     0     0     1     2    19   248  1970 13343 12044 13872  9679 11935 10483  8295 11359  4363
ch   84:      0     0     0     0     0     0     0     0     0     0     0     0     0     0     0     0     0     0     0     2     9   104   603  7606  7701  8001 13079 12965  9605 12116  4611 16775
ch   85:      0     0     0     0     0     0     0     0     0     0     0     0     0     0     0     0     0     0     0     1    27   200  1776 12564 12471 13982 10625 10108 12294 11117 15391 11463
ch   86:      0     0     0     0     0     0     0     0     0     0     0     0     0     0     0     0     0     0     0     1    11    97   591  5539 15017  7409  7397  6586 13631  8328 10029  7155
ch   87:      0     0     0     0     0     0     0     0     0     0     0     0     0     0     0     0     0     0     0     4    29   266  2000 14874 17343 12466  7626  6813  9749 14454  7568 11993
ch   88:      0     0     0     0     0     0     0     0     0     0     0     0     0     0     0     0     0     0     0     1    16   171   977 11527  9119  8236 11937 11214  9558 15074 14008 15838
ch   89:      0     0     0     0     0     0     0     0     0     0     0     0     0     0     0     0     0     0     0     2    18   170  1336 10529 15436  9220  6583  7359 11425  6984 14569 17465
ch   90:      0     0     0     0     0     0     0     0     0     0     0     0     0     0     0     0     0     0     0     0    13   140   953  7377 14125 14326  9656  9063  9278 15406  9766  9070
ch   91:      0     0     0     0     0     0     0     0     0     0     0     0     0     0     0     0     0     0     0     1     7   174  1760 13779 13770 11383 13365  5380 12217 13190 11678 10910
ch   92:      0     0     0     0     0     0     0     0     0     0     0     0     0     0     0     0     0     0     0     0     9   105   985  8982 15297 11238  8605  6357  9732 12684 11093  6247
ch   93:      0     0     0     0     0     0     0     0     0     0     0     0     0     0     0     0     0     0     0     6    23   258  2112 14316  9604  8810  8969 14435 10379 11800 10867  6019
ch   94:      0     0     0     0     0     0     0     0     0     0     0     0     0     0     0     0     0     0     0     3    33   196  1041  9492  7899  5648  9796 11784  9425  9811 13410 14468
ch   95:      0     0     0     0     0     0     0     0     0     0     0     0     0     0     0     0     0     0     0     1    15   196  1552 14110  9460  9324 13456 10573  9088  6807 13115  5527
ch   96:      0     0     0     0     0     0     0     0     0     0     0     0     0     0     0     0     0     0     0     0     6   131  1284  7441  5708 12646  9753 11860  8441 12438 10413 11282
ch   97:      0     0     0     0     0     0     0     0     0     0     0     0     0     0     0     0     0     0     0     3    24   294  1913 12456 13042  5081 11789  6874  8147  9181  8516 17238
ch   98:      0     0     0     0     0     0     0     0     0     0     0     0     0     0     0     0     0     0     0     1     5   130  1464  9634 16711  8362 10945  6411 12316 12414 10783  9127
ch   99:      0     0     0     0     0     0     0     0     0     0     0     0     0     0     0     0     0     0     0     3    32   240  2155 16644 15920  8977 12972  7443  9599  8679 11405 17006
ch  100:      0     0     0     0     0     0     0     0     0     0     0     0     0     0     0     0     0     0     0     2    10   159  1105 10200  1973  9714  8391  6185 12985  9703 12527  2786
ch  101:      0     0     0     0     0     0     0     0     0     0     0     0     0     0     0     0     0     0     0     1    27   186  1545 13010  3436  2846 12673 10614  8210  6066 13639 15507
ch  102:      0     0     0     0     0     0     0     0     0     0     0     0     0     0     0     0     0     0     1     2    13    84  1025  9892 16301  5524 10013 10889  8331 12070 12893 15495
ch  103:      0     0     0     0     0     0     0     0     0     0     0     0     0     0     0     0     0     0     0     2    47   198  1846 15716 16300  7871 13056 12271  8427 10356  7527 10476
ch  104:      0     0     0     0     0     0     0     0     0     0     0     0     0     0     0     0     0     0     0     0     6   105   964  7470 11180  8185  7784  3615  7073 13948 14303  5452
ch  105:      0     0     0     0     0     0     0     0     0     0     0     0     0     0     0     0     0     0     1     2     8   184  1484 12373  9240  7065  8173 11682 15757  9629 13154 12307
ch  106:      0     0     0     0     0     0     0     0     0     0     0     0     0     0     0     0     0     0     0     0    13   138  1344  9017 15419  8494  7367  4971  9934 11021  4934  6942
ch  107:      0     0     0     0     0     0     0     0     0     0     0     0     0     0     0     0     0     0     0     0    18   231  1777 12061 14067 10080 11297  8785 10212  5962 15410 13750
ch  108:      0     0     0     0     0     0     0     0     0     0     0     0     0     0     0     0     0     0     0     3    15    94   934  6546  6190 12627  5576  5996  8191  8205 14332  8658
ch  109:      0     0     0     0     0     0     0     0     0     0     0     0     0     0     0     0     0     0     2     6    30   336  2390  8034  3350  6686  6219  9495  9663  8861 11875 16377
ch  110:      0     0     0     0     0     0     0     0     0     0     0     0     0     0     0     0     0     0     0     1     8   142   911  8062 10390 12630 11615 13924 11161 12285  8957  9818
ch  111:      0     0     0     0     0     0     0     0     0     0     0     0     0     0     0     0     0     1     1     1    19   221  2486 16436  6450  7164 11306 11551 10422  9749  7522  6158
ch  112:      0     0     0     0     0     0     0     0     0     0     0     0     0     0     0     0     0     0     0     0     5   139  1380 12358  7242 10513  9524  9056  9357  5149 12305 14199
ch  113:      0     0     0     0     0     0     0     0     0     0     0     0     0     0     0     0     0     0     0     0    10   143  1744 11356 10590  8004 10743 13966 13115  9973 11218 13314
ch  114:      0     0     0     0     0     0     0     0     0     0     0     0     0     0     0     0     0     0     0     1    14   123   705 10560  4701 10162  4621 12283 10743 12751 12615 12118
ch  115:      0     0     0     0     0     0     0     0     0     0     0     0     0     0     0     0     0     0     0     2    28   299  2011 15217 14168 15799 12049 11632 13056 10733 11250  3895
ch  116:      0     0     0     0     0     0     0     0     0     0     0     0     0     0     0     0     0     0     0     3    14   164   957  9499 12783 12697 13688  8772 10432  9556  6462 13441
ch  117:      0     0     0     0     0     0     0     0     0     0     0     0     0     0     0     0     0     0     0     1    11   180  1547  9270 14689 11925 10882 11781  8182  9303 13199 16091
ch  118:      0     0     0     0     0     0     0     0     0     0     0     0     0     0     0     0     0     0     0     1    21   121  1399  8810 10851 11064  5107 11048  9155 13372 14751 11065
ch  119:      0     0     0     0     0     0     0     0     0     0     0     0     0     0     0     0     0     0     0     0    18   268  2077 18682 11680  8621 10494 11690  8759  8395 13450 16636
ch  120:      0     0     0     0     0     0     0     0     0     0     0     0     0     0     0     0     0     0     1     2     5   104  1141  5915 11050 12511 13206  9702 10096 10913  9294 11414
ch  121:      0     0     0     0     0     0     0     0     0     0     0     0     0     0     0     0     0     0     0     0    17   160  1669 13219  9606 11786  6432 10462  9134 10452  9025  5531
ch  122:      0     0     0     0     0     0     0     0     0     0     0     0     0     0     0     0     0     0     0     0     6   138   974  9535 13547  8388  8854 13188  8205  8222 13210  6797
ch  123:      0     0     0     0     0     0     0     0     0     0     0     0     0     0     0     0     0     0     0     4    26   362  2442  7965 13448  7446 12257 10825 12927 11083 10825  7129
ch  124:      0     0     0     0     0     0     0     0     0     0     0     0     0     0     0     0     0     0     0     5    31   349  1944  8072  5075 11526 12104 11977  9149  5575 10041  9265
ch  125:      0     0     0     0     0     0     0     0     0     0     0     0     0     0     0     0     0     1     1    12   109   787  5153  5183  5536  8555  7879  9546  8618 11212 10227 12178
ch  126:      0     0     0     0     0     0     0     0     0     0     0     0     0     0     0     0     0     0     0     0     0     0     0     0     0     0     0     0     0     0 13119     0
ch  127:      0     0     0     0     0     0     0     0     0     0     0     0     0     0     0     0     0     0     4     9   127  1084  8260  7960 11228  9242 11948  9651  7167  6230  8262  5024
