ch    0:      0     0     0     0     0     0     0     0     0     0     0     0     0     0     0     0     0     0     0     0     0     4    21   212  1197  4674 11263  8745  8539  9282 15097   749
ch    1:      0     0     0     0     0     0     0     0     0     0     0     0     0     0     0     0     0     0     0     0     4    12    93   533  4250 11982  8584  8080  6403  7474 13350  5375
ch    2:      0     0     0     0     0     0     0     0     0     0     0     0     0     0     0     0     0     0     0     0     0     8    78   599  3620 11996  8473  9411  7743 10192  9201  5892
ch    3:      0     0     0     0     0     0     0     0     0     0     0     0     0     0     0     0     0     0     0     0     0    18   190   973  6392 10442 12434  8943  8585 11930 12945 12185
ch    4:      0     0     0     0     0     0     0     0     0     0     0     0     0     0     0     0     0     0     0     0     0    16   103   701  5079 15782 13816  9596 10320 10874 12667 12310
ch    5:      0     0     0     0     0     0     0     0     0     0     0     0     0     0     0     0     0     0     0     0     1    22   243  1683 10759 10497 10186 17720 11584  9873 13062  7994
ch    6:      0     0     0     0     0     0     0     0     0     0     0     0     0     0     0     0     0     0     0     1     1    10   162  1049  6134  7199 11446 13076 10898  9734 14347 18282
ch    7:      0     0     0     0     0     0     0     0     0     0     0     0     0     0     0     0     0     0     0     0     5    26   371  2441 11553 11154 11992 14143 10230 18329 13391  5571
ch    8:      0     0     0     0     0     0     0     0     0     0     0     0     0     0     0     0     0     0     0     0     6    48   425  1636 10783  8719 11994 11284 12007  9396 12319 18090
ch    9:      0     0     0     0     0     0     0     0     0     0     0     0     0     0     0     0     0     0     0     0     8    80   533  3319 11110  7791 10844 12372 13618 11586 10448 13086
ch   10:      0     0     0     0     0     0     0     0     0     0     0     0     0     0     0     0     0     0     0     0     2    24   188  1554  9174 12478 11592  8961 14681  9954 10963  8275
ch   11:      0     0     0     0     0     0     0     0     0     0     0     0     0     0     0     0     0     0     0     3    20    93   478  4629  8579 11038  8234 11401  5333 11621 15673 10181
ch   12:      0     0     0     0     0     0     0     0     0     0     0     0     0     0     0     0     0     0     0     1     2    45   311  2612 13164  9703  7574  9794 12251 11520 11950  5597
ch   13:      0     0     0     0     0     0     0     0     0     0     0     0     0     0     0     0     0     0     0     2     9   106   604  5199  6658  9388 10369 12607  8758  9104 13856  7033
ch   14:      0     0     0     0     0     0     0     0     0     0     0     0     0     0     0     0     0     0     1     1     3    39   437  3103 14400 11599 12319  6422 11689 13534  8897 12826
ch   15:      0     0     0     0     0     0     0     0     0     0     0     0     0     0     0     0     0     0     0     4    21   170  1447  6772  6787 10730 11076 11343 11835  8888  8696 15074
ch   16:      0     0     0     0     0     0     0     0     0     0     0     0     0     0     0     0     0     0     0     1     6    46   331  2338  6309 14585  8285  8395 12095 10999 12693  4365
ch   17:      0     0     0     0     0     0     0     0     0     0     0     0     0     0     0     0     0     0     0     2    13   125   740  6983  6307 13366  9153  7532  9320  4792  6192  5537
ch   18:      0     0     0     0     0     0     0     0     0     0     0     0     0     0     0     0     0     0     0     1     5    58   415  3618 17100  8045 10114 13088  7792  5276 11507  4552
ch   19:      0     0     0     0     0     0     0     0     0     0     0     0     0     0     0     0     0     0     0     1    14   137  1144  6995  8492 12383  6301 10977  8063 11230 11086  9707
ch   20:      0     0     0     0     0     0     0     0     0     0     0     0     0     0     0     0     0     0     0     1     8    69   536  3265 16205  7454  8286 11784 11419 11027 11595 16212
ch   21:      0     0     0     0     0     0     0     0     0     0     0     0     0     0     0     0     0     0     0     1    29   235  1071 10866 13584  9389 11801 13725 10865 10273  8639  7607
ch   22:      0     0     0     0     0     0     0     0     0     0     0     0     0     0     0     0     0     0     2     3    11    75   719  4454  8645 11818 10883 10965  7512 12635 10949  7838
ch   23:      0     0     0     0     0     0     0     0     0     0     0     0     0     0     0     0     0     0     0     5    22   303  1547  7148  6867 10007 10503  9822 10991 13955  9499 12483
ch   24:      0     0     0     0     0     0     0     0     0     0     0     0     0     0     0     0     0     0     0     0     6   107   813  5195 12950 11269  8727  8561 12898  8625  6948 13106
ch   25:      0     0     0     0     0     0     0     0     0     0     0     0     0     0     0     0     0     0     0     2    39   217  1391  7956  5703 12974  9189 10867 10263 11768  4997 11871
ch   26:      0     0     0     0     0     0     0     0     0     0     0     0     0     0     0     0     0     0     0     0    16   116   906  6175 15122  7729  4710 15122  9125 12103 10593  8132
ch   27:      0     0     0     0     0     0     0     0     0     0     0     0     0     0     0     0     0     0     1     3    27   268  1569 10481  7814  9410 12541  8146  6771 11951 11390 15128
ch   28:      0     0     0     0     0     0     0     0     0     0     0     0     0     0     0     0     0     0     0     1    10   117  1015  5686 15007 12274  7515  9894 13022  9405  8883 12229
ch   29:      0     0     0     0     0     0     0     0     0     0     0     0     0     0     0     0     0     0     0     1    40   371  2729 10842  8015 10812 14026 11129 11472  8674 11924 16909
ch   30:      0     0     0     0     0     0     0     0     0     0     0     0     0     0     0     0     0     0     0     2    16   141  1221  8290 16052 11432 11595  5820  9023 10687 11221  9344
ch   31:      0     0     0     0     0     0     0     0     0     0     0     0     0     0     0     0     0     0     0     2    59   314  1681 12925  8474  8315 11938  5806 10307  8113 13576 10902
ch   32:      0     0     0     0     0     0     0     0     0     0     0     0     0     0     0     0     0     0     0     1    18   197  1386  9129  8603 15533 15635 10256  8519  6305 17820 12667
ch   33:      0     0     0     0     0     0     0     0     0     0     0     0     0     0     0     0     0     0     0     2    27   278  1744 13588 14079  8695  8932  7472  5847  9259 14347 13888
ch   34:      0     0     0     0     0     0     0     0     0     0     0     0     0     0     0     0     0     0     0     5    14   111   933  5437  6145 10616 12239 10760  9752 12467  5690 10572
ch   35:      0     0     0     0     0     0     0     0     0     0     0     0     0     0     0     0     0     0     0     0    33   284  2044 14641  9483  3536 10323  6187  7338 10148  8222  9775
ch   36:      0     0     0     0     0     0     0     0     0     0     0     0     0     0     0     0     0     0     0     2    20   164  1236  8227  8713 11569  7295 12723  6591 13072  9232 16171
ch   37:      0     0     0     0     0     0     0     0     0     0     0     0     0     0     0     0     0     0     0     2    45   283  2043  9985 14251 10928 12231 11059 10811 12100  9598  8990
ch   38:      0     0     0     0     0     0     0     0     0     0     0     0     0     0     0     0     0     0     0     2    14   175  1419  6592  7438 10507  9061  8818  7696  6513 12556  7077
ch   39:      0     0     0     0     0     0     0     0     0     0     0     0     0     0     0     0     0     0     1     3    25   223  2153 10546 14775 16414  9408  9854  9744  8946 10825 14753
ch   40:      0     0     0     0     0     0     0     0     0     0     0     0     0     0     0     0     0     0     0     3    33   213  1401  7917 14456  7099 12917  6121  6732 12328 14982 14179
ch   41:      0     0     0     0     0     0     0     0     0     0     0     0     0     0     0     0     0     0     1     8    79   499  2699 15744  4611  5888  9983 11529  4376 10356 11799 13632
ch   42:      0     0     0     0     0     0     0     0     0     0     0     0     0     0     0     0     0     0     0     4    38   184  1954 12234 10384 14407  9487  9420  7877 13760 10770 13262
ch   43:      0     0     0     0     0     0     0     0     0     0     0     0     0     0     0     0     0     0     0     5    74   466  3143  8359  6965  7067  7870  6022 11115  6725 13139 10168
ch   44:      0     0     0     0     0     0     0     0     0     0     0     0     0     0     0     0     0     0     0     5    42   239  1770  9301  7487 11172  8995 11790 10900  9152  8130 11798
ch   45:      0     0     0     0     0     0     0     0     0     0     0     0     0     0     0     0     0     0     1     6    44   332  2322 10755  9763 11233  7567  9100 12225 12025 11107  5927
ch   46:      0     0     0     0     0     0     0     0     0     0     0     0     0     0     0     0     0     0     1     2    27   290  1757 15522  9618 10784 14996 15481  5524  9366 11487  6527
ch   47:      0     0     0     0     0     0     0     0     0     0     0     0     0     0     0     0     0     0     2    12    82   639  3934  4975  6624 10102 14230  4607  9217  5876  6682 12094
ch   48:      0     0     0     0     0     0     0     0     0     0     0     0     0     0     0     0     0     0     1     6    26   413  2191 11543  5797 13054  9148  8729  9323  9992  8926  9597
ch   49:      0     0     0     0     0     0     0     0     0     0     0     0     0     0     0     0     0     0     0    12    82   393  3269 18426 10374  9807  8917  9576 11674 12732 10348  6999
ch   50:      0     0     0     0     0     0     0     0     0     0     0     0     0     0     0     0     0     0     1     8    39   273  2658 16399  8553  9676 11113  6855 14825  8182  5251 16295
ch   51:      0     0     0     0     0     0     0     0     0     0     0     0     0     0     0     0     0     0     1     9    56   385  3552  4948 13394 14717 10180 12801  9959 10816  8833 15986
ch   52:      0     0     0     0     0     0     0     0     0     0     0     0     0     0     0     0     0     0     0     3    40   287  1888 10637 15120  7093 11200  8654 13509 12311  6743 12622
ch   53:      0     0     0     0     0     0     0     0     0     0     0     0     0     0     0     0     0     0     0    18   101   761  3540  2568  6770 13792 10468 13019 13422  7680 10863  8000
ch   54:      0     0     0     0     0     0     0     0     0     0     0     0     0     0     0     0     0     0     2     2    26   227  1564 10681  7529  9701 10073 13143 12016  7713 15831 11039
ch   55:      0     0     0     0     0     0     0     0     0     0     0     0     0     0     0     0     0     0     1     9    83   497  3738  5582 10399 15983 12493 11504 14645  5759  6990 11759
ch   56:      0     0     0     0     0     0     0     0     0     0     0     0     0     0     0     0     0     0     0     3    57   354  2288 14682 12860  6690  8414  8462  5300  8299  8129  6813
ch   57:      0     0     0     0     0     0     0     0     0     0     0     0     0     0     0     0     0     1     1     6    85   500  3959  2631  7803 10978  5831  9713 10239  9751  7790  9835
ch   58:      0     0     0     0     0     0     0     0     0     0     0     0     0     0     0     0     0     0     0     1    43   334  2562 15207 12838  4803 10680  7801 13390  8929 12003 11911
ch   59:      0     0     0     0     0     0     0     0     0     0     0     0     0     0     0     0     0     0     1     5   106   748  3164  8469 11923  8133  9766  8925 11939  8821 10805 13181
ch   60:      0     0     0     0     0     0     0     0     0     0     0     0     0     0     0     0     0     0     0     9    87   662  4051  8042 14068  7937 10741  5908 11377 10547  7770 11405
ch   61:      0     0     0     0     0     0     0     0     0     0     0     0     0     0     0     0     0     1     3    15   122   673  4295 18302  8734  9325 11204  9274  3950 10907 10076  8123
ch   62:      0     0     0     0     0     0     0     0     0     0     0     0     0     0     0     0     0     0     0     5    39   321  2686 17306  9138  4300  8423  9808 13108 11615 10169 12854
ch   63:      0     0     0     0     0     0     0     0     0     0     0     0     0     0     0     0     0     0     1    17   130   718  3937 10556 10526 15107 10566 11740 11362  6435 10391  9969
ch   64:      0     0     0     0     0     0     0     0     0     0     0     0     0     0     0     0     0     0     1    11    49   365  1996 12031  5623  5779  8957 10413 10197  8880 11920 10904
ch   65:      0     0     0     0     0     0     0     0     0     0     0     0     0     0     0     0     0     0     3    21   145   680  5879  8801 10143  5840 12950  8551  9943  5837 12378 13140
ch   66:      0     0     0     0     0     0     0     0     0     0     0     0     0     0     0     0     0     0     0     7    40   282  2624 18192  5850 15224  5195 16043 10194  6656  5410 12710
ch   67:      0     0     0     0     0     0     0     0     0     0     0     0     0     0     0     0     1     1     3    15   148   943  5269  6659 10476 12380 13407 11599  8111 10654  9807  9754
ch   68:      0     0     0     0     0     0     0     0     0     0     0     0     0     0     0     0     0     0     1    11    72   543  4591  6782  9535 12161 10313  7632  9368 11481 10461 11352
ch   69:      0     0     0     0     0     0     0     0     0     0     0     0     0     0     0     0     0     0     2    16   116   805  6841  5670  9071 12128  9245 12167  4901  9795 10853  3793
ch   70:      0     0     0     0     0     0     0     0     0     0     0     0     0     0     0     0     0     0     2     5    56   452  2682  5716 10044  9534 11492 10087 12083 13393 11581  8880
ch   71:      0     0     0     0     0     0     0     0     0     0     0     0     0     0     0     0     0     1     1    12   154  1209  5664 15077  9418  6981  8554  6953 14125  6144  9593  8668
ch   72:      0     0     0     0     0     0     0     0     0     0     0     0     0     0     0     0     0     0     0     2    40   364  2177 16331 12315  6974  8429 15443 10735 14766  8602  8140
ch   73:      0     0     0     0     0     0     0     0     0     0     0     0     0     0     0     0     0     0     2    12   113   535  5034  5495 10296 16328  8798  9139 10206 10680 10761  8151
ch   74:      0     0     0     0     0     0     0     0     0     0     0     0     0     0     0     0     0     0     0     5    42   280  2593 15669 11813 15294 11529 11172 12770 13008 12887 13534
ch   75:      0     0     0     0     0     0     0     0     0     0     0     0     0     0     0     0     0     0     0    17   151   779  5214 15872  8216  7979 13785 13062 15017  7012 12846 11619
ch   76:      0     0     0     0     0     0     0     0     0     0     0     0     0     0     0     0     0     0     0     8    65   439  2470 12455 12066 11771 12259  7983  7094  7744 11133 11311
ch   77:      0     0     0     0     0     0     0     0     0     0     0     0     0     0     0     0     0     0     0    11    71   904  4966  4938  8587  8713  9479  7472 16224 10445 11926 11431
ch   78:      0     0     0     0     0     0     0     0     0     0     0     0     0     0     0     0     0     0     0    10    51   309  3404  5214  8919  7227 11588  3336  8843  8855 10955 14130
ch   79:      0     0     0     0     0     0     0     0     0     0     0     0     0     0     0     0     0     0     0    18   131   773  5301  9484  9169 11660  6183  8804 10807 13023 12025  7308
ch   80:      0     0     0     0     0     0     0     0     0     0     0     0     0     0     0     0     0     0     0     7    50   585  4299  5251 14044 14158  9957 11511 14413 11364 13816 10927
ch   81:      0     0     0     0     0     0     0     0     0     0     0     0     0     0     0     0     0     0     0    20   128   874  7632 15322 10685  5729  7869 12470  8501  7279 13374  7971
ch   82:      0     0     0     0     0     0     0     0     0     0     0     0     0     0     0     0     0     0     0     7    68   455  4461  4590  7137 14855 15832 10095  7564  6540  8070 10775
ch   83:      0     0     0     0     0     0     0     0     0     0     0     0     0     0     0     0     0     0     2     8   123  1025  7012 14760 12729  7314 12823  8188 11825  6193 11199  6535
ch   84:      0     0     0     0     0     0     0     0     0     0     0     0     0     0     0     0     0     0     2     8    50   618  3990 18726 10373  5902  3646  8737  9322 10780  6438  9016
ch   85:      0     0     0     0     0     0     0     0     0     0     0     0     0     0     0     0     0     0     4    14   104   702  5984 10307  6950  9222  6452 10796 13080  9188  5514 14973
ch   86:      0     0     0     0     0     0     0     0     0     0     0     0     0     0     0     0     0     0     0     6    71   501  3197  8042 13183 11927 10558 11027 16143  8904 10101 11206
ch   87:      0     0     0     0     0     0     0     0     0     0     0     0     0     0     0     0     0     0     0     9   142   795  6836 17104 13274 10739 11762 14994  7747 10065  7665 18230
ch   88:      0     0     0     0     0     0     0     0     0     0     0     0     0     0     0     0     0     0     0     1    40   534  3517 15913 10647  6953 10171 10667 12868  6844  9678  6702
ch   89:      0     0     0     0     0     0     0     0     0     0     0     0     0     0     0     0     0     0     2    21   118  1118  7008 13091 11360 13225 10851 13510 10120 11869  9034 11075
ch   90:      0     0     0     0     0     0     0     0     0     0     0     0     0     0     0     0     0     0     0     2    35   312  3676  1848  6704  8880 16009  9850 14544 10408  9564 12313
ch   91:      0     0     0     0     0     0     0     0     0     0     0     0     0     0     0     0     0     0     0    24   180  1099  6137  6065 10927 12775  9756  5734  9785 13916 10814  9003
ch   92:      0     0     0     0     0     0     0     0     0     0     0     0     0     0     0     0     0     0     0     1    44   443  3351  6367 15617  9873 12796  3919 11885  9510 14210 10961
ch   93:      0     0     0     0     0     0     0     0     0     0     0     0     0     0     0     0     0     0     4    15   206   988  4521 14100  7906 10807  9462 12119 10243  8996  8345 10195
ch   94:      0     0     0     0     0     0     0     0     0     0     0     0     0     0     0     0     0     0     0     6    60   428  4173  7961 11110  7396  6908  6223 11091  7825 11171 14437
ch   95:      0     0     0     0     0     0     0     0     0     0     0     0     0     0     0     0     0     0     2    19   168  1106  6740 17503 13128 12717 13086 10038  9932  7278 11158 12453
ch   96:      0     0     0     0     0     0     0     0     0     0     0     0     0     0     0     0     0     0     1     6    56   485  4229  8193 11926 10714  5237  9044 10122 13023 13069 12875
ch   97:      0     0     0     0     0     0     0     0     0     0     0     0     0     0     0     0     0     0     3    22   182   986  5218 15764  8721  6331 11064 12392 13545  7461  9500 12976
ch   98:      0     0     0     0     0     0     0     0     0     0     0     0     0     0     0     0     0     0     0     6    53   336  3314  5468 11888 11863  9969 15187 11816  9512  9451 11919
ch   99:      0     0     0     0     0     0     0     0     0     0     0     0     0     0     0     0     0     0     1    14   179  1097  7289  9222 10676 10378 13389 14387  4842  7671  9022  8489
ch  100:      0     0     0     0     0     0     0     0     0     0     0     0     0     0     0     0     0     0     1     6    59   522  3404 18874  6464 11138  5090 11350 15792  9823 11340  3285
ch  101:      0     0     0     0     0     0     0     0     0     0     0     0     0     0     0     0     0     0     1     6    96  1016  8267  3528  9951  9555 12000  5242 13777 14032  4081  7074
ch  102:      0     0     0     0     0     0     0     0     0     0     0     0     0     0     0     0     0     0     0    16    85   539  2419  3445 11456 11656 10865 11982 11963 10409 10545 13499
ch  103:      0     0     0     0     0     0     0     0     0     0     0     0     0     0     0     0     0     0     0    10   104   601  7041 16690  8434 14369  7066  9945 10288  6051  9812 14517
ch  104:      0     0     0     0     0     0     0     0     0     0     0     0     0     0     0     0     0     0     1    14    79   820  6365  2334  8922  8848  8791  8802  5433 11904  9526  7482
ch  105:      0     0     0     0     0     0     0     0     0     0     0     0     0     0     0     0     0     0     0    14   163  1069  7182 14698 11924 13990  9633  6237  7424  7203  9978 12555
ch  106:      0     0     0     0     0     0     0     0     0     0     0     0     0     0     0     0     0     0     0     5    76   457  3423  6199  6751  6367 11731  9532 17874  8057  9699  9506
ch  107:      0     0     0     0     0     0     0     0     0     0     0     0     0     0     0     0     0     0     2    26   151   902  8037  6739 15134 10478 10270  6127  8453 13378 15533 11303
ch  108:      0     0     0     0     0     0     0     0     0     0     0     0     0     0     0     0     0     0     0     2    41   359  4037  2894  6623 15088 10749 13367 13657 12500 12062  7011
ch  109:      0     0     0     0     0     0     0     0     0     0     0     0     0     0     0     0     0     0     2    29   137  1469  6933 16130 10010  9044 14527 12106  6977 11014 12391 13106
ch  110:      0     0     0     0     0     0     0     0     0     0     0     0     0     0     0     0     0     0     0     9    65   418  2858  5420  6716  9208 10494  7443 14880  9914  6292  6340
ch  111:      0     0     0     0     0     0     0     0     0     0     0     0     0     0     0     0     0     0     0     5   106   862  5683 13959 11013  9433  9739 10609  5171 11527  8547 14366
ch  112:      0     0     0     0     0     0     0     0     0     0     0     0     0     0     0     0     0     0     0     7    88   645  4653  5482  9317 12021 12150  7755  8802 14006 10076  5931
ch  113:      0     0     0     0     0     0     0     0     0     0     0     0     0     0     0     0     0     0     1    20   132   987  7842 16005 11299  8647  9213 12818  7273 12935 12780 13907
ch  114:      0     0     0     0     0     0     0     0     0     0     0     0     0     0     0     0     0     0     1     8    64   578  4706  3547  8649 11515  9242  7988 12832  9191 14623 15038
ch  115:      0     0     0     0     0     0     0     0     0     0     0     0     0     0     0     0     0     2     4     8   134  1180 10547  9737 15647 10386  8381 12011  8482 10865 11041 18233
ch  116:      0     0     0     0     0     0     0     0     0     0     0     0     0     0     0     0     0     0     2     7    77   603  5129  3748  8795  9801 12042 14453  7895  8704 10947  7390
ch  117:      0     0     0     0     0     0     0     0     0     0     0     0     0     0     0     0     0     0     2    13    58   930  6885  4329  8072 11211 15402 12466  8994 15544 10279 15656
ch  118:      0     0     0     0     0     0     0     0     0     0     0     0     0     0     0     0     0     0     0     9    96   528  4633  6910  9635 12259 15101  8035 12052 10534  9693 14926
ch  119:      0     0     0     0     0     0     0     0     0     0     0     0     0     0     0     0     0     0     2     9   153   955  7575 16827  8742  9793 13021  9762  7982  5932 13657 14517
ch  120:      0     0     0     0     0     0     0     0     0     0     0     0     0     0     0     0     0     0     1     8    70   779  5050  2189  9778 11116  5307  8080 11319 11637 10363  8836
ch  121:      0     0     0     0     0     0     0     0     0     0     0     0     0     0     0     0     0     1     2    20   110  1074  6643  6224  8911  7382 12233 11016 10015 10015 11891 13419
ch  122:      0     0     0     0     0     0     0     0     0     0     0     0     0     0     0     0     0     0     2     5    58   403  3747  6090 12276  9863  4585 12382  6930 11887  7196  6655
ch  123:      0     0     0     0     0     0     0     0     0     0     0     0     0     0     0     0     0     0     2    11    90   838  6320  9473  9551  8641  9381 12361 11024 13190 13062  7011
ch  124:      0     0     0     0     0     0     0     0     0     0     0     0     0     0     0     0     0     1     2    10    67   923  6187  7262 12651  7357  8618 12555 12525  8771  2891  9292
ch  125:      0     0     0     0     0     0     0     0     0     0     0     0     0     0     0     0     0     1     1    15   219   937  7976  7355  5992  9811 11600 13006  8071  9891 13525 12762
ch  126:      0     0     0     0     0     0     0     0     0     0     0     0     0     0     0     0     0     0     0     6    54   424  3693  6414 13923 12114  7832  9511 11554  9960 10148 10999
ch  127:      0     0     0     0     0     0     0     0     0     0     0     0     0     0     0     0     0     1     5    26   158  1670  9637 14520  9816  7985  9962 15761  9314  7166  5192  5497
