ch    0:      0     0     0     0     0     0     0     0     0     0     0     0     0     0     0     0     0     0     0     0     0     0     1    26   250  2198 13873  6936 14224 11866  9810  4262
ch    1:      0     0     0     0     0     0     0     0     0     0     0     0     0     0     0     0     0     0     0     0     0     0     0    15   121  2160 14026  9849  3607 12830 11433  9085
ch    2:      0     0     0     0     0     0     0     0     0     0     0     0     0     0     0     0     0     0     0     0     0     1     8    43   567  4915 11855 13780 15524  8470 10929  3386
ch    3:      0     0     0     0     0     0     0     0     0     0     0     0     0     0     0     0     0     0     0     0     0     0     4    44   444  4215  7588  8194  8254  6219 11320 12689
ch    4:      0     0     0     0     0     0     0     0     0     0     0     0     0     0     0     0     0     0     0     0     0     0     6    51   579  5530 11151 10709  7177  8160 12296  3546
ch    5:      0     0     0     0     0     0     0     0     0     0     0     0     0     0     0     0     0     0     0     0     0     0     4    39   451  5665  8237  6662 10514  8457  6413  8173
ch    6:      0     0     0     0     0     0     0     0     0     0     0     0     0     0     0     0     0     0     0     0     1     1     7   105   842  8272 16177 10175  7096  8621  8991  3362
ch    7:      0     0     0     0     0     0     0     0     0     0     0     0     0     0     0     0     0     0     0     0     0     0     8    49   624  8031  4885  6481  9190  9377 10464  8179
ch    8:      0     0     0     0     0     0     0     0     0     0     0     0     0     0     0     0     0     0     0     0     0     0     8   107   950  7678  9498  9293  9189 11572  7059  3861
ch    9:      0     0     0     0     0     0     0     0     0     0     0     0     0     0     0     0     0     0     0     0     0     0     4    80   461  7145  6401 10104 15832  9588  8449 11681
ch   10:      0     0     0     0     0     0     0     0     0     0     0     0     0     0     0     0     0     0     0     0     0     1     8    77   974 10144  7034 13565 13031  8516 11642  3643
ch   11:      0     0     0     0     0     0     0     0     0     0     0     0     0     0     0     0     0     0     0     0     0     0     5   104   928  6870 14545 12634 13171 11350 10142 12263
ch   12:      0     0     0     0     0     0     0     0     0     0     0     0     0     0     0     0     0     0     0     0     0     1     5   109  1117 11059  7152  9929 12738  8928 13326  3547
ch   13:      0     0     0     0     0     0     0     0     0     0     0     0     0     0     0     0     0     0     0     0     0     0     2    86   829 12074  6422  9115  4103 11670 15229 11245
ch   14:      0     0     0     0     0     0     0     0     0     0     0     0     0     0     0     0     0     0     0     0     0     2    20   113  1778 14935  6661  9625 10074 11768  8848  2720
ch   15:      0     0     0     0     0     0     0     0     0     0     0     0     0     0     0     0     0     0     0     0     0     1     8    74  1219 10050  7725 12671  7470 10322 11809  6160
ch   16:      0     0     0     0     0     0     0     0     0     0     0     0     0     0     0     0     0     0     0     0     0     0    17   164  2377  9407  8947  8765  8197 12054 11523  2237
ch   17:      0     0     0     0     0     0     0     0     0     0     0     0     0     0     0     0     0     0     0     0     0     0     2    61  1036 12470 12979 11157 10989 11008  6321  9502
ch   18:      0     0     0     0     0     0     0     0     0     0     0     0     0     0     0     0     0     0     0     0     0     1    12   118  2208 12772 10752  9372 10901  8195 14931  3656
ch   19:      0     0     0     0     0     0     0     0     0     0     0     0     0     0     0     0     0     0     0     0     0     1     6   113  1409 13848 10874 11025 13081  9971  8065 10605
ch   20:      0     0     0     0     0     0     0     0     0     0     0     0     0     0     0     0     0     0     0     0     0     5    24   224  3032 13027  8981 15014 12994  9367 13026  2755
ch   21:      0     0     0     0     0     0     0     0     0     0     0     0     0     0     0     0     0     0     0     0     0     0     4   109  1193 11250  7375  7730  9606  6091 10549 11602
ch   22:      0     0     0     0     0     0     0     0     0     0     0     0     0     0     0     0     0     0     0     0     0     0    11   198  1469 14110  8500 10852 16775 12423  8933  2170
ch   23:      0     0     0     0     0     0     0     0     0     0     0     0     0     0     0     0     0     0     0     0     0     1     7   132  1159 17131  9211 13810  7903  5139 10200  6372
ch   24:      0     0     0     0     0     0     0     0     0     0     0     0     0     0     0     0     0     0     0     0     0     2     7   154  1557 12841  7847  9650 12061 12519 10913  1809
ch   25:      0     0     0     0     0     0     0     0     0     0     0     0     0     0     0     0     0     0     0     0     0     0     8   121  2114 17390  7588  8834 13785 14053  7091 13544
ch   26:      0     0     0     0     0     0     0     0     0     0     0     0     0     0     0     0     0     0     0     0     0     4    13   234  2352  5246 10260  9379 13357 10780 10623  1545
ch   27:      0     0     0     0     0     0     0     0     0     0     0     0     0     0     0     0     0     0     0     0     0     0    13   130  1377  8769 10595  9796 13851  8920  9519  7259
ch   28:      0     0     0     0     0     0     0     0     0     0     0     0     0     0     0     0     0     0     0     0     0     0    16   219  1637 11810 14660  3872 11759  6173  7400  1435
ch   29:      0     0     0     0     0     0     0     0     0     0     0     0     0     0     0     0     0     0     0     0     0     0     9   136  2659 17595 13082  6817  6657  6212  8477  6461
ch   30:      0     0     0     0     0     0     0     0     0     0     0     0     0     0     0     0     0     0     0     0     0     2    28   231  2418  6465  5730 13372 10721  9902 10979  1684
ch   31:      0     0     0     0     0     0     0     0     0     0     0     0     0     0     0     0     0     0     0     0     0     0     5   138  1825 11761 14772  4569 12178 11615  9460 12755
ch   32:      0     0     0     0     0     0     0     0     0     0     0     0     0     0     0     0     0     0     0     0     0     0     7   232  3178 11298 13470 13104 10753  8001 11297  1449
ch   33:      0     0     0     0     0     0     0     0     0     0     0     0     0     0     0     0     0     0     0     0     0     1     7   126  2212  9353 11979 16168 11075 13696 12923  8512
ch   34:      0     0     0     0     0     0     0     0     0     0     0     0     0     0     0     0     0     0     0     0     0     0    21   278  3311  8452  2619  9471  9422 11299 18155  1533
ch   35:      0     0     0     0     0     0     0     0     0     0     0     0     0     0     0     0     0     0     0     0     0     1    10   136  2074  6070  8808 12305 13733 12608  6091 15372
ch   36:      0     0     0     0     0     0     0     0     0     0     0     0     0     0     0     0     0     0     0     0     0     2    18   298  3473  7224  9379  9589  9736  7753  9160   954
ch   37:      0     0     0     0     0     0     0     0     0     0     0     0     0     0     0     0     0     0     0     0     0     0    10   124  2467  4360  5598 11965 11442  8038  8754 12065
ch   38:      0     0     0     0     0     0     0     0     0     0     0     0     0     0     0     0     0     0     0     0     0     0    20   168  3130  4015  6634  6777  7492  8774  7617  1170
ch   39:      0     0     0     0     0     0     0     0     0     0     0     0     0     0     0     0     0     0     0     0     0     2    15   186  2623 11816 15176  8436 14922  9532  8759  3750
ch   40:      0     0     0     0     0     0     0     0     0     0     0     0     0     0     0     0     0     0     0     0     0     2    27   229  3967 16272 11769  8336 12259 13105  7509  1224
ch   41:      0     0     0     0     0     0     0     0     0     0     0     0     0     0     0     0     0     0     0     0     0     1    17   155  3965  9484  9962 13195 10686 10542 13158 14086
ch   42:      0     0     0     0     0     0     0     0     0     0     0     0     0     0     0     0     0     0     0     0     0     1    31   311  3349 16636  7968 11635 13639  9298  9944  1167
ch   43:      0     0     0     0     0     0     0     0     0     0     0     0     0     0     0     0     0     0     0     0     0     2    21   363  2169 14178 10884 10057  8477  8266 12408  7805
ch   44:      0     0     0     0     0     0     0     0     0     0     0     0     0     0     0     0     0     0     0     0     1     1    17   381  4725  7210 14628  6749 10191  3626 14892   962
ch   45:      0     0     0     0     0     0     0     0     0     0     0     0     0     0     0     0     0     0     0     0     0     1    19   249  3023  6729 11783 12613  8009  7695  9637  8415
ch   46:      0     0     0     0     0     0     0     0     0     0     0     0     0     0     0     0     0     0     0     0     0     1    17   206  2893  8710 10489 10568  6044 10711  8974  1203
ch   47:      0     0     0     0     0     0     0     0     0     0     0     0     0     0     0     0     0     0     0     0     0     1    13   267  2755 12730  9156 14409  8082  7347  9735  2605
ch   48:      0     0     0     0     0     0     0     0     0     0     0     0     0     0     0     0     0     0     0     0     2     3    24   344  4179 10723  9405  8055 11167 11201  9893   869
ch   49:      0     0     0     0     0     0     0     0     0     0     0     0     0     0     0     0     0     0     0     0     0     0    18   162  3013 11877  7568  9818 12133 11477  7603 11968
ch   50:      0     0     0     0     0     0     0     0     0     0     0     0     0     0     0     0     0     0     0     0     1     6    28   324  5003  8481 15975  7325 11791  9367  9602  1075
ch   51:      0     0     0     0     0     0     0     0     0     0     0     0     0     0     0     0     0     0     0     0     0     0    11   279  2279 15617 12256  9117  9412 10728 11172 15194
ch   52:      0     0     0     0     0     0     0     0     0     0     0     0     0     0     0     0     0     0     0     0     0     3    28   282  5884 14956 11497  9350 11268  7561  9448  1618
ch   53:      0     0     0     0     0     0     0     0     0     0     0     0     0     0     0     0     0     0     0     0     0     0    13   175  2911 13173  9612  9681  8974 12710 13654 19354
ch   54:      0     0     0     0     0     0     0     0     0     0     0     0     0     0     0     0     0     0     0     0     0     0    23   315  4531  9708 14604 12675 11978 10783  5982  1636
ch   55:      0     0     0     0     0     0     0     0     0     0     0     0     0     0     0     0     0     0     0     0     0     2    18   269  2216  7196  7693  7082  6735 13218  9084  3458
ch   56:      0     0     0     0     0     0     0     0     0     0     0     0     0     0     0     0     0     0     0     0     0     1    16   287  4154  8774 15196  8300  8747  8168 15743  1263
ch   57:      0     0     0     0     0     0     0     0     0     0     0     0     0     0     0     0     0     0     0     0     0     2    16   306  4105  6118  6995  8793 13187 10606  7834  4349
ch   58:      0     0     0     0     0     0     0     0     0     0     0     0     0     0     0     0     0     0     0     0     0     1    50   542  8060  9902  7177  5788  7992  9335 10596  1239
ch   59:      0     0     0     0     0     0     0     0     0     0     0     0     0     0     0     0     0     0     0     0     0     3    20   357  3907  5964 11482 11611 11346 11085 14519 18021
ch   60:      0     0     0     0     0     0     0     0     0     0     0     0     0     0     0     0     0     0     0     0     0     2    45   374  5746 16280 12843  4617 12326  5849 11418  1004
ch   61:      0     0     0     0     0     0     0     0     0     0     0     0     0     0     0     0     0     0     0     0     0     1    29   386  5026 13136  7574  8488 11863 11244  5606 18010
ch   62:      0     0     0     0     0     0     0     0     0     0     0     0     0     0     0     0     0     0     0     0     0     3    42   320  4125 11791  9846  9551  6886  8743 14864  1326
ch   63:      0     0     0     0     0     0     0     0     0     0     0     0     0     0     0     0     0     0     0     0     0     2    28   447  6404 10171 11934 12802  8560 14607 12231 15521
ch   64:      0     0     0     0     0     0     0     0     0     0     0     0     0     0     0     0     0     0     0     0     0     1    47   551  6149 12426  5984 14996 15137  4950  9598  1136
ch   65:      0     0     0     0     0     0     0     0     0     0     0     0     0     0     0     0     0     0     0     0     0     3    42   460  5049  6764  9162 18168  6789 14863  6633 17732
ch   66:      0     0     0     0     0     0     0     0     0     0     0     0     0     0     0     0     0     0     0     0     1     2    45   510  8274 10037  6556 10939  9282 14447 11387  1593
ch   67:      0     0     0     0     0     0     0     0     0     0     0     0     0     0     0     0     0     0     0     0     0     0    32   388  8008  9033  6626  5782  9653 11910 11340 17592
ch   68:      0     0     0     0     0     0     0     0     0     0     0     0     0     0     0     0     0     0     0     0     0     6    52   616  9444 10837  8516 12983 13786  4368  8322  1997
ch   69:      0     0     0     0     0     0     0     0     0     0     0     0     0     0     0     0     0     0     0     0     0     0    27   344  5055 10312 13992  8884 12775  5893  8551 16446
ch   70:      0     0     0     0     0     0     0     0     0     0     0     0     0     0     0     0     0     0     0     0     0     3    35   853  5506 15300 12644 10235 12451 10268  5289  1988
ch   71:      0     0     0     0     0     0     0     0     0     0     0     0     0     0     0     0     0     0     0     0     0     2    31   412  7338  8960  9099 13612  9424 11629 14412 16016
ch   72:      0     0     0     0     0     0     0     0     0     0     0     0     0     0     0     0     0     0     0     0     0     2    45   480  6226 12690  7103 15104  8380 10778  9873  1354
ch   73:      0     0     0     0     0     0     0     0     0     0     0     0     0     0     0     0     0     0     0     0     0     1    40   561  5950 11868  9920  7231  6589 11998  8907  1631
ch   74:      0     0     0     0     0     0     0     0     0     0     0     0     0     0     0     0     0     0     0     0     0     4    42   394  5354  9418 13130 12044  9903  8196 11709  1941
ch   75:      0     0     0     0     0     0     0     0     0     0     0     0     0     0     0     0     0     0     0     0     0     2    38   378  5813  9636 12365  7581  9630  8756  7956  8468
ch   76:      0     0     0     0     0     0     0     0     0     0     0     0     0     0     0     0     0     0     0     0     0     5    65   864  6049 17113  7993  9044  7974 12158 12418  2306
ch   77:      0     0     0     0     0     0     0     0     0     0     0     0     0     0     0     0     0     0     0     0     0     1    41   375  6017 10120 14496  9037 10723  7319 11659  5905
ch   78:      0     0     0     0     0     0     0     0     0     0     0     0     0     0     0     0     0     0     0     0     0     1    46   494  5975  9610 10592  9462  4902  4814 10302  2275
ch   79:      0     0     0     0     0     0     0     0     0     0     0     0     0     0     0     0     0     0     0     0     0     0    40   450  6706  9096  6244  6028  7904  8056  9311  5467
ch   80:      0     0     0     0     0     0     0     0     0     0     0     0     0     0     0     0     0     0     0     0     0     5    50   803  6844  8123  7664 11690 10250 16793  9473  2833
ch   81:      0     0     0     0     0     0     0     0     0     0     0     0     0     0     0     0     0     0     0     0     0     2    26   258  4372  5339 13879 13543 15953 10186 10391  1197
ch   82:      0     0     0     0     0     0     0     0     0     0     0     0     0     0     0     0     0     0     0     0     0     6    66   795  7473  7322  7061  9861  9565  8755  9513  2763
ch   83:      0     0     0     0     0     0     0     0     0     0     0     0     0     0     0     0     0     0     0     0     0     0    23   421  6654  9413  9820 10220 12378  6369 11044  8099
ch   84:      0     0     0     0     0     0     0     0     0     0     0     0     0     0     0     0     0     0     0     0     0     5    74   849  6405  9427  9598 13556 13979  7493  5862  3689
ch   85:      0     0     0     0     0     0     0     0     0     0     0     0     0     0     0     0     0     0     0     0     0     1    31   490  8022 12043  6392  9963 14993 12668 13959  8873
ch   86:      0     0     0     0     0     0     0     0     0     0     0     0     0     0     0     0     0     0     0     0     0     2    56   673  6966 10609 12070 11533 10746  6361 15665  2235
ch   87:      0     0     0     0     0     0     0     0     0     0     0     0     0     0     0     0     0     0     0     1     1     7    54   409  6095  7638 11740  6373  7282  7980 10841  9423
ch   88:      0     0     0     0     0     0     0     0     0     0     0     0     0     0     0     0     0     0     0     0     1     6    66   596  8946  8790  6759 10120 11018  8864  9201  3775
ch   89:      0     0     0     0     0     0     0     0     0     0     0     0     0     0     0     0     0     0     0     0     0     1    34   380  6661  8634 13545  6829 13189 11670 11102 14804
ch   90:      0     0     0     0     0     0     0     0     0     0     0     0     0     0     0     0     0     0     0     0     0     1    80   628  6087  4758  7692 10118 12721 15272 11249  3486
ch   91:      0     0     0     0     0     0     0     0     0     0     0     0     0     0     0     0     0     0     0     0     0     2    41   616  7201  5727  7602  9911 11702 15592 12237 12723
ch   92:      0     0     0     0     0     0     0     0     0     0     0     0     0     0     0     0     0     0     0     0     0     2    62   481  6506  8701 12249 12210 14523 10999  5398  3901
ch   93:      0     0     0     0     0     0     0     0     0     0     0     0     0     0     0     0     0     0     0     0     0     3    31   363  5511 12391  8806 12201 13350  8296 12376 10615
ch   94:      0     0     0     0     0     0     0     0     0     0     0     0     0     0     0     0     0     0     0     0     1     2    42   649  6762 10607 14196 10887 11565  8821 12751  5539
ch   95:      0     0     0     0     0     0     0     0     0     0     0     0     0     0     0     0     0     0     0     0     0     1    29   551  5550 10805  9499  8319  6558  9161 14950 18214
ch   96:      0     0     0     0     0     0     0     0     0     0     0     0     0     0     0     0     0     0     0     0     0     1    27   407  6688 14233 10968  8818  9612  7783  9858  5725
ch   97:      0     0     0     0     0     0     0     0     0     0     0     0     0     0     0     0     0     0     0     0     0     1    34   416  7621 11726  9076 13371  6358  8689  7857 17138
ch   98:      0     0     0     0     0     0     0     0     0     0     0     0     0     0     0     0     0     0     0     0     0     1    37   471  7258  8929  6374 13698  6939 11528 10888  8145
ch   99:      0     0     0     0     0     0     0     0     0     0     0     0     0     0     0     0     0     0     0     0     0     0    33   537  5676  8896  6770  9040  8450  9421  6719 16950
ch  100:      0     0     0     0     0     0     0     0     0     0     0     0     0     0     0     0     0     0     0     0     0     5    36   708  6099  5987 11210  5998  9893 17794 12543  4937
ch  101:      0     0     0     0     0     0     0     0     0     0     0     0     0     0     0     0     0     0     0     0     0     1    37   415  6885  9767 11139 10326  8919 12902  6759 15739
ch  102:      0     0     0     0     0     0     0     0     0     0     0     0     0     0     0     0     0     0     0     0     0     2    61   560  8317  8041  7581 16012 11100 11669 13573  8334
ch  103:      0     0     0     0     0     0     0     0     0     0     0     0     0     0     0     0     0     0     0     0     0     5    30   808  6318  9199  6264 11958 12370  8938 13084  5352
ch  104:      0     0     0     0     0     0     0     0     0     0     0     0     0     0     0     0     0     0     0     0     0     4    39   629  8076  5967 10724 13430 10981 13268 10683  9375
ch  105:      0     0     0     0     0     0     0     0     0     0     0     0     0     0     0     0     0     0     0     0     0     0    14   326  5556  8371  7361 10341 11470  9585 13191 10806
ch  106:      0     0     0     0     0     0     0     0     0     0     0     0     0     0     0     0     0     0     0     0     0     4    60   646  7770 11900 14361 11829  9570  4751 12929 18051
ch  107:      0     0     0     0     0     0     0     0     0     0     0     0     0     0     0     0     0     0     0     0     0     4    30   514  7777 11568 13650  7080 11241 12917 14071 17345
ch  108:      0     0     0     0     0     0     0     0     0     0     0     0     0     0     0     0     0     0     0     0     0     4    50   632  7420 12434  9198 14642 10073  9517  8873 11992
ch  109:      0     0     0     0     0     0     0     0     0     0     0     0     0     0     0     0     0     0     0     0     0     0    41   417  6772 10247  8894 12572 15343  9541 10516 15167
ch  110:      0     0     0     0     0     0     0     0     0     0     0     0     0     0     0     0     0     0     0     0     0     2    43   704  7204 14022  8552 10431  7734 12367 13092 15547
ch  111:      0     0     0     0     0     0     0     0     0     0     0     0     0     0     0     0     0     0     0     0     0     1    27   466  6696 10783 16065 10924 11959 11167 10683 11940
ch  112:      0     0     0     0     0     0     0     0     0     0     0     0     0     0     0     0     0     0     0     0     0     1    27   512  7509  8293  4880 12023 12632 13374 10072  8428
ch  113:      0     0     0     0     0     0     0     0     0     0     0     0     0     0     0     0     0     0     0     0     0     1    30   443  6850  9950 11063  5767 11237 12240 12240  8281
ch  114:      0     0     0     0     0     0     0     0     0     0     0     0     0     0     0     0     0     0     0     0     1     4    43   391  9488  8597  6775  7829  7161 10320  7568  4094
ch  115:      0     0     0     0     0     0     0     0     0     0     0     0     0     0     0     0     0     0     0     0     0     1    18   507  6173 12908 10662  8652 11971 10509  9897 15540
ch  116:      0     0     0     0     0     0     0     0     0     0     0     0     0     0     0     0     0     0     0     0     0     1    52   644  7337 11589  9860 15776  4882 14128 10464  9176
ch  117:      0     0     0     0     0     0     0     0     0     0     0     0     0     0     0     0     0     0     0     0     0     2    29   467  6469 14306 13424  7146 13577  6938  6339  7963
ch  118:      0     0     0     0     0     0     0     0     0     0     0     0     0     0     0     0     0     0     0     0     0     0    40   502  8472 12412  7530 10465 15783 12751  8531  4884
ch  119:      0     0     0     0     0     0     0     0     0     0     0     0     0     0     0     0     0     0     0     0     0     2    52   776 10729 12931 10280 16422  5596 10066  8291  7906
ch  120:      0     0     0     0     0     0     0     0     0     0     0     0     0     0     0     0     0     0     0     0     1     3    58   559  6297 10625 10858  9619  7668 11532 11806 12868
ch  121:      0     0     0     0     0     0     0     0     0     0     0     0     0     0     0     0     0     0     0     0     0     1    31   372  8887 10976 11094 10026  7894 12278  7622  7711
ch  122:      0     0     0     0     0     0     0     0     0     0     0     0     0     0     0     0     0     0     0     0     1     7    71   574  8588  9306 13635  8358  9271  9636 11136 13660
ch  123:      0     0     0     0     0     0     0     0     0     0     0     0     0     0     0     0     0     0     0     0     0     1    44   637  9221 10257  9155  7772 12536 12777  6928  6361
ch  124:      0     0     0     0     0     0     0     0     0     0     0     0     0     0     0     0     0     0     0     0     0     9    50  1176  9632  8984 11558 15830  7325  9422 12572 14557
ch  125:      0     0     0     0     0     0     0     0     0     0     0     0     0     0     0     0     0     0     0     0     0     5   106  1806 16851 11701 13038 14075  8834  9662  3014 13449
ch  126:      0     0     0     0     0     0     0     0     0     0     0     0     0     0     0     0     0     0     0     0     0     7   153  1189 13689  7929 10432  8986 11056 10841  4504 12909
ch  127:      0     0     0     0     0     0     0     0     0     0     0     0     0     0     0     0     0     0     0     0     2    35   364  3552 13936  8853  4440  9729  5978 13943  6018  8722
