# ID XA-000-08-002-001-006-066-06
# Tag _trim_
# Date 240508_18:29:06
# Vref_p 56
# Vref_n 22
# Thr2_glb 38
# Vref_t 118
# Vref_t_range 1
# Pol 0
# ADC range 30-247
# FAST disc 30
ch:   0  123  122  122  125  124  129  123  131  115  131  111  116  117  126  120  124  126  133  122  123  125  139  128  124  115  135  137  134  134  137  133   20
ch:   1  119  123  132  116  124  124  124  122  124  133  130  122  126  133  130  140  125  125  140  126  131  148  141  132  139  147  137  135  142  136  143   51
ch:   2  122  123  127  131  123  121  120  128  111  122  127  129  129  124  123  125  133  133  130  132  135  126  129  137  124  135  138  138  133  129  132   -1
ch:   3  136  127  117  125  124  125  131  127  115  137  135  131  136  125  141  134  132  141  139  133  130  126  143  156  134  150  148  136  131  141  150   46
ch:   4  118  119  119  134  134  133  122  128  123  133  132  130  120  132  123  125  130  130  132  126  121  126  124  138  134  134  135  133  126  122  132   29
ch:   5  124  139  122  122  130  123  126  121  138  123  140  126  121  132  134  133  136  132  132  125  132  145  133  135  131  138  135  138  131  139  137   53
ch:   6  121  133  125  122  110  131  123  126  128  122  110  122  127  126  118  129  119  128  129  127  125  125  133  117  135  133  128  132  129  124  126   38
ch:   7  132  129  131  123  127  130  130  130  131  131  133  126  133  137  127  125  136  137  131  137  137  136  142  135  142  148  142  151  148  136  150   43
ch:   8  131  134  124  132  126  119  118  128  132  119  121  130  122  127  125  134  135  135  139  124  126  135  130  133  130  140  132  131  127  131  148   41
ch:   9  137  132  125  136  130  127  126  122  114  129  135  118  131  131  133  121  133  130  135  132  130  127  139  127  134  135  138  132  135  134  149   43
ch:  10  123  118  131  123  131  125  125  135  131  131  133  125  129  129  126  126  130  124  119  125  135  142  126  127  132  128  124  136  140  147  134   36
ch:  11  115  132  124  130  130  135  132  124  126  132  126  133  130  124  133  134  129  135  129  143  140  132  150  134  132  141  140  144  151  137  141   42
ch:  12  129  131  124  126  131  126  134  123  125  121  126  127  130  122  130  119  129  134  124  122  129  136  136  124  131  133  126  135  123  130  138   42
ch:  13  131  123  133  126  133  118  123  124  138  127  134  133  123  139  135  125  135  134  132  125  137  126  133  139  149  134  135  139  149  153  137   56
ch:  14  131  127  129  120  136  124  132  126  130  130  133  120  131  127  126  122  123  136  126  142  127  129  136  141  125  120  138  142  136  140  141   35
ch:  15  119  127  125  129  135  125  129  123  132  131  134  132  119  138  136  135  130  148  137  135  130  137  133  133  130  134  147  152  148  142  139   56
ch:  16  130  123  137  136  125  125  123  131  129  126  120  126  116  116  131  131  123  133  131  122  122  105  122  129  121  132  127  125  129  128  148   30
ch:  17  124  133  139  126  136  132  131  136  139  132  149  133  131  133  117  131  134  137  139  135  137  138  134  142  147  146  149  131  153  140  135   56
ch:  18  122  122  118  129  129  125  137  140  134  137  124  126  120  126  137  132  126  124  134  125  138  128  126  135  134  138  134  132  147  137  135   30
ch:  19  137  131  119  133  125  131  134  131  134  129  130  124  138  132  130  140  126  126  127  134  133  131  149  130  136  130  138  140  137  134  147   42
ch:  20  129  131  132  123  134  133  129  135  134  123  134  130  115  124  137  130  136  132  119  127  121  130  124  140  133  143  129  148  136  142  127   43
ch:  21  127  130  131  130  122  124  133  136  135  137  124  147  127  132  126  126  133  131  133  124  139  137  127  147  134  137  139  136  139  148  140   44
ch:  22  119  123  129  118  126  110  124  121  130  124  125  131  119  125  132  133  136  126  131  126  120  138  139  122  133  135  136  130  134  130  132   32
ch:  23  125  120  116  132  125  135  139  130  125  130  134  136  133  130  125  129  129  136  130  143  140  132  130  132  140  135  125  137  147  146  141   45
ch:  24  119  121  125  115  136  120  130  132  131  119  121  124  125  126  135  131  125  127  135  139  131  134  131  137  129  137  124  134  131  129  132   47
ch:  25  129  123  125  125  129  137  122  138  129  128  132  140  137  140  132  141  139  139  133  130  140  135  147  152  146  141  130  137  150  138  146   46
ch:  26  130  125  121  124  131  136  134  128  133  118  130  119  129  121  117  127  124  123  132  128  132  132  135   -1  129  125  140  135  136  134  140   39
ch:  27  122  137  120  129  138  135  140  129  135  136  134  143  129  119  132  140  136  132  133  141  141  146  137  137  142  142  137  151  136  150  141   49
ch:  28  124  126  129  121  120  130  131  131  133  131  130  113  123  124  132  131  121  121  122  133  130  126  132  132  132  125  137  137  126  137  146   49
ch:  29  140  133  119  123  119  130  126  131  128  135  123  133  131  138  133  138  135  137  133  131  138  139  148  134  143  152  139  138  149  157  151   47
ch:  30  122  125  129  127  127  120  121  120  130  131  125  132  126  119  120  126  126  127  130  125  129  125  126  124  128  129  134  136  123  138  138   44
ch:  31  133  126  124  136  130  134  126  120  130  136  138  139  139  127  134  135  133  130  147  143  134  130  136  132  143  148  150  157  151  148  151   55
ch:  32  125  123  126  122  125  131  130  115  124  133  125  133  134  138  130  131  129  135  127  127  131  132  128  139  127  135  122  124  129  136  135   37
ch:  33  123  120  133  126  124  121  132  133  124  120  140  129  141  130  133  136  136  130  139  133  135  133  133  147  140  141  131  139  147  151  142   45
ch:  34  125  125  135  134  123  134  139  125  138  117  130  132  132  122  136  130  121  124  130  130  132  127  135  133  133  138  126  129  135  135  141   42
ch:  35  118  132  130  137  120  136  127  119  138  127  133  138  123  137  133  127  138  140  130  146  142  140  138  147  133  148  135  135  140  147  150   51
ch:  36  126  121  121  124  124  134  126  137  123  132  128  135  132  122  122  124  130  136  133  123  135  134  136  134  137  128  139  138  136  140  131   46
ch:  37  134  126  124  132  129  123  119  132  140  135  138  134  129  135  131  131  138  129  139  142  142  141  135  141  138  146  150  151  155  147  149   56
ch:  38  132  120  122  124  126  131  126  124  121  122  131  131  125  121  123  132  131  119  136  117  129  130  127  127  127  132  132  138  135  140  141   55
ch:  39  123  126  121  136  127  135  129  131  135  131  133  125  135  137  133  135  136  142  135  131  135  149  131  143  150  151  150  139  139  155  150   51
ch:  40  125  127  124  135  119  135  123  137  120  130  125  121  131  135  133  122  136  134  133  123  125  137  126  130  121  143  125  140  133  133  134   42
ch:  41  124  134  124  128  126  126  141  126  124  135  137  132  132  125  141  151  140  137  137  130  148  141  142  133  147  151  141  148  149  139  161   47
ch:  42  121  130  131  134  123  129  127  122  119  133  133  129  133  127  130  140  128  132  125  126  132  136  133  133  134  128  140  136  131  141  139   41
ch:  43  136  123  132  131  128  134  124  138  135  136  138  137  135  133  134  138  132  137  143  137  149  153  137  127  147  136  157  148  152  148  149   37
ch:  44  132  118  125  133  134  120  131  124  120  111  126  121  119  131  123  126  126  129  133  126  131  122  133  132  134  136  131  139  135  135  131   41
ch:  45  132  120  125  130  120  130  131  138  129  141  137  137  134  147  134  141  138  152  134  142  143  139  140  149  157  140  148  148  149  153  154   56
ch:  46  119  117  118  136  127  118  125  117  123  133  131  125  118  129  140  127  119  124  124  117  129  130  130  129  131  132  124  141  131  134  137   48
ch:  47  134  130  130  126  133  133  135  133  123  135  125  133  141  132  133  141  141  141  155   -1  137  134  137  149  153  138  150  150  150  153  168   37
ch:  48  127  126  120  122  130  120  132  121  132  130  136  124  129  132  126  133  132  130  149  129  127  122  129  125  132  133  137  145  135  142  137   47
ch:  49  123  124  129  129  132  137  126  135  130  140  131  137  130  133  126  135  138  141  134  131  139  139  138  131  140  148  147  157  148  156  147   37
ch:  50  123  127  124  119  132  131  132  124  124  130  133  134  137  131  129  129  131  141  125  134  116  126  147  137  135  137  136  136  139  138  133   47
ch:  51  127  131  136  132  135  136  134  138  135  129  135  140  126  136  126  135  140  141  138  149  143  151  140  139  140  149  149  150  148  165  146   42
ch:  52  125  126  109  121  119  124  126  127  130  123  124  125  123  125  135  119  119  125  125  137  131  131  115  145  125  132  120  134  126  123  141   47
ch:  53  125  136  125  123  147  133  135  129  126  146  140  130  139  144  136  131  133  136  126  141  137  136  131  141  139  138  149  137  147  154  156   35
ch:  54  132  126  125  130  125  123  130  128  129  125  127  136  121  123  109  128  129  133  150  137  132  133  128  119  127  125  134  127  134  130  141   47
ch:  55  123  128  122  123  132  139  138  128  138  126  133  129  133  131  143  134  134  138  142  152  140  148  147  143  138  140  147  133  148  142  142   46
ch:  56  124  129  132  129  118  119  125  131  149  131  127  122  120  116  137  125  137  133  126  126  137  130  134  134  136  135  134  133  125  140  146   52
ch:  57  131  137  124  136  135  137  133  123  123  135  133  136  131  135  136  140  131  136  138  139  139  141  149  139  141  138  142  155  152  149  150   47
ch:  58  126  131  135  134  125  137  133  130  129  130  139  120  147  129  130  129  133  126  140  133  119  140  126  133  133  131  141  149  136  136  141   41
ch:  59  123  122  126  140  130  138  132  134  126  129  135  141  139  137  140  133  135  139  135  140  151  153  134  148  146  148  150  151  153  140  152   44
ch:  60  123  133  125  130  127  122  130  132  130  119  127  139  134  136  127  126  124  126  124  131  124  137  131  124  126  139  138  132  138  135  136   44
ch:  61  122  136  132  132  136  133  133  125  132  136  137  126  149  137  129  143  134  137  138  148  147  139  147  146  151  150  141  131  140  137  149   47
ch:  62  134  130  130  132  132  127  129  123  125  126  136  122  121  129  148  123  139  130  142  138  126  142  136  133  141  135  137  135  138  123  140   43
ch:  63  133  124  133  136  130  126  121  134  127  126  124  126  139  140  135  149  140  131  131  132  151  138  137  139  143  148  133  156  140  149  148   36
ch:  64  127  135  123  127  135  118  129  127  126  119  132  123  125  133  124  131  131  129  125  147  138  126  132  132  137  139  124  130  130  128  131   35
ch:  65  124  134  127  126  127  125  134  137  120  129  123  132  134  139  137  129  143  134  151  153  137  130  141  148  148  134  155  143  149  147  149   50
ch:  66  121  123  132  134  122  133  127  121  119  128  130  134  141  123  133  118  124  136  129  136  138  134  133  125  132  129  128  130  129  136  133   47
ch:  67  135  129  129  137  138  138  141  125  133  131  140  128  132  147  125  147  133  132  130  135  138  140  137  136  146  147  135  142  148  142  152   36
ch:  68  122  127  116  135  131  131  128  133  126  124  133  126  130  127  130  123  125  145  123  125  123  116  132  124  133  138  129  133  139  143  138   39
ch:  69  133  129  130  134  125  137  137  135  142  121  135  135  133  131  131  150  140  145  136  133  135  152  131  140  150  158  137  149  149  149  152   44
ch:  70  119  131  126  132  133  131  135  139  122  125  126  125  133  131  127  133  130  130  126  127  123  132  134  124  127  132  126  131  138  135  140   41
ch:  71  129  132  134  124  133  135  137  131  136  132  134  135  147  130  134  137  142  131  139  137  136  141  150  136  155  133  140  150  156  150  151   36
ch:  72  121  120  132  132  126  124  126  118  123  122  132  137  119  118  129  130  129  119  135  132  140  134  130  132  131  127  124  133  129  131  141   40
ch:  73  125  124  129  138  127  119  126  132  140  137  134  139  135  130  143  138  136  130  132  147  151  138  137  143  130  154  137  136  148  151  150   34
ch:  74  121  127  123  131  119  125  131  136  125  132  126  124  133  130  125  127  131  125  117  122  131  124  136  133  126  138  127  124  147  125  141   33
ch:  75  119  122  123  131  129  130  132  125  134  137  137  135  132  138  130  142  140  138  132  140  138  138  139  143  141  135  137  150  149  153  147   26
ch:  76  119  123  130  132  125  132  127  142  134  132  130  132  134  124  127  133  122  137  137  134  137  136  138  124  137  134  135  132  136  143  138   37
ch:  77  125  133  136  124  139  123  126  124  137  136  134  139  130  148  138  136  133  133  133  133  133  139  140  147  149  138  139  134  139  143  144   47
ch:  78  121  122  131  119  126  118  129  122  130  129  131  129  130  118  137  133  121  136  124  128  132  139  127  128  139  138  130  135  133  139  136   31
ch:  79  122  120  125  126  124  133  140  126  136  134  137  136  131  126  148  148  145  149  131  148  137  139  139  139  149  146  147  148  132  153  163   42
ch:  80  128  131  131  122  121  122  134  118  130  123  126  131  122   -1  133  123  135  134  126  133  135  131  131  120  134  131  133  147  135  138  139   37
ch:  81  130  118  148  133  117  126  137  124  132  141  138  133  133  134  146  137  137  134  132  131  131  137  150  140  147  150  136  136  148  147  153   33
ch:  82  131  130  131  127  139  127  111  136  131  131  118  133  130  121  135  134  131  125  131  128  129  133  133  132  137  134  126  135  137  152  137   33
ch:  83  126  139  133  132  138  124  124  136  130  130  138  123  132  136  140  129  147  137  132  148  135  137  138  136  137  141  143  141  142  138  143   42
ch:  84  135  127  125  131  122  130  121  132  137  130  134  122  135  129  122  132  130  137  127  129  131  132  138  139  123  131  134  132  138  141  138   42
ch:  85  123  131  125  138  136  129  123  131  130  130  140  132  135  138  131  131  131  137  139  127  138  149  141  135  150  149  136  138  150  135  161   37
ch:  86  131  126  125  132  124  131  133  122  126  126  124  124  127  127  129  130  135  134  125  132  126  132  138  125  129  135  137  130  132  133  131   42
ch:  87  126  119  120  134  132  132  137  132  137  139  136  127  125  139  136  134  129  141  133  141  147  152  133  134  139  141  141  151  147  143  149   36
ch:  88  134  120  125  124  118  123  134  137  123  134  126  138  131  132  140  133  125  136  124  136  126  135  127  127  133  124  134  131  142  133  131   34
ch:  89  122  136  124  122  131  126  125  125  137  139  132  132  140  125  132  147  147  131  134  135  138  141  132  141  138  132  133  140  161  149  150   36
ch:  90  134  121  133  125  116  124  129  123  132  122  126  125  134  122  130  124  132  136  136  133  133  125  131  120  127  127  125  139  135  132  135   34
ch:  91  133  127  126  140  132  134  127  123  130  133  138  130  136  136  147  136  132  132  130  135  142  140  137  148  147  148  139  143  149  147  150   34
ch:  92  134  121  127  126  119  139  122  135  128  125  134  125  141  133  134  134  134  130  129  133  125  126  132  131  131  135  132  134  139  139  126   43
ch:  93  123  123  125  124  124  136  125  126  131  130  121  125  134  143  133  135  137  126  132  142  154  121  135  147  140  138  131  150  139  138  137   32
ch:  94  122  122  119  130  137  125  135  137  122  131  129  117  118  119  136  125  129  125  125  121  126  140  132  139  135  130  138  125  136  132  130   36
ch:  95  132  124  122  132  135  134  129  131  127  132  147  142  141  133  150  140  155  150  148  136  146  142  148  147  143  137  147  156  154  148  142   40
ch:  96  131  126  132  120  121  122  129  131  132  132  129  124  135  132  132  130  131  125  135  125  134  136  129  131  139  138  126  131  141  137  142   33
ch:  97  133  134  123  121  131  131  126  130  126  126  136  126  138  141  151  133  132  131  148  137  139  138  134  137  148  140  137  143  152  153  154   32
ch:  98  131  119  122  132  135  123  132  124  125  119  122  133  133  130  130  127  138  123  122  131  129  124  126  128  129  139  126  138  118  129  141   36
ch:  99  131  132  134  126  126  137  134  134  128  127  133  135  127  133  126  139  137  152  147  141  136  133  138  135  143  147  140  141  155  152  137   24
ch: 100  127  116  129  124  113  134  126  132  135  136  122  127  126  128  137  137  131  133  124  124  133  130  122  137  134  119  132  137  131  134  137   26
ch: 101  132  122  132  130  136  133  136  126  130  133  136  130  141  126  129  136  125  135  129  148  137  145  128  150  131  150  137  144  147  149  150   32
ch: 102  123  120  126  129  119  115  130  130  126  129  128  129  125  126  131  130  131  131  132  134  125  134  131  127  140  131  136  139  132  132  137   26
ch: 103  124  130  126  125  134  138  134  130  130  134  130  133  132  127  138  133  128  139  130  139  150  137  138  142  134  141  140  135  140  142  141   21
ch: 104  131  122  141  123  111  115  129  131  134  126  129  130  122  122  135  131  124  135  133  127  133  129  129  130  136  136  120  124  121  138  137   21
ch: 105  130  134  135  136  118  136  133  132  132  136  134  139  135  132  135  137  131  135  140  131  148  138  126  138  135  153  139  155  142  136  154   21
ch: 106  125  125  128  123  123  131  125  126  116  119  133  115  125  134  125  126  137  136  130  119  127  122  133  124  117  129  133  129  138  125  139   25
ch: 107  126  130  133  119  127  121  127  135  123  134  134  135  134  136  134  139  126  137  134  126  141  136  132  136  142  140  137  150  138  155  151   20
ch: 108  129  126  121  125  119  123  130  126  124  129  135  122  125  126  123  126  124  122  129  130  130  127  124  128  123  131  137  127  130  121  134   16
ch: 109  120  119  122  132  141  127  126  129  120  135  139  137  134  134  135  140  137  131  142  137  135  139  139  137  136  148  134  133   -1  149  150   17
ch: 110  121  115  123  125  132  126  135  129  129  123  134  124  121  119  122  132  123  123  129  137  135  130  134  122  129  124  138  126  132  122  135   14
ch: 111  120  131  130  134  129  124  130  132  136  126  133  117  132  140  132  136  142  125  137  133  139  149  142  135  136  142  138  136  164  138  147   18
ch: 112  126  113  127  135  126  121  124  121  126  134  128  138  133  124  119  123  123  129  117  129  128  122  117  129  131  125  126  132  129  123  150   12
ch: 113  124  130  130  135  131  129  126  131  132  139  132  144  132  135  135  137  133  130  133  138  133  137  139  143  140  139  141  150  152  150  142   20
ch: 114  125  129  130  133  132  132  133  124  126  133  127  134  129  127  122  120  130  130  133  125  125  140  131  131  136  126  125  133  139  147  137    6
ch: 115  123  130  125  137  133  140  143  126  127  137  125  125  132  140  137  136  135  139  146  138  133  134  135  135  132  141  141  149  148  143  148   19
ch: 116  129  123  127  128  130  122  134  125  130  125  132  124  138  126  124  137  136  127  125  127  136  135  134  118  135  133  136  135  141  124  132    5
ch: 117  120  127  134  135  123  134  131  129  121  138  131  136  140  123  135  125  140  137  134  146  143  140  137  140  131  136  133  135  146  149  139   17
ch: 118  122  124  116  129  124  120  133  123  116  134  123  134  125  123  125  125  130  124  127  121  121  127  123  122  118  127  136  126  119  126  132    7
ch: 119  124  120  121  129  123  126  123  130  130  134  132  134  131  130  136  136  130  138  145  137  139  142  143  137  131  146  143  137  134  149  139   15
ch: 120  122  130  124  131  128  131  126  129  123  125  136  133  128  133  128  121  131  131  123  122  127  135  135  125  129  133  138  124  133  140  136   14
ch: 121  121  125  123  133  131  139  136  127  127  133  129  124  147  134  138  138  139  134  142  132  136  136  147  138  139  137  135  136  138  147  141   16
ch: 122  114  123  133  131  124  122  126  132  130  122  129  125  121  133  122  126  126  127  131  127  124  124  126  123  134  127  136  136  123  133  132    3
ch: 123  122  118  130  131  131  138  133  126  132  135  135  132  129  126  136  133  130  125  129  140  132  138  141  141  141  136  133  148  155  150  154    9
ch: 124  123  117  134  122  123  124  136  137  136  118  125  132  125  134  132  137  141  127  111  125  134  123  132  135  125  131  135  135  145  133  145   -1
ch: 125  125  134  119  130  126  136  138  120  127  137  129  130  131  133  137  132  136  135  130  134  150  149  130  139  143  149  140  147  137  149  153   12
ch: 126  116  134  131  118  118  138  124  129  131  121  121  132  130  115  124  125  129  136  125  130  127  140  133  132  140  129  130  134  141  133  136    5
ch: 127  131  140  123  139  125  132  126  130  139  135  131  131  139  134  135  140  148  131  137  134  139  139  136  141  138  149  140  142  152  152  148    1
