ch    0:      0     0     0     0     0     0     0     0     0     0     0     0     0     0     0     0     0     0     0     2    16    73   431  2338  9178  6482  7250 13024  7753  9519 11909  5387
ch    1:      0     0     0     0     0     0     0     0     0     0     0     0     0     0     0     0     0     0     0     5    54   370  1837  6164 10154  5022  9767 11833 13148 14776  4279 10498
ch    2:      0     0     0     0     0     0     0     0     0     0     0     0     0     0     0     0     0     0     0     7    46   261  1355  6842  5525  6839 12701  7279 10464  9041  8509 12429
ch    3:      0     0     0     0     0     0     0     0     0     0     0     0     0     0     0     0     0     0     2    22    79   588  2056  9596 11444 15579  5813  9271 13046 10645  8252 15334
ch    4:      0     0     0     0     0     0     0     0     0     0     0     0     0     0     0     0     0     0     1    13    65   396  1292  9255 12161  5968  7489 12122 13561 11907 13822 10748
ch    5:      0     0     0     0     0     0     0     0     0     0     0     0     0     0     0     0     0     1     3    20   135   661  3122 13471 11412  6826  9996  8734 10205  9382  9560  4500
ch    6:      0     0     0     0     0     0     0     0     0     0     0     0     0     0     0     0     0     0     0     8    46   222  2006  9351 13448  6598 13231  8336  8648 10339 11269  8466
ch    7:      0     0     0     0     0     0     0     0     0     0     0     0     0     0     0     0     0     0     2    24   132   871  4376 14263 11957 12571  9799  7349 10467 10351  6107  6272
ch    8:      0     0     0     0     0     0     0     0     0     0     0     0     0     0     0     0     0     0     1     5    74   323  1774 10045  9929 11017  8903 13343 11348  9510  7928  8530
ch    9:      0     0     0     0     0     0     0     0     0     0     0     0     0     0     0     0     0     2     4    20   190   658  3873 11151  3273 11746  9269  8911  8118 14735 11641  7613
ch   10:      0     0     0     0     0     0     0     0     0     0     0     0     0     0     0     0     0     0     1     7    63   532  3370 15866 12629 10791  9335 13567  8561 12201 14026 10808
ch   11:      0     0     0     0     0     0     0     0     0     0     0     0     0     0     0     0     0     0     3    22   211   822  6314  3437 14002 14044  8754  8904 14017  7994 12291 15165
ch   12:      0     0     0     0     0     0     0     0     0     0     0     0     0     0     0     0     0     1     4    14   143   914  4776 14579  9177  9706 12736 11066  7688  6522  4436  9407
ch   13:      0     0     0     0     0     0     0     0     0     0     0     0     0     0     0     0     0     0     4    29   322  1697  8159  7854  9649 12101 14153  9235 12605 10178 15564  8589
ch   14:      0     0     0     0     0     0     0     0     0     0     0     0     0     0     0     0     0     0     1    20   115   654  3664 17777 11493 13677 11482  6588 15252 10943 10450  9915
ch   15:      0     0     0     0     0     0     0     0     0     0     0     0     0     0     0     0     0     0     6    37   338  1885  8576 11185 12495 13345  7694 15189  9632 10971 12703 10438
ch   16:      0     0     0     0     0     0     0     0     0     0     0     0     0     0     0     0     0     0     5    10   158   863  5141  3919 11308  6702  8432  6983  9288  9347 14699  9712
ch   17:      0     0     0     0     0     0     0     0     0     0     0     0     0     0     0     0     0     0     4    33   327  1875  7950  7632 15030 15870  8175  8023  7552 13047 14506 13799
ch   18:      0     0     0     0     0     0     0     0     0     0     0     0     0     0     0     0     0     0     3    25   225  1165  6742  4193  9924  6991  8107 12089 16019  8764 13004  8374
ch   19:      0     0     0     0     0     0     0     0     0     0     0     0     0     0     0     0     0     1     7    42   323  1457  9713 12677  9641  7086  9772  9227  9700 15180  7414  6872
ch   20:      0     0     0     0     0     0     0     0     0     0     0     0     0     0     0     0     0     0     5    28   232  1330  5808 11371 11214 11251 12174 11628 10229 11036  8936 11008
ch   21:      0     0     0     0     0     0     0     0     0     0     0     0     0     0     0     0     0     0     4    50   712  2540 12839 14806  8811 10582  5320  6403 12974 11829  7407 12511
ch   22:      0     0     0     0     0     0     0     0     0     0     0     0     0     0     0     0     0     0     2    28   194  1216  6063 12362 12495  7908  7711  9601  4231  8376 11163  8689
ch   23:      0     0     0     0     0     0     0     0     0     0     0     0     0     0     0     0     0     1     6    79   345  3203 16105  4630  8547 11463 11604 10987  4692  8049  9482  9688
ch   24:      0     0     0     0     0     0     0     0     0     0     0     0     0     0     0     0     0     1     5    35   171   979  7477  9812  9696 13450  8966 15524  9198 12853  8392 14566
ch   25:      0     0     0     0     0     0     0     0     0     0     0     0     0     0     0     0     0     1     7    59   583  2933 14061 16134 10432  8156 13273 10264  7364  9389  9004  8097
ch   26:      0     0     0     0     0     0     0     0     0     0     0     0     0     0     0     0     0     1     5    41   314  1732  7732 18333  6875 14206  4649  7562  7926 11561  9230 14775
ch   27:      0     0     0     0     0     0     0     0     0     0     0     0     0     0     0     0     0     1     9   112   489  4153 18073 14781 12058  7005  9874  8960  8672  5940 11585  9881
ch   28:      0     0     0     0     0     0     0     0     0     0     0     0     0     0     0     0     0     0     3    33   314  1174  9991  5109  8070  9634  8233  7156  8307 11422  8850  6775
ch   29:      0     0     0     0     0     0     0     0     0     0     0     0     0     0     0     0     0     2    21   117   815  4081  2873  9331  8121  7658  7107  9409 13458  8589 10964  7779
ch   30:      0     0     0     0     0     0     0     0     0     0     0     0     0     0     0     0     0     0     4    33   289  1949 11038  7186 11379 10649 10036  9662  5714 14614  8241 13418
ch   31:      0     0     0     0     0     0     0     0     0     0     0     0     0     0     0     0     0     1    21   158   890  4520  5186 11920  8722  9056 12004  9050 13406  7958  5594 11443
ch   32:      0     0     0     0     0     0     0     0     0     0     0     0     0     0     0     0     0     0     4    33   451  1575 10229 13490  9188 12677  9955 13698 13915 13575  8228 14226
ch   33:      0     0     0     0     0     0     0     0     0     0     0     0     0     0     0     0     1     2    24   178   765  3606  5266 12174  9186 11591 13336 13247  8833  9990  8802 12942
ch   34:      0     0     0     0     0     0     0     0     0     0     0     0     0     0     0     0     0     1     7    54   308  2015 16224 10582  8174 12420  8011  6535  9185  9785  9789 12025
ch   35:      0     0     0     0     0     0     0     0     0     0     0     0     0     0     0     0     1     2     3    64   786  3845  9685 11435 12451  5287 13734  9587 14624  9987 14568 12036
ch   36:      0     0     0     0     0     0     0     0     0     0     0     0     0     0     0     0     0     1     4    58   415  2998  9514  5949 10565  8999 12671 12389  7905 11239 12900 10435
ch   37:      0     0     0     0     0     0     0     0     0     0     0     0     0     0     0     0     1     4    33   159  1040  6083  6819  7378  8313 11835 12665  9901  9860  7269  9012 12607
ch   38:      0     0     0     0     0     0     0     0     0     0     0     0     0     0     0     0     0     0     7    62   590  2508 12362 12461  9971 12719  6625 11240  8410  8105  6556  8742
ch   39:      0     0     0     0     0     0     0     0     0     0     0     0     0     0     0     0     0     0    17   163   894  5315  3113  9072 10634 13893  9108  9788 15414  4717  9629 11912
ch   40:      0     0     0     0     0     0     0     0     0     0     0     0     0     0     0     0     0     3    12    68   474  3029 15559 11327  8921 10783  8697 11025  8125  9801 12180  9441
ch   41:      0     0     0     0     0     0     0     0     0     0     0     0     0     0     0     0     0     0    25   218  1024  5138  5742 13573 11519  9134  7889 12176 11052 11199 15370  4807
ch   42:      0     0     0     0     0     0     0     0     0     0     0     0     0     0     0     0     0     2     9    86 11465  2535 17347 12164 10684  8966  8082 13179  9586 10915  9792  7859
ch   43:      0     0     0     0     0     0     0     0     0     0     0     0     0     0     0     0     0     5    30   131  1224  5832  6808 12066 14049  8820  3677  9670 12248  9751  7153 10668
ch   44:      0     0     0     0     0     0     0     0     0     0     0     0     0     0     0     0     1     3     8    72   553  1929  2048 10019 11917  9085 10688  6173  9829  8476  3191 14739
ch   45:      0     0     0     0     0     0     0     0     0     0     0     0     0     0     0     0     0     3    18   161  1061  6932  7457 10106 14141 10057  8969 13112  9813  6736 13100  9367
ch   46:      0     0     0     0     0     0     0     0     0     0     0     0     0     0     0     0     0     0     9   116   720  2962 12247 14086 10582  8821 12635  9683 12665  9669 14344  9785
ch   47:      0     0     0     0     0     0     0     0     0     0     0     0     0     0     0     0     0     2    35   243  1613  7353  9896 11283 13296  6059  8556 10913 12435 10308  7151  9873
ch   48:      0     0     0     0     0     0     0     0     0     0     0     0     0     0     0     0     0     2    10    83   512  2198 16018 14157 13415 11580  8988 12240  5612 12483 12980  4305
ch   49:      0     0     0     0     0     0     0     0     0     0     0     0     0     0     0     0     0     3    23   204  1653  7935  9022  8977 13889 11259 10167 11760 13936 10741 14549 13141
ch   50:      0     0     0     0     0     0     0     0     0     0     0     0     0     0     0     0     0     0     7   101   900  3579  1960  9289 10068  9600 11450  4813  9261  9485 11106  8472
ch   51:      0     0     0     0     0     0     0     0     0     0     0     0     0     0     0     0     1     4    23   168  1697  8827 17009 12983  9403  9966 15729  6203  8363 13913 11761  8319
ch   52:      0     0     0     0     0     0     0     0     0     0     0     0     0     0     0     0     0     2    10   106   539  5216  1908  6628 11602 11835 13143  8441  8041 13538 12413 10505
ch   53:      0     0     0     0     0     0     0     0     0     0     0     0     0     0     0     0     0     2    22   117  1228  5867  4666 10203  9346  9791 11379 13342  6920 10513  9439  7165
ch   54:      0     0     0     0     0     0     0     0     0     0     0     0     0     0     0     0     0     0     8    94   569  4904 12156  9854  7307  7344  9700  6230 13209  3683  8991 13881
ch   55:      0     0     0     0     0     0     0     0     0     0     0     0     0     0     0     0     0     5    28   209  1954  7293  6837 11381 16331  5681 15525  9281 13740  9677 14882  8453
ch   56:      0     0     0     0     0     0     0     0     0     0     0     0     0     0     0     0     0     2    16   199   936  5701  7771 12850 11732  9654  6558  8089 11741 10480 11481 11341
ch   57:      0     0     0     0     0     0     0     0     0     0     0     0     0     0     0     0     0     2    58   326  1895 10655 15211 12992  8118 10197 13230 12039 15999  8272 11800  9688
ch   58:      0     0     0     0     0     0     0     0     0     0     0     0     0     0     0     0     2     2    23   131   928  6523  7696 10958 10348  8741  9367 12747 11315  5273 12846  5994
ch   59:      0     0     0     0     0     0     0     0     0     0     0     0     0     0     0     0     1     6    29   298  1320  7647 10981 11679  8054 13898  7389  9004 15572  6523 13249 13279
ch   60:      0     0     0     0     0     0     0     0     0     0     0     0     0     0     0     0     0     2    15   126   987  4776 10816  7876 14322 10915  7954 12134  7467 12079 13585  9967
ch   61:      0     0     0     0     0     0     0     0     0     0     0     0     0     0     0     0     0     9    43   213  2223  8673 11875 12043 12123 11478 11599  8867  6916  9434 13611  4704
ch   62:      0     0     0     0     0     0     0     0     0     0     0     0     0     0     0     0     1     3    33   263  1640  8166  1890  9522  9650  8723 10975 11288 15720  6356 12448  7633
ch   63:      0     0     0     0     0     0     0     0     0     0     0     0     0     0     0     0     0     7    67   337  2379 15405 12693  7271  9640 10712  8270 11899  9609  9477 16218 12733
ch   64:      0     0     0     0     0     0     0     0     0     0     0     0     0     0     0     0     1     3    25   175  1117  5301 11967  3422 10225  3731 11017  9694  9272 11724  9731 10744
ch   65:      0     0     0     0     0     0     0     0     0     0     0     0     0     0     0     0     1     6    29   228  1846  7573 17715 10246 11448  7097  9751 10264 12611 14243 10832  9435
ch   66:      0     0     0     0     0     0     0     0     0     0     0     0     0     0     0     0     0     5    19   181  1338  8185 10417 14622 12053  9394 10999  8413 10527 10145 15679 12799
ch   67:      0     0     0     0     0     0     0     0     0     0     0     0     0     0     0     0     1     6    56   333  3082 14411  8487 13192 12363 10372 12325 11035  6702 10135  9025 11636
ch   68:      0     0     0     0     0     0     0     0     0     0     0     0     0     0     0     0     1     2    23   130   886  5472  8162  8941  9741 11842 14010 13223  9854  3618 12552  6689
ch   69:      0     0     0     0     0     0     0     0     0     0     0     0     0     0     0     0     0     1    49   410  2724 12591 12646 12046 12883 13132  5897 11100  8675 13638  9890  9940
ch   70:      0     0     0     0     0     0     0     0     0     0     0     0     0     0     0     1     1     3    25   199  1354  8210 12719  6448 11581  5705 11528  7467  9429 10811 10676  7954
ch   71:      0     0     0     0     0     0     0     0     0     0     0     0     0     0     0     0     4    17    94   528  2632 16119  9937 11025  8119  9015 11865  9956 12834  8663  9180 12221
ch   72:      0     0     0     0     0     0     0     0     0     0     0     0     0     0     0     0     0     2    27   179  1560  7495 11234 10550  7552 11158  9444 11102 11490 10808  9670  8193
ch   73:      0     0     0     0     0     0     0     0     0     0     0     0     0     0     0     0     0     4    34   302  2041 12992 16144  9270 10891  6148  6292  3240  7296  8451  9797  8083
ch   74:      0     0     0     0     0     0     0     0     0     0     0     0     0     0     0     0     0     1    21   279  1261  6470 13161 14290 10722  6414  9405  7705  8421  7858  8800 14409
ch   75:      0     0     0     0     0     0     0     0     0     0     0     0     0     0     0     0     0     3    54   292  2069 12726 11997 13557 10628  9120 15902 11045  8643  8930 11061  9912
ch   76:      0     0     0     0     0     0     0     0     0     0     0     0     0     0     0     0     0     2    57   305  1862  6986 12892 13327  8398 12491  8579 11081  6278 10710  7906 10104
ch   77:      0     0     0     0     0     0     0     0     0     0     0     0     0     0     0     0     0     3    45   374  2629 14559 11485  8799 11822 10397 10765  9594  5149  8884  8872  9375
ch   78:      0     0     0     0     0     0     0     0     0     0     0     0     0     0     0     0     0     3    19   175  1339  9319 14692 15932 12763  9652  9577 13245  5930  6777  7359  7285
ch   79:      0     0     0     0     0     0     0     0     0     0     0     0     0     0     0     0     1     8    47   327  2876 14484 11069 11078  6793  9981  8393 11593 12880 12259 10051 14914
ch   80:      0     0     0     0     0     0     0     0     0     0     0     0     0     0     0     0     0     2    24   189  1324  7170  2201  7503 14958  9275 12195  9664  4319 13201  7543  9414
ch   81:      0     0     0     0     0     0     0     0     0     0     0     0     0     0     0     0     0     7    49   380  2026 11938 14033 13487 11922  8603  6669 11229  7702 11822  5692  7404
ch   82:      0     0     0     0     0     0     0     0     0     0     0     0     0     0     0     0     0     4    30   285  2027  7542  8385  9354 11990  5843  9771 10650 10228  9467 12775  8133
ch   83:      0     0     0     0     0     0     0     0     0     0     0     0     0     0     0     1     1    13   128   484  3255   997  5655 10994  7687  7528  7110 10083 11886 11417  7186  8546
ch   84:      0     0     0     0     0     0     0     0     0     0     0     0     0     0     0     0     0     3    23   155  1030  7686 17000  8351 12888  8628 10777 10730 12594 10183  9704  3983
ch   85:      0     0     0     0     0     0     0     0     0     0     0     0     0     0     0     0     0     4    33   381  1593  9431  3033 14865  9001 12467  9475 14284  4913  8965  6501  7769
ch   86:      0     0     0     0     0     0     0     0     0     0     0     0     0     0     0     0     1     4    24   277  1634  8670 16672 10516  6575  9156 16414 11384  9283 11644 10478 10692
ch   87:      0     0     0     0     0     0     0     0     0     0     0     0     0     0     0     0     1     4    76   514  2417 18801  6466  9954  6936 13155 11038  5940 15424 12683  9591  4897
ch   88:      0     0     0     0     0     0     0     0     0     0     0     0     0     0     0     0     1     3    43   365  1459  8784  8596 11758 11967  6208 10948  7922  8122  8045  5800  8481
ch   89:      0     0     0     0     0     0     0     0     0     0     0     0     0     0     0     1     1     6    82   454  3045 18167 10047 10263  7519 12364  8664 10202  9897 11873 11117 12011
ch   90:      0     0     0     0     0     0     0     0     0     0     0     0     0     0     0     0     0     6    38   236  1994 11686 17608  5735 14844  7223 11236  7877 13374 10732  7782 11551
ch   91:      0     0     0     0     0     0     0     0     0     0     0     0     0     0     0     0     2    12    87   429  3139 15138  2606  6735  9768  9450  8782 10823 10934  9200 10920 11032
ch   92:      0     0     0     0     0     0     0     0     0     0     0     0     0     0     0     0     0     3    36   214  1923 10090  3896 12507 13208  9341  6128 10470  8548  8509 10565  9823
ch   93:      0     0     0     0     0     0     0     0     0     0     0     0     0     0     0     0     0     2    36   368  2528 10158 10133  7113  9772  9620  9502 11264 17032 12829  9296 11531
ch   94:      0     0     0     0     0     0     0     0     0     0     0     0     0     0     0     0     0     2    27   178  1538  5767  4601  8593  5438  9595  8848  8590  7909  5892  9206 10370
ch   95:      0     0     0     0     0     0     0     0     0     0     0     0     0     0     0     0     0     8    67   489  3127 16189  9638  3436 14161  7906  9291  9402  5978 15340 11025  6323
ch   96:      0     0     0     0     0     0     0     0     0     0     0     0     0     0     0     0     0     3    25   171  1654  7934  7661  7960 15433  8609 11574  9075 11844  8153 14512  8693
ch   97:      0     0     0     0     0     0     0     0     0     0     0     0     0     0     0     0     0     1    44   348  2796 12782  8138  9463 12187 10231  8100  9724 10983  4893  6091  8953
ch   98:      0     0     0     0     0     0     0     0     0     0     0     0     0     0     0     0     0     3    33   260  1822  8335  8664  7725 10370 12411  8492  8081  7195  7494  9695 10771
ch   99:      0     0     0     0     0     0     0     0     0     0     0     0     0     0     0     0     1    18   139   612  2921  3393 13441  8231  7519  5630  9139 13359 12726  7724  8464  7633
ch  100:      0     0     0     0     0     0     0     0     0     0     0     0     0     0     0     0     0     3    34   292  2108  8836 15783 14977 11089 10763 13628 16641  2980 11935  9915 13528
ch  101:      0     0     0     0     0     0     0     0     0     0     0     0     0     0     0     0     0    11    49   341  2614 12171 13726  8908 13433 13053  2757 11427 11130 10355  5912 11034
ch  102:      0     0     0     0     0     0     0     0     0     0     0     0     0     0     0     0     0     1    18   128  1111  7220  7156  8033  6018  7955  3355  6917  8922 13479 13522  9276
ch  103:      0     0     0     0     0     0     0     0     0     0     0     0     0     0     0     0     0    10    71   452  3217 14156 14453  4573 11305  7512  6697 11045  6078  3278 12372 11967
ch  104:      0     0     0     0     0     0     0     0     0     0     0     0     0     0     0     0     0     3    35   193  1364  6903 10387  8145 12432 12387 11184 15537  7700 15290  9285 11844
ch  105:      0     0     0     0     0     0     0     0     0     0     0     0     0     0     0     0     0     5    58   455  2260 15570  8142 11831 10145 11766 14391  7901 11940 12208  8108 14106
ch  106:      0     0     0     0     0     0     0     0     0     0     0     0     0     0     0     0     0     4    29   199  1195  9606 11713 11967  9823 11662  8626 12763  8063 12184 12082  9873
ch  107:      0     0     0     0     0     0     0     0     0     0     0     0     0     0     0     0     1    10    78   460  3105 15214  7388  7898 10972 14686  9546  8382 12909  9236 11812 16474
ch  108:      0     0     0     0     0     0     0     0     0     0     0     0     0     0     0     0     1     6    35   198  1531  8006 11614 10624  6957 10052  9410  6459  9459  7865 12095  8291
ch  109:      0     0     0     0     0     0     0     0     0     0     0     0     0     0     0     0     0     2    33   351  2174 14496 10716  8275 15510 12425 11573  7987 15622  8957  9024 13151
ch  110:      0     0     0     0     0     0     0     0     0     0     0     0     0     0     0     0     2     6    26   312  1702  7063 15103  7396 10996 14471  9547 11335 11757 10296 10657  9995
ch  111:      0     0     0     0     0     0     0     0     0     0     0     0     0     0     0     1     1    12    52   751  2863 17495  6758  7017 10926 14354 11485 10476 13520  9847 10029 12322
ch  112:      0     0     0     0     0     0     0     0     0     0     0     0     0     0     0     0     0     0    23   179  1352 10675 13543  7463 10320  6399  8703  7141 10267  8786 10176 12138
ch  113:      0     0     0     0     0     0     0     0     0     0     0     0     0     0     0     0     1     6    39   256  2681 13313 13333  6364  7672 13680 10861  9552 11906 10515 11820 10734
ch  114:      0     0     0     0     0     0     0     0     0     0     0     0     0     0     0     0     0     3    14   190  1181  7523  5395 15822  9693 13206 10543 13019  9685  8360 14113  8331
ch  115:      0     0     0     0     0     0     0     0     0     0     0     0     0     0     0     0     0    13    63   463  3454 18748 13037 10358 11261  9104 13279 13155  8143 12141 11361  9133
ch  116:      0     0     0     0     0     0     0     0     0     0     0     0     0     0     0     0     0     2    25   219  1081  7787  8249 12946 11253 12938 11496 10596  8718  5565  8971 10140
ch  117:      0     0     0     0     0     0     0     0     0     0     0     0     0     0     0     0     1     4    44   413  2696 15622 13199 15481 10379 10881 10994  7297 10731  6300 13305 10291
ch  118:      0     0     0     0     0     0     0     0     0     0     0     0     0     0     0     0     0     5    25   237  1428  9054 12607  9086  8126 11677  7805 12111  8417 11990  7395 11505
ch  119:      0     0     0     0     0     0     0     0     0     0     0     0     0     0     0     0     2    10    36   422  2240 17971 11568  6506 11243 10857 14819  8458  6480 12441 10196 11859
ch  120:      0     0     0     0     0     0     0     0     0     0     0     0     0     0     0     0     0     1    20   182  1259  9875  8959  6478 12802 15675 11979  6252 11711  8369 12684 11511
ch  121:      0     0     0     0     0     0     0     0     0     0     0     0     0     0     0     0     1     3    52   538  2933 13473 11221 14898 10028 10835 13635 11994 15341  9251 10079  6783
ch  122:      0     0     0     0     0     0     0     0     0     0     0     0     0     0     0     0     0     1    37   176  1418  8482  2506 11008 16528 12857 10061  5980 11136 11204  8495  6093
ch  123:      0     0     0     0     0     0     0     0     0     0     0     0     0     0     0     0     0     1    38   477  3674 12614 11642 10020 11438 12738  9260 10301 11299  9087  8231 12610
ch  124:      0     0     0     0     0     0     0     0     0     0     0     0     0     0     0     0     0     4    28   178  1412  7575 15740 10157 13093  8415  8069 14199 11445  5618 14441  8611
ch  125:      0     0     0     0     0     0     0     0     0     0     0     0     0     0     0     0     0     0    11   155  1094 10470  9243  8869 18141  6346 14089  5037 10978 10760 10712 11507
ch  126:      0     0     0     0     0     0     0     0     0     0     0     0     0     0     0     0     0     3     8   118   591  4738 10694 10002  7602  5435  5441  8040 10741  6605  9720 10072
ch  127:      0     0     0     0     0     0     0     0     0     0     0     0     0     0     0     0     0     0    26   288  1797 13404  4088  6907 14612  8396 12323 10351  9085  9672 11284 13752
