ch    0:      0     0     0     0     0     0     0     0     0     0     0     0     0     0     0     0     0     0     0     0     0     0     2    12   270  2699  4819 12373  7398  6758 12009  5300
ch    1:      0     0     0     0     0     0     0     0     0     0     0     0     0     0     0     0     0     0     0     0     0     0     2    11   133  1806 14851  9995 10213  9292 10875  7403
ch    2:      0     0     0     0     0     0     0     0     0     0     0     0     0     0     0     0     0     0     0     0     0     0     4    16   296  3803  8630  8776 10895  8149  7988  7241
ch    3:      0     0     0     0     0     0     0     0     0     0     0     0     0     0     0     0     0     0     0     0     0     0     0     4   148  2930 12039 11380 10292 13225  8342 14832
ch    4:      0     0     0     0     0     0     0     0     0     0     0     0     0     0     0     0     0     0     0     0     0     0     1    19   213  2654  9556  3880  4727  8636 12881  7606
ch    5:      0     0     0     0     0     0     0     0     0     0     0     0     0     0     0     0     0     0     0     0     0     0     0    11   137  3837  4118 13724  8142  9215  6583  9299
ch    6:      0     0     0     0     0     0     0     0     0     0     0     0     0     0     0     0     0     0     0     0     0     0     0    12   191  4719  8781 11083 13428 11853  9466 13525
ch    7:      0     0     0     0     0     0     0     0     0     0     0     0     0     0     0     0     0     0     0     0     0     0     0     9   257  4818 13735 11204 13961 13099  7748 13006
ch    8:      0     0     0     0     0     0     0     0     0     0     0     0     0     0     0     0     0     0     0     0     0     0     1    14   301  6158 12328  9969 12510 13938 13028  5683
ch    9:      0     0     0     0     0     0     0     0     0     0     0     0     0     0     0     0     0     0     0     0     0     0     0    21   504  4685  4969 12456  6588  3471 11780 11100
ch   10:      0     0     0     0     0     0     0     0     0     0     0     0     0     0     0     0     0     0     0     0     0     0     2    19   378  6457 15031 10356 13098 11280  4821  9097
ch   11:      0     0     0     0     0     0     0     0     0     0     0     0     0     0     0     0     0     0     0     0     0     0     1    28   843 10518 11375 14022 12565  7510 12223  8114
ch   12:      0     0     0     0     0     0     0     0     0     0     0     0     0     0     0     0     0     0     0     0     0     0     1    22   666 11217  6293 10168 11641 11834 12730 15305
ch   13:      0     0     0     0     0     0     0     0     0     0     0     0     0     0     0     0     0     0     0     0     0     0     2    55   593  6853 11283  7660  8829  7975 10849  6496
ch   14:      0     0     0     0     0     0     0     0     0     0     0     0     0     0     0     0     0     0     0     0     0     0     3    44   750 11646 14193 11421 10272 13834 10816  9044
ch   15:      0     0     0     0     0     0     0     0     0     0     0     0     0     0     0     0     0     0     0     0     0     0     0    49   846  8872 11068 10039  9013 12202  9105 12593
ch   16:      0     0     0     0     0     0     0     0     0     0     0     0     0     0     0     0     0     0     0     0     0     1     5    50   638  9903  8149 11129  8230 10961 12467  7469
ch   17:      0     0     0     0     0     0     0     0     0     0     0     0     0     0     0     0     0     0     0     0     0     0     2    62   996 10726  9538  7508 10270  9476  6361 11379
ch   18:      0     0     0     0     0     0     0     0     0     0     0     0     0     0     0     0     0     0     0     0     0     0     3    51  1287  9686  7872 11551 13118  8846  8613  6808
ch   19:      0     0     0     0     0     0     0     0     0     0     0     0     0     0     0     0     0     0     0     0     0     1     4    62  1003 17768  5958 11174  8848 11603 13513 15837
ch   20:      0     0     0     0     0     0     0     0     0     0     0     0     0     0     0     0     0     0     0     0     0     0     2    69  1351 16433  4080  9718 12882 12908 11745  6890
ch   21:      0     0     0     0     0     0     0     0     0     0     0     0     0     0     0     0     0     0     0     0     0     0     2    51  1020 13484 14623  7182 13528 10325  9861 14623
ch   22:      0     0     0     0     0     0     0     0     0     0     0     0     0     0     0     0     0     0     0     0     0     0     4    71  2027 17874 12217 11719  7398 13574  9233 18130
ch   23:      0     0     0     0     0     0     0     0     0     0     0     0     0     0     0     0     0     0     0     0     0     0     5    92  1587  5846  7838  6749 13386  7675  5703 11932
ch   24:      0     0     0     0     0     0     0     0     0     0     0     0     0     0     0     0     0     0     0     0     0     0     4   108  1263 15824 15114 10179  8335  7099 10035 16674
ch   25:      0     0     0     0     0     0     0     0     0     0     0     0     0     0     0     0     0     0     0     0     0     0     2    92  1675 18141  7880 13847 12572  9724 10965  5952
ch   26:      0     0     0     0     0     0     0     0     0     0     0     0     0     0     0     0     0     0     0     0     0     0     2    62  1349 15256 11438 11164 11763 10039 11964  6162
ch   27:      0     0     0     0     0     0     0     0     0     0     0     0     0     0     0     0     0     0     0     0     0     0     6   108  1925  6245  9462 10131 16040 11529  9669  7630
ch   28:      0     0     0     0     0     0     0     0     0     0     0     0     0     0     0     0     0     0     0     0     0     1     4   141  1396  4817  8204 12552  7174  4960 11818  6939
ch   29:      0     0     0     0     0     0     0     0     0     0     0     0     0     0     0     0     0     0     0     0     0     0     4    76  2188  5317  6009  9352  9359  9197  8707 12171
ch   30:      0     0     0     0     0     0     0     0     0     0     0     0     0     0     0     0     0     0     0     0     0     0     4    84  2205  2873  9338 14813  8509 10621 13953  5240
ch   31:      0     0     0     0     0     0     0     0     0     0     0     0     0     0     0     0     0     0     0     0     0     0     6   205  3534  9035 13302  8518  8362 12589 16545 14177
ch   32:      0     0     0     0     0     0     0     0     0     0     0     0     0     0     0     0     0     0     0     0     0     0     6   101  2476  1851  9716 16404 12467 11004 11850  3069
ch   33:      0     0     0     0     0     0     0     0     0     0     0     0     0     0     0     0     0     0     0     0     0     0     5   236  1666 11008 13660 15763 11469 11627 13039 10971
ch   34:      0     0     0     0     0     0     0     0     0     0     0     0     0     0     0     0     0     0     0     0     0     0     7   132  2831  8747  9693 11577  6506  7319 13486  1047
ch   35:      0     0     0     0     0     0     0     0     0     0     0     0     0     0     0     0     0     0     0     0     0     0     1   162  3074  6257  5510  9323  9009 11543 13475  2248
ch   36:      0     0     0     0     0     0     0     0     0     0     0     0     0     0     0     0     0     0     0     0     0     0     8   174  3092 16390  5559 12596  6735 11439 11616  2586
ch   37:      0     0     0     0     0     0     0     0     0     0     0     0     0     0     0     0     0     0     0     0     0     0     8   219  2473 14202 10367 11603  8118 11536 11006  8526
ch   38:      0     0     0     0     0     0     0     0     0     0     0     0     0     0     0     0     0     0     0     0     0     0     7    68  1774 15907  7511  9083  8417 11390  7208 17649
ch   39:      0     0     0     0     0     0     0     0     0     0     0     0     0     0     0     0     0     0     0     0     0     0     6   149  2783 14076 14411  7593  9079  8593 11823  8498
ch   40:      0     0     0     0     0     0     0     0     0     0     0     0     0     0     0     0     0     0     0     0     0     0     6   153  2791  6076 11490  6157 11152  5225 13555  3022
ch   41:      0     0     0     0     0     0     0     0     0     0     0     0     0     0     0     0     0     0     0     0     0     0     6   224  4503 16250  9525  8624  8563  6626 10100  5618
ch   42:      0     0     0     0     0     0     0     0     0     0     0     0     0     0     0     0     0     0     0     0     0     0     5   107  3804  9421 14162  9526 14538 10877  5230 12793
ch   43:      0     0     0     0     0     0     0     0     0     0     0     0     0     0     0     0     0     0     0     0     0     1    10   217  3708 14324  9726 10582  8334  8236  6586  8928
ch   44:      0     0     0     0     0     0     0     0     0     0     0     0     0     0     0     0     0     0     0     0     0     0     5   176  2968  8525 10945 10223  8402 10118 11567  8491
ch   45:      0     0     0     0     0     0     0     0     0     0     0     0     0     0     0     0     0     0     0     0     0     0     4   334  5630  8313 10834 14473 10877 11938  7051  9777
ch   46:      0     0     0     0     0     0     0     0     0     0     0     0     0     0     0     0     0     0     0     0     0     0     4   119  3681  4710  5265 10462 14609  9782 10629  4201
ch   47:      0     0     0     0     0     0     0     0     0     0     0     0     0     0     0     0     0     0     0     0     0     0     9   152  3671 16264 10825  6473 11449  5397 14795  5485
ch   48:      0     0     0     0     0     0     0     0     0     0     0     0     0     0     0     0     0     0     0     0     0     1     7   153  2560  9699  5619  8476 13730  5872  6823  1587
ch   49:      0     0     0     0     0     0     0     0     0     0     0     0     0     0     0     0     0     0     0     0     0     0     8   242  2887 11117 10126  6270  5472 10991 14387 10740
ch   50:      0     0     0     0     0     0     0     0     0     0     0     0     0     0     0     0     0     0     0     0     0     0    12   224  6587 11726  7880  8220 10830 13875  8872  5779
ch   51:      0     0     0     0     0     0     0     0     0     0     0     0     0     0     0     0     0     0     0     0     0     1    10   297  5122  9080  8271 10164 11220 11226  9297  5594
ch   52:      0     0     0     0     0     0     0     0     0     0     0     0     0     0     0     0     0     0     0     0     0     0    20   288  3678  5957 12234 11869 10370  8544 15410  4168
ch   53:      0     0     0     0     0     0     0     0     0     0     0     0     0     0     0     0     0     0     0     0     0     0    15   427  5682  5904  8702  7942  4217 10472  9978 12927
ch   54:      0     0     0     0     0     0     0     0     0     0     0     0     0     0     0     0     0     0     0     0     0     0     8   366  4626  8832 14497  9773  8969  7064  6586  7344
ch   55:      0     0     0     0     0     0     0     0     0     0     0     0     0     0     0     0     0     0     0     0     0     0    17   327  4711  9077  7839  9399  9832  9125 10050  7793
ch   56:      0     0     0     0     0     0     0     0     0     0     0     0     0     0     0     0     0     0     0     0     0     0    15   298  4469  3943  9505  5217 13647 10222 13641  1607
ch   57:      0     0     0     0     0     0     0     0     0     0     0     0     0     0     0     0     0     0     0     0     0     0    16   354  5119 17240  9340  9323 13900  8363 15306 11373
ch   58:      0     0     0     0     0     0     0     0     0     0     0     0     0     0     0     0     0     0     0     0     0     1    11   242  4547  5910 11958  9795 10423 11033  6822  6319
ch   59:      0     0     0     0     0     0     0     0     0     0     0     0     0     0     0     0     0     0     0     0     0     1    30   439  8281  9233 10025  9955 10143 15549 10631 12900
ch   60:      0     0     0     0     0     0     0     0     0     0     0     0     0     0     0     0     0     0     0     0     0     1    13   390  3713  8641  8245 12374 12979  6930 10362  5651
ch   61:      0     0     0     0     0     0     0     0     0     0     0     0     0     0     0     0     0     0     0     0     0     0     6   412  4924 15589  7460 13041  9226  6069  8049 12777
ch   62:      0     0     0     0     0     0     0     0     0     0     0     0     0     0     0     0     0     0     0     0     0     0     6   250  4625 10145 13016 14751  9041 10535 13255  3558
ch   63:      0     0     0     0     0     0     0     0     0     0     0     0     0     0     0     0     0     0     0     0     0     0    15   428  7870  9759  8083  7987 13303 10108 10544  4694
ch   64:      0     0     0     0     0     0     0     0     0     0     0     0     0     0     0     0     0     0     0     0     0     0    11   285  6000  8443 10782  5598 10494 10288 11960  1620
ch   65:      0     0     0     0     0     0     0     0     0     0     0     0     0     0     0     0     0     0     0     0     0     1    19   461  6744  8170  7807 14640 11255 11217  9259 12802
ch   66:      0     0     0     0     0     0     0     0     0     0     0     0     0     0     0     0     0     0     0     0     0     0     6   197  4074  6506  5548  8882 12148 16375 13028  7474
ch   67:      0     0     0     0     0     0     0     0     0     0     0     0     0     0     0     0     0     0     0     0     0     0    15   422  9683 11997  7878 12556 12834 11111 14709  6320
ch   68:      0     0     0     0     0     0     0     0     0     0     0     0     0     0     0     0     0     0     0     0     0     0     5   203  4038 13799  8840  7792 10767 12798  8123  7755
ch   69:      0     0     0     0     0     0     0     0     0     0     0     0     0     0     0     0     0     0     0     0     1     1    14   457  6724  7158 12792 10704  9140 11927  7679 11698
ch   70:      0     0     0     0     0     0     0     0     0     0     0     0     0     0     0     0     0     0     0     0     0     0    14   407  9537 11183  8450 12931  6921  7780 15091  7699
ch   71:      0     0     0     0     0     0     0     0     0     0     0     0     0     0     0     0     0     0     0     0     0     1    27   354  7525  8037 11557  6866 10084  9606  7388  7484
ch   72:      0     0     0     0     0     0     0     0     0     0     0     0     0     0     0     0     0     0     0     0     0     0    14   443  7293 10752 13394 12837 10850 13443  6186 15872
ch   73:      0     0     0     0     0     0     0     0     0     0     0     0     0     0     0     0     0     0     0     0     0     0     8   668  7109 11051 12550  8023  7956 11001  7048  6031
ch   74:      0     0     0     0     0     0     0     0     0     0     0     0     0     0     0     0     0     0     0     0     0     1    12   389  6079  5220 12646  8895 12811  8076  8315 12093
ch   75:      0     0     0     0     0     0     0     0     0     0     0     0     0     0     0     0     0     0     0     0     0     0    26   178  5296  8479 10663  9473  8914 10831  6384  4325
ch   76:      0     0     0     0     0     0     0     0     0     0     0     0     0     0     0     0     0     0     0     0     0     0    12   311  7572  7514 11828 14825 12684 13390  9940 18622
ch   77:      0     0     0     0     0     0     0     0     0     0     0     0     0     0     0     0     0     0     0     0     0     1    18   495  5655  8703 10514  6851 11092 14571  7939 14290
ch   78:      0     0     0     0     0     0     0     0     0     0     0     0     0     0     0     0     0     0     0     0     0     1    15   233  6598 10006 11616  6909 14786 12894  8482  4651
ch   79:      0     0     0     0     0     0     0     0     0     0     0     0     0     0     0     0     0     0     0     0     0     0    24   562  8217  9615 13244 13000  9154  9703 10575  3935
ch   80:      0     0     0     0     0     0     0     0     0     0     0     0     0     0     0     0     0     0     0     0     0     0    15   443  7836  9617 11103 11708  6450 11915  9647  8576
ch   81:      0     0     0     0     0     0     0     0     0     0     0     0     0     0     0     0     0     0     0     0     0     2    27   863  8781 11127 13429 10178  9722  5072  6905 11752
ch   82:      0     0     0     0     0     0     0     0     0     0     0     0     0     0     0     0     0     0     0     0     0     0    12   420  5513 10388  7875  9709 10953 13577 11075 11019
ch   83:      0     0     0     0     0     0     0     0     0     0     0     0     0     0     0     0     0     0     0     0     0     1    23   594 12577  8667  9005 10927 12524 10517  5678 10949
ch   84:      0     0     0     0     0     0     0     0     0     0     0     0     0     0     0     0     0     0     0     0     0     1    20   465  7655  9264 17116 15335  8040 11844  6951 11520
ch   85:      0     0     0     0     0     0     0     0     0     0     0     0     0     0     0     0     0     0     0     0     0     1    21   542  6272 11282 14959  7536 15979 13045 11010  6810
ch   86:      0     0     0     0     0     0     0     0     0     0     0     0     0     0     0     0     0     0     0     0     0     0    22   537 11234 12658  8663 13665 11504  8644  8148 17760
ch   87:      0     0     0     0     0     0     0     0     0     0     0     0     0     0     0     0     0     0     0     0     0     2    31   414  8098  8845  7950 12884  8300  9134 10570  8976
ch   88:      0     0     0     0     0     0     0     0     0     0     0     0     0     0     0     0     0     0     0     0     0     1    17   517 11592 11730  8360 12996  7792  8188  9013  4988
ch   89:      0     0     0     0     0     0     0     0     0     0     0     0     0     0     0     0     0     0     0     0     0     1    34   607  9767 15548 12231 11134  8667 14672  7059 10659
ch   90:      0     0     0     0     0     0     0     0     0     0     0     0     0     0     0     0     0     0     0     0     0     1    10   435  9424 12257  5900  9151  9152  9647 11322 15504
ch   91:      0     0     0     0     0     0     0     0     0     0     0     0     0     0     0     0     0     0     0     0     0     1    28   473  8996  7039 11731  6993 14519  7288 12991 11726
ch   92:      0     0     0     0     0     0     0     0     0     0     0     0     0     0     0     0     0     0     0     0     0     0    28   513 11716 10484  8958  9511  9539  8053 15210  8150
ch   93:      0     0     0     0     0     0     0     0     0     0     0     0     0     0     0     0     0     0     0     0     0     0    47  1223 11590 14593 12496  6805 12059  7652 15253  9249
ch   94:      0     0     0     0     0     0     0     0     0     0     0     0     0     0     0     0     0     0     0     0     0     3    48   776 11651 12644 14514  8252  8918 16409 11392  8066
ch   95:      0     0     0     0     0     0     0     0     0     0     0     0     0     0     0     0     0     0     0     0     0     1    33  1223 10624  8653 11714  9566 11634  7654  9071 10280
ch   96:      0     0     0     0     0     0     0     0     0     0     0     0     0     0     0     0     0     0     0     0     0     1    24   552 12088  8783  9666  7155 11566 13962  5687  7034
ch   97:      0     0     0     0     0     0     0     0     0     0     0     0     0     0     0     0     0     0     0     0     0     2    50   793 10940  7008  5761  8240 10179 10932 13525 12646
ch   98:      0     0     0     0     0     0     0     0     0     0     0     0     0     0     0     0     0     0     0     0     0     2    35   457 11568 11829  5758 10366  8739  7641  8153 12796
ch   99:      0     0     0     0     0     0     0     0     0     0     0     0     0     0     0     0     0     0     0     0     0     1    28   809 15685  9136  8739 11012  7483  9833 12584  7411
ch  100:      0     0     0     0     0     0     0     0     0     0     0     0     0     0     0     0     0     0     0     0     0     2    24   276 11668 12029  8002  8128 10336  9150  6336  8307
ch  101:      0     0     0     0     0     0     0     0     0     0     0     0     0     0     0     0     0     0     0     0     0     0    31   997 11837 12998  8242  7250  9795 10351  9385  9963
ch  102:      0     0     0     0     0     0     0     0     0     0     0     0     0     0     0     0     0     0     0     0     0     1    13   741 11718  6238 11126 14351  8347  5853 13847 17274
ch  103:      0     0     0     0     0     0     0     0     0     0     0     0     0     0     0     0     0     0     0     0     0     0    32   752 11872  6858 10106  7649  9831  9394  6205  9053
ch  104:      0     0     0     0     0     0     0     0     0     0     0     0     0     0     0     0     0     0     0     0     0     1    23   353  6582 13471  7145 10002 10338 11112  8417 15976
ch  105:      0     0     0     0     0     0     0     0     0     0     0     0     0     0     0     0     0     0     0     0     0     2    21   788 16514 10652  6849  9494 13705 14556 13436 11134
ch  106:      0     0     0     0     0     0     0     0     0     0     0     0     0     0     0     0     0     0     0     0     0     0    52   700 16660 12981 13346  5664  7373 11470 14112 11892
ch  107:      0     0     0     0     0     0     0     0     0     0     0     0     0     0     0     0     0     0     0     0     0     2    39  1336 14931 14085  9716  8830  8888  8977  4299 10888
ch  108:      0     0     0     0     0     0     0     0     0     0     0     0     0     0     0     0     0     0     0     0     0     1    40   759 13969 10990 10270  9065  9944  7765  4563 13130
ch  109:      0     0     0     0     0     0     0     0     0     0     0     0     0     0     0     0     0     0     0     0     0     1    56  1123 14618  8626 12375  8479 12269  7528 13703 14186
ch  110:      0     0     0     0     0     0     0     0     0     0     0     0     0     0     0     0     0     0     0     0     0     0    26   773 12577  6924 10455  8603  7647  9572  8597  5010
ch  111:      0     0     0     0     0     0     0     0     0     0     0     0     0     0     0     0     0     0     0     0     0     2    54  1213 17547  6057  7667 10508 12532  9108 10636 10458
ch  112:      0     0     0     0     0     0     0     0     0     0     0     0     0     0     0     0     0     0     0     0     0     0    37   914 11481  7120  9965  6531  9163 15449  7524 15335
ch  113:      0     0     0     0     0     0     0     0     0     0     0     0     0     0     0     0     0     0     0     0     0     0    31   877  8352  5962 15785  7200  9470  8287  7047 10366
ch  114:      0     0     0     0     0     0     0     0     0     0     0     0     0     0     0     0     0     0     0     0     0     1    22   651  9734 10272 10848  8140  8548 11351 14555  8725
ch  115:      0     0     0     0     0     0     0     0     0     0     0     0     0     0     0     0     0     0     0     0     0     1    46  1360 17180 10705  7544  9220 11874  5758 12800 10515
ch  116:      0     0     0     0     0     0     0     0     0     0     0     0     0     0     0     0     0     0     0     0     0     2    34   756 10272  6849  9716  8157 10013 11079 11446  7516
ch  117:      0     0     0     0     0     0     0     0     0     0     0     0     0     0     0     0     0     0     0     0     0     2    44  1035 16211 11128 13962  9711 14057  4263 15374 12859
ch  118:      0     0     0     0     0     0     0     0     0     0     0     0     0     0     0     0     0     0     0     0     0     2    45   501  8942  9908  9660 11156 11986  8261 10001  7211
ch  119:      0     0     0     0     0     0     0     0     0     0     0     0     0     0     0     0     0     0     0     0     0     2    63   954 15695 12907 11103 14515  6738 10122 10423  7442
ch  120:      0     0     0     0     0     0     0     0     0     0     0     0     0     0     0     0     0     0     0     0     0     1    27   647 12468  9512  9160 13469 11134  8182 12582 16710
ch  121:      0     0     0     0     0     0     0     0     0     0     0     0     0     0     0     0     0     0     0     0     0     2    46  1040 15812 11159  6918 10685  9140  9155  9697  7574
ch  122:      0     0     0     0     0     0     0     0     0     0     0     0     0     0     0     0     0     0     0     0     0     1    49   745 15632 13799  5253  2652 15306 10380 15292  9380
ch  123:      0     0     0     0     0     0     0     0     0     0     0     0     0     0     0     0     0     0     0     0     0     1    32  1293  3946 10010 13627 11914 10901 11461 10191  9364
ch  124:      0     0     0     0     0     0     0     0     0     0     0     0     0     0     0     0     0     0     0     0     0     1    47  1149  7963  7798  6270  9610  8088  5245 10518  7889
ch  125:      0     0     0     0     0     0     0     0     0     0     0     0     0     0     0     0     0     0     0     0     0     2   106  1781  6268  7356  9383 13180 16672 11244  6347 10597
ch  126:      0     0     0     0     0     0     0     0     0     0     0     0     0     0     0     0     0     0     0     0     0     2    94  1597  7870  9739  4828 11446 11199  6590  4025  9724
ch  127:      0     0     0     0     0     0     0     0     0     0     0     0     0     0     0     0     0     0     0     0     0    12   221  5137 13084  6178 11774  8481 16097 10138  9241  8294
