ch    0:      0     0     0     0     0     0     0     0     0     0     0     0     0     0     0     0     0     0     0     0     0     4    19   192  1126  9154  3379 10634 11813 14281 12517 15174
ch    1:      0     0     0     0     0     0     0     0     0     0     0     0     0     0     0     0     0     0     0     0     0     0     0     0     0     0     0     0     0  1736  6604     0
ch    2:      0     0     0     0     0     0     0     0     0     0     0     0     0     0     0     0     0     0     0     0     0     6    36   223  2559 11872 11906 12808  9467 14750  8502 10773
ch    3:      0     0     0     0     0     0     0     0     0     0     0     0     0     0     0     0     0     0     0     0     0     0    21   104  1070  7293 13324  7565 11375 10078 11814  1822
ch    4:      0     0     0     0     0     0     0     0     0     0     0     0     0     0     0     0     0     0     0     0     0     4    37    22  2003  6286 13406  4262 14405  9272 10998   495
ch    5:      0     0     0     0     0     0     0     0     0     0     0     0     0     0     0     0     0     0     0     0     0     0     0     0     1   115  5478  6428 15883 14098 13296  4329
ch    6:      0     0     0     0     0     0     0     0     0     0     0     0     0     0     0     0     0     0     0     0     0     0     0     3    18   351  8817  7944  8044  9167 10724  1611
ch    7:      0     0     0     0     0     0     0     0     0     0     0     0     0     0     0     0     0     0     0     0     0     0     0     0     4   162  5120 10378  8658 10361 13451  9212
ch    8:      0     0     0     0     0     0     0     0     0     0     0     0     0     0     0     0     0     0     0     0     0     0     0     0    28   478 10769 15084 10969 13488  9597  3114
ch    9:      0     0     0     0     0     0     0     0     0     0     0     0     0     0     0     0     0     0     0     0     0     0     0     0     6   211  6787  6023 10642 15651 13436  7641
ch   10:      0     0     0     0     0     0     0     0     0     0     0     0     0     0     0     0     0     0     0     0     0     0     0     0    18   762  8920 10170  4928 11618  6573  4547
ch   11:      0     0     0     0     0     0     0     0     0     0     0     0     0     0     0     0     0     0     0     0     0     0     0     0     8   188  8190  6849  6166  8216  8017  7607
ch   12:      0     0     0     0     0     0     0     0     0     0     0     0     0     0     0     0     0     0     0     0     0     0     0     0    14   378  8825  9265 10444 12746 10590  6684
ch   13:      0     0     0     0     0     0     0     0     0     0     0     0     0     0     0     0     0     0     0     0     0     0     0     0     8   293 10378  6905  9930 10931 12561  8571
ch   14:      0     0     0     0     0     0     0     0     0     0     0     0     0     0     0     0     0     0     0     0     0     0     0     0    24   550 11008 11451 10079 10801 10828  6543
ch   15:      0     0     0     0     0     0     0     0     0     0     0     0     0     0     0     0     0     0     0     0     0     0     0     0     5   253 11874 11724  7711  8583 13324  7794
ch   16:      0     0     0     0     0     0     0     0     0     0     0     0     0     0     0     0     0     0     0     0     0     0     0     0    22   409 15870 13531 13343  8681 12848  5973
ch   17:      0     0     0     0     0     0     0     0     0     0     0     0     0     0     0     0     0     0     0     0     0     0     0     0    11   322  9989 10924 10065  8680 11497  7076
ch   18:      0     0     0     0     0     0     0     0     0     0     0     0     0     0     0     0     0     0     0     0     0     0     0     0    25   653 14803 12015 15484  8376  9110  2920
ch   19:      0     0     0     0     0     0     0     0     0     0     0     0     0     0     0     0     0     0     0     0     0     0     0     0     2   233  8833 13515  9505  9720  8852  7788
ch   20:      0     0     0     0     0     0     0     0     0     0     0     0     0     0     0     0     0     0     0     0     0     0     0     1    47   829 16155  9835  9153  9288  8305  6483
ch   21:      0     0     0     0     0     0     0     0     0     0     0     0     0     0     0     0     0     0     0     0     0     0     0     0    10   310 13925  5591 10886 13177 12215 16320
ch   22:      0     0     0     0     0     0     0     0     0     0     0     0     0     0     0     0     0     0     0     0     0     0     0     2    30   890 16686 17655 11666 10791 11831  6653
ch   23:      0     0     0     0     0     0     0     0     0     0     0     0     0     0     0     0     0     0     0     0     0     0     0     0    25   614 17425  8267 10381  8468  7828 11429
ch   24:      0     0     0     0     0     0     0     0     0     0     0     0     0     0     0     0     0     0     0     0     0     0     0     0    25  1307  6182 11370 13813  8677 12159  4983
ch   25:      0     0     0     0     0     0     0     0     0     0     0     0     0     0     0     0     0     0     0     0     0     0     0     0    10   332 11964 11896  6388  6918  9275  9499
ch   26:      0     0     0     0     0     0     0     0     0     0     0     0     0     0     0     0     0     0     0     0     0     0     0     0    56  2007 11174 12950 17118 11437 10396  5692
ch   27:      0     0     0     0     0     0     0     0     0     0     0     0     0     0     0     0     0     0     0     0     0     0     0     0    18   426 11029 12010  8307 13263  3198  8327
ch   28:      0     0     0     0     0     0     0     0     0     0     0     0     0     0     0     0     0     0     0     0     0     0     0     0    15  1401  6338  6565 11173  8263  8167  5052
ch   29:      0     0     0     0     0     0     0     0     0     0     0     0     0     0     0     0     0     0     0     0     0     0     0     0    21   774 10982 13750 14432  9881  6632 16174
ch   30:      0     0     0     0     0     0     0     0     0     0     0     0     0     0     0     0     0     0     0     0     0     0     0     1    34  2047  8876 10891 13278 12899 12021  3917
ch   31:      0     0     0     0     0     0     0     0     0     0     0     0     0     0     0     0     0     0     0     0     0     0     0     0    16  1312  3543 11580  5654 11147  9339  6928
ch   32:      0     0     0     0     0     0     0     0     0     0     0     0     0     0     0     0     0     0     0     0     0     0     0     1    62  1782 11430  7471 11533 11490  8374  4305
ch   33:      0     0     0     0     0     0     0     0     0     0     0     0     0     0     0     0     0     0     0     0     0     0     0     0     9   916  9493 18387  9061 12787  9270 11286
ch   34:      0     0     0     0     0     0     0     0     0     0     0     0     0     0     0     0     0     0     0     0     0     0     0     3    78  1836 11556  7530  9439 10139 13014  3971
ch   35:      0     0     0     0     0     0     0     0     0     0     0     0     0     0     0     0     0     0     0     0     0     0     0     0    28   999  6685  8375  8863 13312  7646 10061
ch   36:      0     0     0     0     0     0     0     0     0     0     0     0     0     0     0     0     0     0     0     0     0     0     0     2    52  2055 10962  5934 10058 10182 12503  3648
ch   37:      0     0     1     1     1     1     2     2     4     6    11    14    17    23    32    39    48    55    61    75    93   104   119   134   156  1066 14055 13131  7555 10599  8339 11549
ch   38:      0     0     0     0     0     2     2     3     3     6     7     7     8     9    16    21    23    28    40    43    64    86    98   117   178  2242 15650 13510 13834 16844 12003  2786
ch   39:      0     1     1     1     1     1     3     3     3     5     9    11    15    19    29    36    47    55    64    73    91   104   121   136   172  1065 11152  9653 12397 15413  3599  9596
ch   40:      0     0     0     0     0     0     1     1     2     7     8     8     8     9    15    21    23    31    38    45    57    75    94   118   204  1574  9784 10484  5720 16964 10225  3299
ch   41:      0     1     1     1     1     1     1     3     4     4     6    10    13    18    23    34    38    52    56    74    89    97   113   130   155   990  8727 10756  9761 13166  9859 10585
ch   42:      0     0     0     0     0     0     0     0     1     5     7     9     9    12    12    15    21    28    40    46    58    76   101   115   166  1390 11221 15201 12265  8203  9294  3006
ch   43:      0     1     1     1     1     1     1     3     3     4     5    12    15    21    27    39    43    53    60    72    82   101   117   131   176  2089  6988 10030  8890 12122  7809 11660
ch   44:      0     0     0     0     0     1     2     3     5     7     8     7     8    11    17    22    21    31    37    46    69    77    94   110   171  2099  6987  8828  7522 12477 10240  3773
ch   45:      1     1     1     1     1     1     1     1     3     4     6    12    15    18    24    37    46    55    68    71    90   105   112   133   190  1399 11860 16650  7800 13500 11274 12231
ch   46:      0     0     0     0     0     2     2     3     4     3     5     7     9    12    17    22    25    29    39    47    60    78    95   107   248  3547 13155  5378 11912  9586 11455  4107
ch   47:      1     1     1     2     2     2     2     2     2     3     5     6    15    18    28    33    41    46    61    73    86    96   121   127   182  1660  6697  9054  9042 11719  8612 12275
ch   48:      0     0     0     0     0     0     2     2     3     6     7     8    10    11    13    18    23    29    36    46    65    74    95   107   144   105 13798 11449  9241  7893  9091  2538
ch   49:      0     0     1     1     1     2     2     2     2     3     7     8    15    17    24    33    40    51    58    69    87    97   111   132   160  1672  5659 10989  9661 12937  8134 13040
ch   50:      0     0     0     0     1     1     1     1     3     5     7     9    10    11    13    18    25    30    34    44    59    76   103   117   219   892  8656  8890 13692 12100  9314  3319
ch   51:      0     0     1     1     1     1     1     3     3     4     5    11    14    18    24    31    39    51    53    68    81    99   112   128   186  2181 12616 11649  8780  5373 10889  9308
ch   52:      0     0     0     0     0     0     1     2     5     4     8     8     9    11    15    17    26    30    40    47    61    75    92   106   195   783 13989 13418 11144 13176 10915  3583
ch   53:      0     0     1     1     1     1     2     2     3     3     5    10    13    14    20    33    40    41    53    69    78    94   118   130   173  1904 12271  7594 12493 11491  9523 11370
ch   54:      0     0     0     0     0     0     0     4     5     8     8     7     7    10    18    21    21    28    39    49    62    82    92   105   203  3327 12597 10237 13164  8441 12596  3171
ch   55:      1     1     1     1     1     1     3     3     3     4     7    12    12    14    21    31    35    43    53    67    78    97   114   127   220  2261  4516  8418 10373 10424 12870  7651
ch   56:      0     0     0     0     0     1     2     2     5     8     8     8     8    12    14    20    23    31    38    47    58    73    89   110   218  3636 10969  7747 10272 13321 11141  4137
ch   57:      0     0     0     1     1     1     2     2     2     4     6     9    12    16    24    31    34    39    48    64    75    92   108   132   163  2763 11502  6357  5735 12453 10296 11638
ch   58:      0     0     0     0     0     1     1     3     3     7     8     9    10    10    16    17    23    28    35    55    65    83    98   120   252  1076  9572  9162 11730  6461 13440  3356
ch   59:      0     1     1     1     1     1     2     2     3     5     6    10    14    17    23    30    34    42    50    67    75    93   109   124   183  2904  7904 10859 10765 11562  6993 10149
ch   60:      0     0     0     0     0     1     2     3     4     6     7     8    10    11    19    21    25    32    37    46    69    75    95   108   222  3919  9956 10852 13751 15066  8616  4271
ch   61:      0     0     0     1     1     1     3     3     3     4     5     8    13    16    21    24    35    48    53    60    74    92   110   130   233  3162  6365 12396  8674 10197 13917 17050
ch   62:      0     0     0     0     0     1     1     1     4     8     7     9     9    10    12    15    30    31    37    50    62    80    95    98   270  2386  8258 12112 11486  4635  9978  3904
ch   63:      0     0     0     0     1     2     2     2     3     4     7     8    12    13    18    28    31    41    49    64    74    92   109   122   193  2632 11394  8607  8791  8386 12327 13429
ch   64:      0     0     0     0     0     0     0     3     6     7     8     8    10    16    17    19    26    33    37    49    62    79    98   128   246 11718 11960  9427  7537 11853  9573  2363
ch   65:      0     1     1     1     2     2     2     3     4     4     7     8    10    14    19    25    35    41    47    63    74    95   108   139   209  3099 12594  9128 14567 10375 10975 15492
ch   66:      0     0     0     0     0     0     1     3     5     8     9     9    10    10    15    24    28    33    39    50    62    80    99   114   188  3578 12624 10038 11551  7671  9544  3499
ch   67:      0     0     0     1     2     2     2     2     3     6     7     7    12    13    16    23    29    37    41    54    68    91   109   128   199  1675 13956  7254  8353 13365  8091  8584
ch   68:      0     0     0     0     0     1     3     5     5     7     7     8     7    10    17    21    24    30    46    50    62    75    99   126   192  2581 12006  5659 11659 14150 12319  2571
ch   69:      0     0     1     1     1     1     1     2     3     5     8     8    12    14    19    22    30    35    50    63    75    90   105   120   165  3342  7508 11506 15475 12566  6184 14247
ch   70:      0     0     0     0     0     1     1     5     6     9    10    10    10    13    15    19    28    29    42    52    56    77    94   113   260  1167 15132  9284  8811  5731 13632  3192
ch   71:      0     0     1     1     1     1     2     3     3     4     5     7    12    15    18    25    28    34    43    53    71    79   115   134   243  2490  8063 11708 10243 15858 10147 12456
ch   72:      0     0     0     0     0     0     0     1     5     6    10     9    10    13    14    21    27    35    46    52    62    79   100   121   222  1737  9644  9006  9268  9918 10029  1925
ch   73:      0     0     0     1     1     1     3     4     4     4     5     7    10    14    19    24    29    38    45    50    67    84   107   118   161  4035 13026 13305  9495 13252  5720 15669
ch   74:      0     0     0     0     0     0     0     1     3     8     8    10    11    11    18    19    26    36    45    50    63    77    96   108   179   595 10481  6421  7942  7588 11001  2909
ch   75:      0     0     1     1     1     1     2     2     3     4     6     9    11    13    17    23    30    34    45    54    67    78   110   133   220  2183 11728 13365  8551 11126  8297 11050
ch   76:      0     0     0     0     0     0     0     3     4     7     9     9     9    13    14    18    22    31    49    59    67    84   102   118   184  1344  6287  5233  5108 11362 13042  2045
ch   77:      0     0     0     1     1     1     2     2     3     5     8     8    11    13    18    26    28    35    41    52    63    83   104   122   233  2404  8398  6717  9587 13879 12149 16119
ch   78:      0     0     0     0     0     0     1     2     5     9     9    11    11    13    18    20    29    36    45    49    65    77    95   116   189   632  7379 10064 10772 11972 13621  3364
ch   79:      0     0     1     1     1     2     2     2     3     6     6     7    12    15    21    25    29    38    44    51    59    82    98   131   190  2733 11712 11934  9966  8950 11196 16898
ch   80:      0     0     0     0     0     1     1     3     7     8     8    10    11    12    17    22    27    38    50    54    68    78    94   106   178  6558 10164  9131  8998 11072 13882  3219
ch   81:      0     0     0     0     1     1     2     3     3     3     4     7    11    12    19    26    28    33    39    50    63    82   100   125   260  2295 11557  6891 13126  6408  8398 15812
ch   82:      0     0     0     0     0     1     1     2     6     8     9    10    10    16    18    22    31    39    44    51    66    87   101   113   155  5580 12104  9716 10186 12270  4156  3509
ch   83:      0     0     0     0     1     1     1     1     3     4     5     7     9    13    20    23    28    28    34    51    61    74   101   125   191  5176  9780 13776 10040  6612 12535 14938
ch   84:      0     0     0     0     0     0     0     2     4     8     9     9    10    11    14    20    28    34    51    55    65    77   100   120   214  4088  6492  8538 12888 12157 13813  1825
ch   85:      0     0     0     1     1     2     2     3     3     4     5     7    11    13    18    20    29    35    40    49    55    91   109   124   316  2396  7835 10372 10752 11234  8719 13292
ch   86:      0     0     0     0     0     1     3     5     6     8     8    11    14    17    20    22    33    43    49    58    69    88   104   113   277  8524 12276 12053  6917 12872  9322  3283
ch   87:      0     0     1     1     1     1     2     2     3     4     7     8    11    15    18    19    29    33    36    50    62    80   105   127   224  4360 10171 11595 12576  9494  8383 13727
ch   88:      0     0     0     0     0     1     1     2     5     7    10    13    14    12    16    26    33    41    54    60    73    80   105   123   283  4353 13310 10393  8180 11529  8449  4940
ch   89:      0     0     0     0     0     2     3     3     3     3     4     9    10    14    19    20    26    32    39    47    58    80   104   126   372  1698 10797  8767 14097 12576  9784 18018
ch   90:      0     0     0     0     0     1     2     4     5     8    10    11    13    16    20    27    36    38    54    58    71    94   103   119   325  5848  6462  6947 14242 14444 13653  2815
ch   91:      0     0     0     0     0     1     2     2     4     4     5     9    11    15    21    22    27    33    42    56    62    78    96   129   311  3283  7588  9842 14655  7325 10423  4408
ch   92:      0     0     0     0     0     0     2     3     4     8     9    11    15    17    18    25    31    41    51    58    70    84   101   115   211  5430 10493 13831 10887  6864 11522  4030
ch   93:      0     0     0     0     1     2     2     2     3     4     7    10    13    15    18    21    25    28    37    51    58    79   112   143   288  4305 11587  8242  8048 14332  9628 16413
ch   94:      0     0     0     0     0     1     1     4     7     9    11    11    13    14    19    27    40    45    51    61    76    94   119   123   334  2562 10741  7046 10476 13334  8653  3246
ch   95:      0     0     0     0     1     1     2     3     4     6     8     8    10    14    18    21    26    34    38    52    68    86   109   133   296  3624  9468 12382  9834 10688 13573 12046
ch   96:      0     0     0     0     1     1     2     3     7     8     9    11    12    16    29    33    39    46    57    63    77    94   109   136   208  6638  9841 10406 11960  9288 15294  4369
ch   97:      0     0     0     1     1     1     2     3     3     4     7     8    12    15    17    22    29    33    40    48    68    84   102   125   244  6650 10875 10315 13663  9804 10385  8435
ch   98:      0     0     0     0     0     1     1     3     9     9    12    14    16    21    24    30    40    47    57    64    76    86   104   111   240  7587  8538 12218 10529 11132 11008  4576
ch   99:      0     0     0     0     1     1     2     3     3     5     9    12    14    18    19    21    24    29    37    47    64    84   110   125   228  3251 12313 13279  3855 12242 11742  8042
ch  100:      0     0     0     0     0     0     1     4     7    10    12    12    13    18    23    26    37    45    61    66    79    94   104   128   256  2999 10766 11197 10493  6552  8979  6203
ch  101:      0     0     0     1     1     2     2     2     2     5     6     7    10    15    19    22    25    30    37    49    66    90   113   134   279  5697 13087 10240 10522 10178 10599  1348
ch  102:      0     0     0     0     1     2     2     6     8     8    11    13    14    15    20    29    41    54    59    70    76    94   118   128   278  1904  7363 10750  9329  8415 10243  3179
ch  103:      0     0     0     0     0     2     3     3     4     5     5     5    11    13    14    19    19    32    38    49    69    84   113   136   267  5754  7515 10363 13002 12588 13544  9099
ch  104:      0     0     0     0     0     1     2     5     6    10    13    13    17    20    26    33    38    53    63    71    86    94   108   133   289  8064 13907 11112  9269 12435 14189  6382
ch  105:      0     0     0     0     2     2     2     2     3     6     6    10    14    16    19    22    26    33    40    48    63    86   113   124   228  5557 11176  9878 11116 10374  3997 10461
ch  106:      0     0     0     0     0     0     1     3     7    10    13    14    15    26    29    31    47    56    61    78    83   100   105   132   327 10314  9970  5488  9762 11690  8218  6199
ch  107:      0     0     1     1     1     1     1     2     3     5     8    10    13    19    19    22    22    32    40    54    68    86   109   133   434  9060 11375  8911 16765  9899  8584  7607
ch  108:      0     0     0     0     1     1     2     6     8    11    11    14    17    20    23    34    47    52    64    77    89   102   114   138   390  5909 11073  8973 15124  9550 12460  9844
ch  109:      0     0     1     1     1     1     2     2     3     4     6     9    12    17    17    20    27    31    39    48    65    93   109   139   207  3317 10193 13623 14022  9115  3844 17612
ch  110:      0     0     0     1     1     1     1     4     7    10    10    14    19    25    30    38    43    55    65    70    86   106   111   137   478  2383  6711  9121  7940  6233  9439  4003
ch  111:      0     0     0     0     1     1     1     2     3     6     7    11    16    17    17    20    24    34    39    55    67    92   115   132   221  5965 13523 11958 10870 14152 10398  3290
ch  112:      0     0     0     0     0     1     3     6    11    13    13    17    20    25    32    35    48    53    71    73    88    99   112   141   388 10108 14066 10857  9438 12550  8868  7173
ch  113:      0     0     0     1     1     1     2     3     4     5     9    11    13    17    20    20    24    36    45    54    68    89   108   133   216  8032 10870  8241  7020 10069  3740 15664
ch  114:      0     0     0     0     0     5     5     6     9    11    14    15    19    23    34    38    46    54    70    76    81   106   110   132   318  9498  7580 10566 13798  7614 13448  9650
ch  115:      0     0     0     0     2     2     2     2     2     5     7     9    14    19    21    22    26    32    44    57    67    99   115   129   361  5684  7728  6335  8922  7784  9904  2140
ch  116:      0     0     0     0     2     4     4     7    10    12    13    16    18    26    32    41    50    62    69    82    94   109   123   151   435 10426  6628  6284  6243  8898  8101  8412
ch  117:      0     0     1     1     2     2     2     3     4     5     6     8    10    16    18    20    29    33    37    61    77    95   114   139   288  7309  9282 13700 12463  8243  8996 11519
ch  118:      0     0     0     1     1     1     2     8     9    11    13    15    18    25    33    41    48    55    68    78    83    98   107   138   482 12520  9397 12635 11192 10652 11348  9938
ch  119:      0     0     0     0     1     2     2     2     3     6     6     9    10    13    17    23    23    32    38    58    70    89   104   140   252  4774  8570  9649 13104  9120 10461  5444
ch  120:      0     0     0     1     1     3     4     5     8    11    15    19    25    28    36    44    54    60    73    79    85    97   119   139   535  6372  9405 11935 11332 10084  4228 16284
ch  121:      0     0     0     0     0     0     0     2     2     4     8     8    10    16    21    23    26    30    46    51    72    93   118   132   219  4099  7809 11731 15549 14874 12382 15828
ch  122:      0     0     0     0     1     3     4     4     7    11    13    19    27    36    39    50    62    78    91   107   126   141   153   193   512  6608 10816 10508 12803  8593  5471 15362
ch  123:      0     0     0     1     1     2     2     4     5     7     7    11    15    18    21    23    29    43    63    79    99   129   158   181   453  4656  7674 13050 13557 13824  8743  9072
ch  124:      1     1     1     3     3     4     9    13    14    19    22    27    34    43    50    62    81    94   107   128   139   160   179   230   847  4356 10212 12395 14224  7461  6360  9703
ch  125:      1     1     1     2     2     2     2     2     7    10    11    14    17    23    25    31    38    53    72    83   110   141   164   215   515 14208  8743 11818  9053 10009  8929  5967
ch  126:      1     1     1     3     5     7     9    12    15    17    18    26    37    48    59    68    84    96   112   129   150   163   188   257  2078 11031  7322 13453 12023  8438 11509  6288
ch  127:      1     1     1     1     2     3     4     5     8    11    15    18    22    24    31    37    47    63    80   102   125   144   174   221  1224  3571 11365  9298 11378  8974  8908  7237
