# ID XA-000-08-002-000-005-135-15
# Tag _trim_
# Date 240513_13:49:10
# Vref_p 57
# Vref_n 23
# Thr2_glb 32
# Vref_t 118
# Vref_t_range 1
# Pol 1
# ADC range 30-247
# FAST disc 30
ch:   0  121  125  120  125  119  119  109  119  106  108  123  119  124  105  109  115   95  118  115  116  124  117  108  120  113  121  116  109  121  124  124    4
ch:   1  108  125  113  115  121  125  115  131  121  118  117  114  109  109  117  106  104  116  110  106  105  108  102  103  101  100  111  120  117  116  130   10
ch:   2  123  124  122  113  119  109  118  116  115  106  113  110  117  117  105  106  113  115  103  116  107  118  116  106  109  116  113  114  116  109  123   14
ch:   3  124  123  118  121  122  131  115  122  114  109  117  111  109  109  122  102  105  107  114  116  106  116  117  102  115  119  116  121  115  130  131   10
ch:   4  120  120  121  125  119  118  119  116  107  108  108  109  102  101  118  108  105  105  117  103  108  117  115  115  118  119  115  109  124  120  136    3
ch:   5  123  116  115  122  119  124  120  109  119  119  109  103  120  105  101   95  116  117  110   -1  117  106  114  109  106  122  116  135  121  117  116    8
ch:   6  116  120  121  118  131  116  116  129  108  117  105  105  122  101  121  117  105  102  118  107  107  102  110  107  115  119  115  124  125  115  134   10
ch:   7  116  117  120  125  122  111  117  110  105  116  114  104  118  109  106  106  118  110  110  116  104  118  119  110  110  115  116  117  120  119  130    7
ch:   8  126  120  108  111  108  120  110  119  114  118  115  106  106  103  106  110  100  105  104   93  119  106  113  120  109  120  116  116  120  126  115   10
ch:   9  111  130  132  120  114  116  120  120  123  117  106  107  105  113  116  118  115  118  113  108  120  104  102  113  111  118  105  124  125  117  123   17
ch:  10  119  120  120  119  123  118  116  106  122  103  108  106  115  102  107  105  111  113  119  121  106  113  104  125  106  104  123  109  110  129  118    6
ch:  11  119  136  122  118  111  104  117  110  103  114  119   98  115  106  104  116  104  103  110  100  122  114  108  123  110  115  119  121  123  117  118    9
ch:  12  121  116  116  117  126  101  120  105  118  105  107  114  118  112  113  118  120  109  116  105  105  106  115  126  109  119  104  114  125  124  119    4
ch:  13  133  121  119  122  119  120  114  116  108  110  110  109  107  105  102  108  110  123  107  111  107  111  119  116  108  117  120  119  119  127  123    9
ch:  14  122  108  125  130  121  118  108  101  103  120   98  104  107  104  114  118  109  115  116  115  102  110  106  120  121  116  115  115  121  126  120    2
ch:  15  109  137  115  115  122  113  126  122  118  118  109  122  117  120  106  104  107  108  107  104  115  116  106  104  121  115  107  116  123  124  117    9
ch:  16  123  121  116  114  110  107  106  108  105  115  103  103  104  118  108  106  101  100  117  104  109  108  107  115  115  119  104  109  121  117  122   16
ch:  17  120  127  124  120  117  110  117  109  125  106  112   99  111  107  106  103  115  105  108  105  106  110  123  107  116  112  115  124  126  116  134   10
ch:  18  122  119  116  114  119  131  119  104  116  119  109  107  117  106  122   94  101  107  108  114  109  116  118  109  110  119  104  121  106  123  127    5
ch:  19  120  123  119  116  110  118  115  108  118  116  103  107  107  104  119  100  107  115  119  123  115  105  117  117  108  119  108  110  109  115  120    4
ch:  20  134  118  118  115  120  118  110  108  116  115  110  106  104  116  107  101  120  102  116  104  118  107  118  114  126  118  118  116  118  118  117   10
ch:  21  110  121  122  123  122  119  118  122  109  104  107  101  116  100  102  103  107  104  108   98  116  116  117  115  109  102  110  117  106  123  122   15
ch:  22  123  120  116  118  109  121  121  120  115  110  115  107  117  118  111  108  108  117  117  101  118  105  110  111  115  115  105  117  107  120  125    9
ch:  23  123  122  120  116  108  130  118  117  107  111  116  118  107  105  116  117  104  118  104  122  107  121  108  117  115  110  107  118  122  120  119   16
ch:  24  123  131  122  120  115  118  113  122  118  114  122  107  116  105  119  105  107  117  117  115  104  110  108  110  118  106  120  109  131  122  124   10
ch:  25  125  122  107  120  120  109  126  120  123  115  110  109  121  114  105  101  111  115  106  116  124  109  111  118  107  113  117   -1  124  131  121    6
ch:  26  118  131  118  121  114  118  116  107  118  129  115  107  114  119  117  104  119  113  103  117  116  107  106  111  108  115  109  111  110  130  120   18
ch:  27  121  117  122  119  125  132  109  121  117  119  122  122  107  120  108  106  104  107  106  107   93  103  108  121  120  116  112  116  115  121  119   12
ch:  28  121  124  112  119  120  130  111  117  120  108  103  118  114  102  105  106  113  121  120  107  109  116  119  116  109  115  131  113  123  125  122    9
ch:  29  115  124  116  122  108  109  121  107  125  113  107  106  114  116  108  118  106  107  109  120  101  118  117  115  108  106  115  105  117  120  118   15
ch:  30  119  132  115  121   94  115  120  115  108  117  106  124  121  109  113  120  108  111  107  113  106  102  108  121  105  106  117  119  120  115  119    5
ch:  31  119  120  122  136  126  122  117  107  116  118  111  127  118  106  116  120  109  106  109  119  120  122  120  109  121  113  127  111  117  117  120   11
ch:  32  123  125  116  116  115  117  110  116  116   88  107  117  104  106   99  111  104  116  115  103  105  110  115  105  116  118  119  129  122  114  116    4
ch:  33  119  125  127  125  123  107  106  126  119  121  104  115  110  116  120  106  116  117  115  113  109  104  116  108  115  108  121  121  116  129  129    7
ch:  34  125  123  113  124  122  110  107  128  123  122  106  119  113  123  115  106  109  116  108  101  122  105  109  111  109  116  115  114  131  133  118    7
ch:  35  121  129  120  120  125  124  106  114  105  106  106  115  108  110  114  116   94  106  106  111  117  123  106  111  107  108  122  114  127  124  111   15
ch:  36  121  127  118  115  125  116  123  122  109  115  108  105  106  104  115  109  106   98  106  109  117  115  114  105  120  118  112  119  115  118  130   13
ch:  37  110  122  121  124  107  115  117  109  117  119  110  121  108  108  115  122  102  106  123  107  110  107  109  101  110  115  110  108  124  125  132   12
ch:  38  130  114  117  119  124  125  120  119  106  119  121  105  120  116  102  123  116  110  109  116  119  117  103  118  121  117  120  120  133  119  123   12
ch:  39  107  123  132  115  127  118  124  105  120  121  104  121  116  134  120  107  110  108  114  122  116  116  114  120  111  121  124  121  125  119  115   15
ch:  40  115  131  129  116  113  116  120  117  129  107  119  125  123  118  109  115  106   -1  110  114  115  104  115  118  115  117  120  120  120  108  124   19
ch:  41  132  118  126  118  126  107  125  108  117  106  106  125  103   -1  106  100  110  108  113  118  130  110  126  118  125  117  122  116  125  125  124   18
ch:  42  128  116  115  117  106  123  116  116  121  109  124  122  105  107  114  120   93  113  105  118  109  119  116  100  124  107  106  117  121  118  121    9
ch:  43  126  123  126  130  119  130  108  117  114  119  113  118  118  116  106  118  122  133  108  106  122  121  124  118  118  117  107  112  129  132  123   13
ch:  44  120  124  124  116  124  108  118  115  118  115  100  105  118  116  118  118  103  120  116  117  120  105  119  110  108  116  120  125  110  125  124    4
ch:  45  119  123  131  119  124  129  119  106  124  119  120  118  115  115  110  119  106  117  121  117  118  110  101  121  125  106  122  124  123  121  130    7
ch:  46  108  123  123  121  123  116  110  115  107  115  118  120  116  111  111  123  118  108  118  108  111  106  111  116  121  107  117  104  123  124  131   14
ch:  47  131  125  119  126  121  104  134  120  124  127  115  117  115  117  115  100  121  116  106  117  115  114  130  135  123  120  117  119  130  120  125    7
ch:  48  125  115  120  137  115  115  125  127  118  101  106  108  109  117  115  107  119  107  104  115  120  120  107  116  114  118  116  124  115  127  118    9
ch:  49  120  115  124  116  106  118  103  123  119  117  113  114  116  118  116  116  115  118  117  116  110  121  118  122  117  115  127  126  117  128  125   16
ch:  50  130  129  121  130  125  116  120  117  116   99  107  109  118  122  110  104  110  116  106  109  107  122  121  121  116  109  113  122  121  123  117   16
ch:  51  120  126  121  121  127  117  117  122  120  123  107  122  105  115  111  114  115  121  105  121  125  125  107  122  114  118  125  139  122  134  123    6
ch:  52  128  118  122  113  128  107  113  116  100  109  116  116  111  102  116  111  114  108  103  109  108  122  106  112  124  108  117  131  119  119  127   18
ch:  53  120  132  124  120  119  122  115  115  117  119  119  122  123  105  122  116  106  119  103  119  124  107  121  122  118  120  117  126  119  126  125    6
ch:  54  107  118  121  125  130  125  108  102  123  124  109  105  121  110  116  107  114  115  105  105  113  115  104  116  116  107  124  121  126  119  118   21
ch:  55  118  120  123  118  121  122  115  116  127  108  108  109  121  110  122  119  118  124  121  117  123  125  123  120  123  120  133  125  130  131  137    6
ch:  56  127  116  116  114  122  109  129  108  103  117  116  102  105  116  104  114  106  120  114  122  105  110  111  121  119  115  120  111  113  117  108   20
ch:  57  120  123  125  124  117  115  116  120  115  118  121  106  106  110  105  118  111  102  113  116  116  116  124  111  127  120  123  123  121  125  131    8
ch:  58  111  122  117  128  118  108  118  121  107  113  118  115  106  118  105  104  113  110  119  104  120  117  117  114  118  116  107  121  117  114  114   12
ch:  59  125  131  120  117  121  116  120  117  120  122  109  109  106  115  110  120  117  122  117  108  122  122  124  134  130  124  123  124  125  121  125   14
ch:  60  134  120  115  133  121  121  123  116  117  109  121  117  114  118  123  110  107  123  119  131  121  116  125  120  123  114  117  134  120  135  138   15
ch:  61  123  118  148  117  124  104  126  118  118  104  119  109  125  117  118  108  119  119  117  110  118  120  111  117  118  127  125  133  127  135  147   25
ch:  62  117  125  131  121  125  116  115  124  116  109  119  106  109  107  107  115  107  113  116  116  110  108  103  122  126  114  108  124  117  115  120   15
ch:  63  121  122  121  123  124  133  110  115  120  118  118  118  112  121  125  107  117  108  127  125  123  123  115  106  123  115  127  133  130  130  133   20
ch:  64  126  123  122  117  117  115  110  102  120  110  119  110  114  105  109  118  116  119  121  119  127  120  115  121  124  119  126  118  118  124  125   29
ch:  65  107  121  122  122  125  119  123  118  119  125  106  119  118  107  120  119  114  115  114  121  110  134  107  119  119  109  121  126  120  128  122   16
ch:  66  134  126  131  132  108  126  116  120  118  128  124  124  104  114  119  108  107  120  115  106  109  118  115  120  115  121  126  123  126  118  121   19
ch:  67  129  121  123  108  118  116  110  129  125  123  124  118  108  102  120  122  118  109  115  114  121  123  121  118  125  118  122  122  130  124  132    8
ch:  68  121  120  125  124  104  119  119  115  109  107  119  125  110  103  105  122  109  121  114  118  109  104  118  110  110  120  116  125  125  132  123   14
ch:  69  123  136  134  123  121  120  119  132  124  107  113  117  115  111  115  105  120  120  121  119  125  125  116  130  123  122  123  133  126  130  126   21
ch:  70  125  125  123  120  120  123  126  116  118  117  108  113  109  117  117  115  116  114  115  101  109  116  117  121  125  121  122  123  117  121  133   15
ch:  71  119  123  116  122  125  134  110  122  119  115  109  119  115  120  108  115  117  119  110  118  122  117  126  121  126  122  132  124  124  135  138   20
ch:  72  123  119  122  119  135  116  115  116  116  114  111  116  102  114  108  114  115  118  116  124  117  119  116  108  109  107  117  120  121  121  133   22
ch:  73  120  119  124  124  121  130  122  118  117  115  119  118  111  120  120  117  119  117  122  124  123  123  120  127  126  126  130  133  133  133  132   23
ch:  74  130  124  125  122  109  118  125  107  107  131  113  115  115  117  109  107  114  105  118  115  101  123  107  118  126  130  122  125  108  119  123   13
ch:  75  119  122  121  131  117  133  120  108  121  110  128  116  118  108  115  121  118  126  111  119  129  123  127  133  123  123  137  125  131  125  133   21
ch:  76  130  134  118  117  121  117  110  111  118  116  117  118  104  105  119  109  117  119  108  108  115  119  117  115  119  122  108  122  126  124  131   12
ch:  77  125  120  123  114  120  120  117  118  129  122  120  111  118  110  117  101  116  120  107  122  108  111  119  126  125  119  120  126  118  126  125   16
ch:  78  126  116  117  123  131  114  131  115  103  108   98  117  119  118  103  115  111  113  103  102  118  114  115  107  108  110  110  120  124  124  134   18
ch:  79  120  122  123  107  116  110  122  118  118  109  111  115  112  119  108  120  119  121  121  115  107  123  120  116  107  124  118  132  126  134  132   17
ch:  80  124  118  124  121  116  111  123  110  115  114  105  105  103  109  116  117  115   99  108  107  108  117  108  122  124  109  115  119  119  124  123   14
ch:  81  124  108  122  121  110  111  129  121  108  115  114  104  117  120  121  115  111  108  116  119  109  115  119  135  119  120  117  122  117  122  119   17
ch:  82  121  118  111  115  125  122  121  103  116  120  122  109  107  122  121  111  109  110  121  104  118  119  103  116  113  115  119  125  116  118  119   25
ch:  83  123  124  122  124  118  110  115  118  116  121  121  109  119  126  109  117  119  108  124  109  119  116  119  114  123  123  121  120  135  130  131   18
ch:  84  122  125  110  108  126  120  115  126  122  122  118  109  109  116  118  110  104  122  108  109  108  106  117  118  118  121  121  129  119  128  122   16
ch:  85  117  125  120  125  115  122  121  123  131  116  118  109  109  121  106  105  116  117  118  122  120  123  116  126  121  122  127  123  121  118  123   11
ch:  86  125  125  118  121  119  115  106  121  121  118  109  121  110  113  118  121  118  121  108  112  117  121  117  116  123  111  118  120  122  119  130   15
ch:  87  110  121  126  120  125  120  118  122  122  116  109  122  109  117  105  123  125  119  112  115  119  119  120  115  121  107  110  119  125  125  131   12
ch:  88  125  127  121  119  116  117  119  109  115  118  108  105  119  108  116  124  120  118  120  116  117  105  123  118  118  119  119  114  124  132  119   17
ch:  89  108  134  123  109  130  120  104  124  115  106  119  130  121  106  123  105  121  114  114  120  110  117  114  107  119  123  117  118  121  122  120   11
ch:  90  123  124  120  119  117  117  126  109  114  125  110  116  115  109  118  121  117  103  119  107  114  119  118  118  105  122  118  121  122  123  122   21
ch:  91  118  123  126  117  121  118  117  125  123  116  120  124  118  119  106  109  116  118  119  115  119  113  108  126  126  106  126  101  130  120  139   12
ch:  92  123  120  129  121  124  106  110  116  116  108  117  117  114  121  108  118  116  119  111  105  116  108  105  115  124  118  117  126  117  117  126   23
ch:  93  122  110  116  128  114  110  125  122  107  119  114  121  106  116  117  106  117  106  118  113  118  120  114  127  113  117  123  114  126  124  123   10
ch:  94  120  117  120  117  116  111  125  130  109  108  117  119  114  106  117  108  106  104  118  105  111  116  115  117  114  121  119  121  116  118  123   21
ch:  95  118  124  119  117  124  119  116  126  118  123  109  110  117  117  110  125  107  118  116  118  123  133  120  124  107  117  129  124  115  131  120   17
ch:  96  122  120  126  120  121  104  126  100  118  119  114  107  104  118  107  121  106  108  107  104  124  104  119  116  117  106  120  124  126  122  123   29
ch:  97  110  124  134  120  125  121  116  122  118  109  122  118  103  121  123  115  117  120  120  122  104  118  123  125  107  120  124  133  126  133  125   16
ch:  98  119  110  122  122  119  118  119  125  121  119  116  107  111  121  108  116  109  102  104  104  120  119  124  121  104  118  104  119  115  116  110   19
ch:  99  123  108  124  122  121  119  119  115  119  121  116  118  116  117  117  116  124  109  122  119  120  118  119  117  123  118  121  127  116  123  124   11
ch: 100  122  119  119  122  131  122  123  120  115  121  112  101  122  116  115  120  121  110  116  107  106  123  123  114  115  119  111  116  126  123  115   17
ch: 101  130  124  126  121  123  122  122  119  109  109  121  107  123  118  117  118  122  116  114  118  108  125  105  108  123  121  124  125  124  131  132   23
ch: 102  123  122  123  119  116  116  117  117  108  105  116  120  118   99  120  116  107  117  106  109  104  107  108  111  117  116  117  109  106  122  130   21
ch: 103  125  119  120  126  126  115  122  122  120  120  118  109  121  117  119  115  119  121  109  120  117  123  102  115  117  119  131  116  122  131  130   13
ch: 104  138  127  134  118  130  121  118  108  118  120  118  117  113  110  115  110  110  116  115  113  118  119  116  108  109  121  123  125  115  121  133   13
ch: 105  122  110  127  131  129  122  118  121  115  114  109  116  111  125  116  104  101  115  116  114  116  106  122  107  119  111  122  131  119  124  120   21
ch: 106  106  118  118  115  110  127  117  127  109  115  119  120  104  103  104  110  115  110  109  106  116  108  107  119  108  118  106  119  109  119  126   16
ch: 107  123  120  117  126  117  118  109  126  106  118  120  120  120  107  107  107  109  117  119  122  116  118  121  110  122  107  122  125  120  121  126   13
ch: 108  123  122  111  130  118  122  122  123  120  116  111  116  107  116  120  111  115  118  115  116  109  116  116  119  117  114  112  117  122  124  125    7
ch: 109  137  127  117  120  132  108  120  113  109  116  107  118  108  110  115  115  117  118  123  109  122  115  116  122  122  117  119  131  116  129  134   10
ch: 110  118  129  123  115  125  119  108  106  111  117  119  115  104  101  101  109  117   94  110  106  104  107  107  116  119  110  119  119  108  115  118   20
ch: 111  108  119  124  116  126  117  122  116  118  115  120  123  117  120  118  120  116  117  102  121  119  118  110  120  119  116  110  119  122  117  140   15
ch: 112  135  123  139  123  114  119  108  120  115  106  107  116  102  110  119  116  114  109  120  125  117  104  115  103  107  125  114  120  116  121  131   21
ch: 113  130  132  122  123  124  125  120  122  110  116  108  108  110  106  118  104  117  108  116  114  108  117  119  108  123  104  139  119  125  131  121    8
ch: 114  126  120  111  117  123  110  118  116  103  107  119  105  117  118  101  104  107  116  116  122  115  106  110  116  120  118  118  120  115  124  120   14
ch: 115  119  122  117  127  132  123  116  117  115  106  106  118  117  105  115  104  121  124  109  117  110  111  109  120  121  129  120  123  136  142  133   13
ch: 116  119  107  115  120  110  116  116  122  117  120  120  114  116  106  124  109  106  119   99  104  109  120  123  118  103  102  118  110  117  126  124   12
ch: 117  124  124  109  117  107  116  106  115  121  117  126  113  110  119  120  106  114  103  117  105  122  108  119  120  125  122  122  125  118  107  121   10
ch: 118  124  117  119  120  120  115  106  119  123  110  110  120  116  120  109  116  108  107  103  121  107  117  102  110  106  118  117  118  114  115  123    9
ch: 119  133  121  119  119  108  124  123  121  110  117  115  106  119  116  119  111   -1  116  120  113  106  104  102  119  105  115  127  126  116  123  121   12
ch: 120  125  117  116  114  119  116  108  107  121  123  115  117  117  103  123  106  110  116  108  108  106  110  121  117  117  115  109  118  116  122  120   14
ch: 121  121  125  125  126  121  120  120  122  121  110  114  110  108  116  102  118  117  105  117  119  106  116  116  119  107  121  118  120  125  131  131   10
ch: 122  133  120  121  132  109  117  124  120  117  113  107  110  121  106  105  118  107  118  115  119  117  118  114  118  105  107  104  109  123  120  120    9
ch: 123  125  124  118  121  117  117  121  118  119  110  118  117  126  115  123  119  124  105  105  115  118  118  120  120  120  114  116  131  132  124  136    5
ch: 124  123  125  131  126  110  123  115  102  121  106  125  116  115  113  121  111  102  116  117  106  107  104  117  123  111  122  106  117  124  122  118   15
ch: 125  123  124  123  122  130  117  117  116  124  131  107  124  115  118  121  115  117  113  105  110  118  126  117  122  123  137  116  123  132  130  135   10
ch: 126  122  122  121  126  115  106  107  116  117  116  118  107  118  109  114  113  108  107  122  107  109  103  114  116  116  114  122  114  124  132  135   13
ch: 127  131  138  123  129  124  126  131  131  120  135  122  125  120  123  122  133  130  141  129  126  130  125  130  129  134  134  140  134  136  147  133   10
