ch    0:      0     0     0     0     0     0     0     0     0     0     0     0     0     0     0     0     0     0     0     0     0     3    17    57   272   569  2250 11072  9900  7945 10629  8445
ch    1:      0     0     0     0     0     0     0     0     0     0     0     0     0     0     0     0     0     0     0     0     0     0     1    23    95   690  3386  7000 10802  8861 14005 10613
ch    2:      0     0     0     0     0     0     0     0     0     0     0     0     0     0     0     0     0     0     0     0     0     0     0    11   125   601  3128 12935  3627 16616  9547 13142
ch    3:      0     0     0     0     0     0     0     0     0     0     0     0     0     0     0     0     0     0     0     0     0     0     0     2    26   248  5431 10297 11165  9475  9219 14844
ch    4:      0     0     0     0     0     0     0     0     0     0     0     0     0     0     0     0     0     0     0     0     0     0     0     0    12   148  3409  9476  6542  6869  9160  8277
ch    5:      0     0     0     0     0     0     0     0     0     0     0     0     0     0     0     0     0     0     0     0     0     0     0     0    16   408  4282  8530 12774 10034  8404  7501
ch    6:      0     0     0     0     0     0     0     0     0     0     0     0     0     0     0     0     0     0     0     0     0     0     0     1    11   120  6549  7765 12627  9372 10245  9902
ch    7:      0     0     0     0     0     0     0     0     0     0     0     0     0     0     0     0     0     0     0     0     0     0     0     0    16   392  8439  8990 10267  7951 17194 11628
ch    8:      0     0     0     0     0     0     0     0     0     0     0     0     0     0     0     0     0     0     0     0     0     0     0     0     3   212  5556  9391  7881 11638 12081 13134
ch    9:      0     0     0     0     0     0     0     0     0     0     0     0     0     0     0     0     0     0     0     0     0     0     0     0    19   412  7643 14771  8991 14507  8344  7764
ch   10:      0     0     0     0     0     0     0     0     0     0     0     0     0     0     0     0     0     0     0     0     0     0     4     1  3128   171  4598 14418 11255 12601  8114  9291
ch   11:      0     0     0     0     0     0     0     0     0     0     0     0     0     0     0     0     0     0     0     0     0     0     0     0    22   420 14276  6683 10345 12273 11585 12842
ch   12:      0     0     0     0     0     0     0     0     0     0     0     0     0     0     0     0     0     0     0     0     0     0     0     1    12   349 10255 13204  9907  9668  9315 15981
ch   13:      0     0     0     0     0     0     0     0     0     0     0     0     0     0     0     0     0     0     0     0     0     0     0     1    24   356 12904 13824 10609  7998 13966  9588
ch   14:      0     0     0     0     0     0     0     0     0     0     0     0     0     0     0     0     0     0     0     0     0     0     0     0     8   508 10826 10413  9445  5341  8448  7792
ch   15:      0     0     0     0     0     0     0     0     0     0     0     0     0     0     0     0     0     0     0     0     0     0     0     0    23   417 14271  9288 10377 13682 13326  7335
ch   16:      0     0     0     0     0     0     0     0     0     0     0     0     0     0     0     0     0     0     0     0     0     0     0     0    13   317  7499  9206  9782 11448 11505  7001
ch   17:      0     0     0     0     0     0     0     0     0     0     0     0     0     0     0     0     0     0     0     0     0     0     0     0    22   921  5982  4905  9357  9864 11248  8725
ch   18:      0     0     0     0     0     0     0     0     0     0     0     0     0     0     0     0     0     0     0     0     0     0     0     0    17   385 10272  9094  9661  5383  6772 12701
ch   19:      0     0     0     0     0     0     0     0     0     0     0     0     0     0     0     0     0     0     0     0     0     0     0     0    51   752 16774 12383  8069 10378 15332 11007
ch   20:      0     0     0     0     0     0     0     0     0     0     0     0     0     0     0     0     0     0     0     0     0     0     0     0    13   898 15583  8403 13908 13998 12878 10684
ch   21:      0     0     0     0     0     0     0     0     0     0     0     0     0     0     0     0     0     0     0     0     0     0     0     3    17  1278 12588 12011 12615  8966  9352  9638
ch   22:      0     0     0     0     0     0     0     0     0     0     0     0     0     0     0     0     0     0     0     0     0     0     0     0    13   941  3435 12293 11729 10072 12137 10239
ch   23:      0     0     0     0     0     0     0     0     0     0     0     0     0     0     0     0     0     0     0     0     0     0     0     0    25   687  7678 15589  8286  8734 10826  6588
ch   24:      0     0     0     0     0     0     0     0     0     0     0     0     0     0     0     0     0     0     0     0     0     0     0     0    18   470  6049 15085 10280 10319 10505  8684
ch   25:      0     0     0     0     0     0     0     0     0     0     0     0     0     0     0     0     0     0     0     0     0     0     0     1     6   822 11557 10292  8895 10459  9673  8722
ch   26:      0     0     0     0     0     0     0     0     0     0     0     0     0     0     0     0     0     0     0     0     0     0     0     0    26   994  4784  9827 12502  2566 11587 16456
ch   27:      0     0     0     0     0     0     0     0     0     0     0     0     0     0     0     0     0     0     0     0     0     0     0     3    24   747  9225 13819 11141  8911 16547  5983
ch   28:      0     0     0     0     0     0     0     0     0     0     0     0     0     0     0     0     0     0     0     0     0     0     0     1     5   567  6614 14489 10855 13293  5102  9676
ch   29:      0     0     0     0     0     0     0     0     0     0     0     0     0     0     0     0     0     0     0     0     0     0     0     0    17  1227  8949 11611  9258 13330 11301  6989
ch   30:      0     0     0     0     0     0     0     0     0     0     0     0     0     0     0     0     0     0     0     0     0     0     0     0    30   728 18196  6428  7712  9551 10163 12275
ch   31:      0     0     0     0     0     0     0     0     0     0     0     0     0     0     0     0     0     0     0     0     0     0     0     1    58  1914 11549 13711  7486 10516  7286  5314
ch   32:      0     0     0     0     0     0     0     0     0     0     0     0     0     0     0     0     0     0     0     0     0     0     0     1    14   815  3697 11102  7288 10909 13905  3922
ch   33:      0     0     0     0     0     0     0     0     0     0     0     0     0     0     0     0     0     0     0     0     0     0     0     3    33  1603  5827 12142  6721 12454  9941 11511
ch   34:      0     0     0     0     0     0     0     0     0     0     0     0     0     0     0     0     0     0     0     0     0     0     0     0    39   892  5640 14737 11129  5280 10573 12406
ch   35:      0     0     0     0     0     0     0     0     0     0     0     0     0     0     0     0     0     0     0     0     0     0     0     0    50  1204 15758 14432  9209 13419 10446 12708
ch   36:      0     0     0     0     0     0     0     0     0     0     0     0     0     0     0     0     0     0     0     0     0     0     0     0    23  1183  5411 10049 12174 13621  9609 13199
ch   37:      0     0     0     0     0     0     0     0     0     0     0     0     0     0     0     0     0     0     0     0     0     0     0     0    81  1740  5084  7183 14999 14077  8841 16400
ch   38:      0     0     0     0     0     0     0     0     0     0     0     0     0     0     0     0     0     0     0     0     0     0     0     0    20   819  7701 11348 11091  7260 11293  7426
ch   39:      0     0     0     0     0     0     0     0     0     0     0     0     0     0     0     0     0     0     0     0     0     0     0     2    78  2056  8051 10996  7521 15639 11579  6007
ch   40:      0     0     0     0     0     0     0     0     0     0     0     0     0     0     0     0     0     0     0     0     0     0     0     1    35  1297 12274  6541  9898 12136 15014 10646
ch   41:      0     0     0     0     0     0     0     0     0     0     0     0     0     0     0     0     0     0     0     0     0     0     0     1    31  1099 16059 10623 10986  3793 11709  8418
ch   42:      0     0     0     0     0     0     0     0     0     0     0     0     0     0     0     0     0     0     0     0     0     0     0     0    19  1426 18228 11261  3347 13107 12215 14185
ch   43:      0     0     0     0     0     0     0     0     0     0     0     0     0     0     0     0     0     0     0     0     0     0     0     1    97  2880 11698 13852 11295 16259  9122 11963
ch   44:      0     0     0     0     0     0     0     0     0     0     0     0     0     0     0     0     0     0     0     0     0     0     0     1    40  1614 16672 13177 11846 11086 11402 11274
ch   45:      0     0     0     0     0     0     0     0     0     0     0     0     0     0     0     0     0     0     0     0     0     0     0     3  5344  1711  6620 12313  9492  7318 11125  6175
ch   46:      0     0     0     0     0     0     0     0     0     0     0     0     0     0     0     0     0     0     0     0     0     0     0     1    48  1198  6440  6204  9181  8293 11219  8787
ch   47:      0     0     0     0     0     0     0     0     0     0     0     0     0     0     0     0     0     0     0     0     0     0     0     2   112  4749 13282 12837  9630  9533 10248  7180
ch   48:      0     0     0     0     0     0     0     0     0     0     0     0     0     0     0     0     0     0     0     0     0     0     0     0    37  1840  3639 11093  8722 10737  9002 12488
ch   49:      0     0     0     0     0     0     0     0     0     0     0     0     0     0     0     0     0     0     0     0     0     0     0     4   101  4709  8611 10756  9946 13380 11929 10736
ch   50:      0     0     0     0     0     0     0     0     0     0     0     0     0     0     0     0     0     0     0     0     0     0     0     0    73  1414  5416  4914 11052  6889 13917 10382
ch   51:      0     0     0     0     0     0     0     0     0     0     0     0     0     0     0     0     0     0     0     0     0     0     0     6    93  5060  6297 11029  7955 12639 11743 11748
ch   52:      0     0     0     0     0     0     0     0     0     0     0     0     0     0     0     0     0     0     0     0     0     0     0     1    37  1436 11506 11279 14308 14336  9434 12485
ch   53:      0     0     0     0     0     0     0     0     0     0     0     0     0     0     0     0     0     0     0     0     0     0     1     4   103  4685 14674  8650 11493 12780 12720 10107
ch   54:      0     0     0     0     0     0     0     0     0     0     0     0     0     0     0     0     0     0     0     0     0     0     0     0    32  1381 14674  7803  4707 10635  9220 13823
ch   55:      0     0     0     0     0     0     0     0     0     0     0     0     0     0     0     0     0     0     0     0     0     1     0     2   145  5514  8081  9008 11392  9223  9192  9360
ch   56:      0     0     0     0     0     0     0     0     0     0     0     0     0     0     0     0     0     0     0     0     0     0     0     1    80  3956 14684  9484  7471 13021 15115 11891
ch   57:      0     0     0     0     0     0     0     0     0     0     0     0     0     0     0     0     0     0     0     0     0     0     0     3   110  4943 12983 11710  9710  8000 12737  9034
ch   58:      0     0     0     0     0     0     0     0     0     0     0     0     0     0     0     0     0     0     0     0     0     0     0     1    67  1558 14021 11716 10693 12796 13049  7421
ch   59:      0     0     0     0     0     0     0     0     0     0     0     0     0     0     0     0     0     0     0     0     0     0     0     3   170  5485  7728 10842  9527 11997  9660  6808
ch   60:      0     0     0     0     0     0     0     0     0     0     0     0     0     0     0     0     0     0     0     0     0     0     0     0    52  2463  6645 10270 13333 15496  8465 10851
ch   61:      0     0     0     0     0     0     0     0     0     0     0     0     0     0     0     0     0     0     0     0     0     0     0     2   191  8582 10974 12537  9519  7879  9572 11782
ch   62:      0     0     0     0     0     0     0     0     0     0     0     0     0     0     0     0     0     0     0     0     0     0    10     1    39  2782  9845  9726  8550 10940 12426  6904
ch   63:      0     0     0     0     0     0     0     0     0     0     0     0     0     0     0     0     0     0     0     0     0     0     0     9   194  6903 11131 13503 11778 10966  8067 12477
ch   64:      0     0     0     0     0     0     0     0     0     0     0     0     0     0     0     0     0     0     0     0     0     0     0     0    63  4693  9264  7590  7393 11892 10928 12477
ch   65:      0     0     0     0     0     0     0     0     0     0     0     0     0     0     0     0     0     0     0     0     0     0     0     6   185  3296 11065  4691 11223 11854 10008  9466
ch   66:      0     0     0     0     0     0     0     0     0     0     0     0     0     0     0     0     0     0     0     0     0     0     0     0    83  2551  7299 16052  7864 10082 13352 11151
ch   67:      0     0     0     0     0     0     0     0     0     0     0     0     0     0     0     0     0     0     0     0     0     0     0     3   329  7575 10452  8434  8703 11801 13000  7292
ch   68:      0     0     0     0     0     0     0     0     0     0     0     0     0     0     0     0     0     0     0     0     0     0     0     0    81  3458 10465  7670 10430  9253 12717  7259
ch   69:      0     0     0     0     0     0     0     0     0     0     0     0     0     0     0     0     0     0     0     0     0     0     0     4   222  9626  7738 10936 10589 11753  8834 13172
ch   70:      0     0     0     0     0     0     0     0     0     0     0     0     0     0     0     0     0     0     0     0     0     0     0     0    45  2869 18615 14731  7046  8458 10934  9411
ch   71:      0     0     0     0     0     0     0     0     0     0     0     0     0     0     0     0     0     0     0     0     0     0     0     7   264  8528 10399  6757 11117  5068 10932 10336
ch   72:      0     0     0     0     0     0     0     0     0     0     0     0     0     0     0     0     0     0     0     0     0     0     0     0    75  3995  6890  9711  8774  8410  9322 16365
ch   73:      0     0     0     0     0     0     0     0     0     0     0     0     0     0     0     0     0     0     0     0     0     0     0     7   260  4992  9153 12707 12337 14324  9810 12596
ch   74:      0     0     0     0     0     0     0     0     0     0     0     0     0     0     0     0     0     0     0     0     0     0     0     0   167  4734 10914  7513 14382 12027 11711 11955
ch   75:      0     0     0     0     0     0     0     0     0     0     0     0     0     0     0     0     0     0     0     0     0     0     0     6   283  6976 11717  7646  7425 11107  7885 11013
ch   76:      0     0     0     0     0     0     0     0     0     0     0     0     0     0     0     0     0     0     0     0     0     0     0     3   108  6307  9766  3993  9539 13351  8401 11410
ch   77:      0     0     0     0     0     0     0     0     0     0     0     0     0     0     0     0     0     0     0     0     0     0     0     5   225  4670  6870  6564  9810 13104 12202 12526
ch   78:      0     0     0     0     0     0     0     0     0     0     0     0     0     0     0     0     0     0     0     0     0     0     0     1    65  3565 12599  8499 16140  7222 15199  6779
ch   79:      0     0     0     0     0     0     0     0     0     0     0     0     0     0     0     0     0     0     0     0     0     0     0     8   300  7158  9173 12778 14308  8632 12858 13846
ch   80:      0     0     0     0     0     0     0     0     0     0     0     0     0     0     0     0     0     0     0     0     0     0     0     6    84  2834  8243  8415  6620  8269 11678 10157
ch   81:      0     0     0     0     0     0     0     0     0     0     0     0     0     0     0     0     0     0     0     0     0     0     0     7   309  5583  9473  3652 10037 10687 14096  5574
ch   82:      0     0     0     0     0     0     0     0     0     0     0     0     0     0     0     0     0     0     0     0     0     0     0     0    57  4921 12458  9213 10480 10062 15338 16085
ch   83:      0     0     0     0     0     0     0     0     0     0     0     0     0     0     0     0     0     0     0     0     0     0     1    11   428 10678  8768  5234 12729  8332  7279  7140
ch   84:      0     0     0     0     0     0     0     0     0     0     0     0     0     0     0     0     0     0     0     0     0     0     0     1   118  5177 10950 10443 12955 10813 13576  9932
ch   85:      0     0     0     0     0     0     0     0     0     0     0     0     0     0     0     0     0     0     0     0     0     0     0     6   358  9657  7286 11788 11499 12597  7826  9099
ch   86:      0     0     0     0     0     0     0     0     0     0     0     0     0     0     0     0     0     0     0     0     0     0     0     0    51  2540  6276  8528  3705 13103  7599 13518
ch   87:      0     0     0     0     0     0     0     0     0     0     0     0     0     0     0     0     0     0     0     0     0     0     0     5   324  9335 10570  9645 10407 10481  8496 14717
ch   88:      0     0     0     0     0     0     0     0     0     0     0     0     0     0     0     0     0     0     0     0     0     0     0     2    39  5263  7475 11411  9074  8466  9667  8350
ch   89:      0     0     0     0     0     0     0     0     0     0     0     0     0     0     0     0     0     0     0     0     0     0     1     5   214  5338 13313 10715 10120  7965  7932 10128
ch   90:      0     0     0     0     0     0     0     0     0     0     0     0     0     0     0     0     0     0     0     0     0     0     0     2   100  6317  8031  8640 13071 13890 12023 10700
ch   91:      0     0     0     0     0     0     0     0     0     0     0     0     0     0     0     0     0     0     0     0     0     0     1    18   237  6619  9480  9172  9388  5092 13549  5385
ch   92:      0     0     0     0     0     0     0     0     0     0     0     0     0     0     0     0     0     0     0     0     0     0     0     0   104  3724  8798 14278  9945 13539 13013 11850
ch   93:      0     0     0     0     0     0     0     0     0     0     0     0     0     0     0     0     0     0     0     0     0     0     0     4   321  8249 13634  6220  7438 12066 12307 12730
ch   94:      0     0     0     0     0     0     0     0     0     0     0     0     0     0     0     0     0     0     0     0     0     0     0     0    79  5527 10788 12276  7791 14877  7587  6153
ch   95:      0     0     0     0     0     0     0     0     0     0     0     0     0     0     0     0     0     0     0     0     0     0     0     4   490 11554  6655  8237 14408  9890  7040  7307
ch   96:      0     0     0     0     0     0     0     0     0     0     0     0     0     0     0     0     0     0     0     0     0     0     0     2    81  5880 10493 10247  8762  9158 11679 15781
ch   97:      0     0     0     0     0     0     0     0     0     0     0     0     0     0     0     0     0     0     0     0     0     0     0     3   174  6735 13688 10151 11800  9453 10137 12561
ch   98:      0     0     0     0     0     0     0     0     0     0     0     0     0     0     0     0     0     0     0     0     0     0     0     0   134  6931 10697 10202  8022  8391  8582 10355
ch   99:      0     0     0     0     0     0     0     0     0     0     0     0     0     0     0     0     0     0     0     0     0     0     0     3   113 11157 12779 12050  9556  6174  5853 11356
ch  100:      0     0     0     0     0     0     0     0     0     0     0     0     0     0     0     0     0     0     0     0     0     0     0     1   277  3809 12783  7743  7326 11491 14051 11822
ch  101:      0     0     0     0     0     0     0     0     0     0     0     0     0     0     0     0     0     0     0     0     0     0     0     8   252  7564 15104 10852 10923 11337 14525 12088
ch  102:      0     0     0     0     0     0     0     0     0     0     0     0     0     0     0     0     0     0     0     0     0     0     0     3    58  3536 12331  9161 14669  9058 12493  9618
ch  103:      0     0     0     0     0     0     0     0     0     0     0     0     0     0     0     0     0     0     0     0     0     0     0     4   223 16995 10562  8662 11098  9328 11530 11334
ch  104:      0     0     0     0     0     0     0     0     0     0     0     0     0     0     0     0     0     0     0     0     0     0     0     2   112  4368 11565 16166  9036  9360  5477  8521
ch  105:      0     0     0     0     0     0     0     0     0     0     0     0     0     0     0     0     0     0     0     0     0     0     0     5   180 13656 12294 11418  8397  8372  9336 14467
ch  106:      0     0     0     0     0     0     0     0     0     0     0     0     0     0     0     0     0     0     0     0     0     0     0     0    85  4321  8515  9687  7826  8935  9941 10518
ch  107:      0     0     0     0     0     0     0     0     0     0     0     0     0     0     0     0     0     0     0     0     0     0     0     4   270  7385 12490 12319 11932 10463  7365  8554
ch  108:      0     0     0     0     0     0     0     0     0     0     0     0     0     0     0     0     0     0     0     0     0     0     0     1   100  5536  8126  8859 17740 12185  7703  9073
ch  109:      0     0     0     0     0     0     0     0     0     0     0     0     0     0     0     0     0     0     0     0     0     0     1     4   145  8804 14414  6362 15899  6841 11264 12158
ch  110:      0     0     0     0     0     0     0     0     0     0     0     0     0     0     0     0     0     0     0     0     0     0     0     1    68  3835  8388  8049 10326  9270  8816 11558
ch  111:      0     0     0     0     0     0     0     0     0     0     0     0     0     0     0     0     0     0     0     0     0     0     0     1   161  9329 11193 10053  8646 11374 14580 11117
ch  112:      0     0     0     0     0     0     0     0     0     0     0     0     0     0     0     0     0     0     0     0     0     0     0     0    85  3585  9410 10193 10105  7799 11873 10747
ch  113:      0     0     0     0     0     0     0     0     0     0     0     0     0     0     0     0     0     0     0     0     0     0     0     2   131  5483  8396 12118  9287  7172 10300  9497
ch  114:      0     0     0     0     0     0     0     0     0     0     0     0     0     0     0     0     0     0     0     0     0     0     0     1   166  4439  7962 12965  8352 10280 10664 12658
ch  115:      0     0     0     0     0     0     0     0     0     0     0     0     0     0     0     0     0     0     0     0     0     0     0     2   318  5295 12342 11823 10416 11081  5723 13263
ch  116:      0     0     0     0     0     0     0     0     0     0     0     0     0     0     0     0     0     0     0     0     0     0     0     0   110  5315 11038 11493 12944 14627  9201 15309
ch  117:      0     0     0     0     0     0     0     0     0     0     0     0     0     0     0     0     0     0     0     0     0     0     0     4   188 14852 12455  7609  5506  9343 12303 12264
ch  118:      0     0     0     0     0     0     0     0     0     0     0     0     0     0     0     0     0     0     0     0     0     0     0     1   148  5650  9144 10325  7413 11600 12435 16127
ch  119:      0     0     0     0     0     0     0     0     0     0     0     0     0     0     0     0     0     0     0     0     0     0     1     2   157 15105 12546 10741  8231  9898 16178  4369
ch  120:      0     0     0     0     0     0     0     0     0     0     0     0     0     0     0     0     0     0     0     0     0     0     0     0   152  3597 13478  8153  8933 13492  7218  7114
ch  121:      0     0     0     0     0     0     0     0     0     0     0     0     0     0     0     0     0     0     0     0     0     0     0     3   133  4467 10282  8179 10990 10686  8896 10624
ch  122:      0     0     0     0     0     0     0     0     0     0     0     0     0     0     0     0     0     0     0     0     0     0     0     1    89  3204 11044  9278  8405  8585 10941  9423
ch  123:      0     0     0     0     0     0     0     0     0     0     0     0     0     0     0     0     0     0     0     0     0     0     0     8   247 10302  7484 12705 12983  9042  9463  5757
ch  124:      0     0     0     0     0     0     0     0     0     0     0     0     0     0     0     0     0     0     0     0     0     0     0     2   213 14516 12816  5132  9560  8234 12022  7608
ch  125:      0     0     0     0     0     0     0     0     0     0     0     0     0     0     0     0     0     0     0     0     0     0     0    18   481  7570 11016 10943  7671  9572 14237 11168
ch  126:      0     0     0     0     0     0     0     0     0     0     0     0     0     0     0     0     0     0     0     0     0     0     1     2    65 10965  9796  9688  8393  7187 13665 12974
ch  127:      0     0     0     0     0     0     0     0     0     0     0     0     0     0     0     0     0     0     0     0     0     0     0     5   490  8937 12374 11316  9569 10260 11440  8212
