# ID XA-000-08-002-000-004-016-15
# Tag _trim_
# Date 240426_19:14:09
# Vref_p 57
# Vref_n 24
# Thr2_glb 50
# Vref_t 118
# Vref_t_range 1
# Pol 0
# ADC range 30-247
# FAST disc 30
ch:   0  134  116  116  122  126  122  130  125  115  114  126  126  123  110  122  132  121  123  124  131  119  120  118  117  117  118  120  132  126  119  125   46
ch:   1  123  122  125  130  131  119  123  120  125  132  137  122  132  133  133  125  148  131  123  131  134  143  135  140  134  149  154  132  139  155  149   56
ch:   2  120  116  122  126  132  118  126  130  119  126  127  117  130  130  131  130  125  133  119  134  129  122  122  118  127  134  124  130  117  131  121   56
ch:   3  126  127  125  133  115  132  120  134  132  132  121  133  130  136  137  137  147  133  123  137  137  147  146  137  137  133  136  135  147  140  142   56
ch:   4  115  108  115  127  120  124  135  116  125  130  122  123  126  119  127  121  109  120  120  132  120  127  118  121  116  128  123  125  119  136  123   56
ch:   5  121  121  131  107  124  137  126  124  137  136  125  130  130  125  131  121  131  133  136  138  134  137  124  136  134  126  133  121  146  148  148   56
ch:   6  117  124  119  120  106  122  114  135  110  120  115  111  131  121  118  121  123  131  119  123  117  121  119  120  122  132  116  130  117  122  147   56
ch:   7  132  122  124  127  137  124  130  104  135  122  133  130  126  127  130  124  130  139  149  140  138  146  134  137  132  136  141  134  148  143  138   56
ch:   8  118  124  133  130  115  108  136  129  124  123  125  123  122  125  123  126  131  120  132  129  131  121  127  119  122  123  125  126  134  130  135   56
ch:   9  122  132  109  121  124  126  126  126  122  132  124  124  132  121  137  123  131  123  124  132  127  130  121  135  122  137  134  140  124  135  145   56
ch:  10  121  125  116  121  119  116  130  130  131  125  111  119  104  120  118  120  108  124  120  121  105  125  136  131  133  126  122  121  119  133  133   52
ch:  11  123  126  122  121  115  131  119  132  124  122  121  139  125  118  123  131  126  129  119  124  133  126  125  131  126  124  142  127  142  122  136   56
ch:  12  123  122  119  132  124  122  121  131  108  121  120  130  126  124  121  104  120  124  117  121  114  114  105  123  122  121  131  123  135  120  131   46
ch:  13  115  122  120  126  124  124  137  127  125  116  129  133  124  130  125  136  151  136  124  132  126  136  134  131  137  134  139  131  134  142  134   56
ch:  14  126  110  122  120  119  125  131  129  122  125  131  122  132  117  125  107  121  118  135  138  125  122  120  126  119  121  119  131  130  126  125   51
ch:  15  111  122  132  121  124  123  130  131  121  122  134  134  132  136  118  138  118  133  135  127  131  124  126  133  137  134  135  136  131  137  136   56
ch:  16  117  120  119  125  130  131  119  126  131  122  119  122  122  124  123  126  123  114  118  121  121  122  118  129  126  126  122  124  122  137  131   44
ch:  17  130  121  125  121  124  126  119  135  135  131  120  128  134  122  137  149  122  131  132  137  136  136  139  131  131  133  140  138  135  137  148   56
ch:  18  121  121  127  130  126  119  125  123  117  121  121  121  116  123  122  120  117  123  122  124  122  122  122  135  130  134  125  132  125  130  132   56
ch:  19  130  120  132  121  119  127  135  130  138  126  126  133  124  134  136  131  134  136  131  137  136  140  136  138  134  140  148  137  129  150  137   56
ch:  20  119  121  123  123  122  131  131  133  132  121  113  123  124  124  103  131  131  120  134  126  132  124  126  118  122  120  139  134  126  135  137   38
ch:  21  132  124  123  122  130  131  129  131  135  124  122  137  131  122  130  122  132  135  148  131  135  129  138  131  136  133  148  149  126  134  135   56
ch:  22  131  135  103  116  122  118  120  109  105  117  111  125  125  115  122  120  111  119  122  116  118  120  135  133  125  136  129  133  129  122  127   45
ch:  23  118  120  137  124  131  137  124  118  129  130  137  131  133  133  128  136  133  133  133  131  132  126  134  136  135  136  124  139  136  132  136   56
ch:  24  124  137  121  121  118  124  134  123  121  131  126  135  121  121  136  119  121  124  135  123  124  130  131  132  123  118  130  122  132  135  134   47
ch:  25  121  124  131  121  133  120  130  125  135  132  138  132  127  134  122  127  140  134  134  129  139  140  130  138  134  130  141  145  138  150  136   56
ch:  26  106  132  122  130  130  110  116  123  120  131  123  122  125  121  119  126  122  122  119  123  126  115  123  123  116  108  128  133  131  136  132   44
ch:  27  123  127  127  117  131  122  138  118  131  127  139  130  126  124  126  132  131  136  135  124  131  126  136  127  134  140  149  146  141  141  132   56
ch:  28  103  123  119  126  116  125  122  123  118  111  121  108  119  127  125  121  129  124  117  126  120  117  122  120  138  129  123  122  134  133  137   42
ch:  29  133  137  136  134  118  106  124  111  119  130  138  137  127  124  133  135  125  124  141  125  126  134  134  126  136  133  137  148  146  144  147   56
ch:  30  118  124  134  120  125  124  134  117  116  130  122  121  122  123  125  126  121  121  114  132  131  120  132  135  126  133  127  125  130  136  133   39
ch:  31  132  121  127  124  125  124  131  132  124  117  133  126  130  134  135  131  132  132  137  126  127  129  135  148  140  150  127  135  139  153  137   56
ch:  32  123  119  124  122  124  118  121  127  121  120  121  119  115  116  121  123  120  121  132  132  120  115  117  118  122  127  132  121  134  130  132   32
ch:  33  132  120  122  132  133  125  131  123  129  126  132  134  131  130  133  133  121  140  125  137  127  133  131  124  125  137  142  139  149  135  156   56
ch:  34  121  123  123  129  125  131  118  126  126  114  126  119  136  119  136  138  119  124  122  125  125  133  122  126  132  122  133  126  130  125  138   51
ch:  35  124  124  124  131  117  126  123  126  126  120  126  124  132  124  130  138  126  130  139  138  133  138  123  135  132  137  138  139  132  149  148   56
ch:  36  125  120  125  126  125  123  120  128  118  117  117  131  121  114  117  121  117  120  124  121  119  122  106  110  120  116  128  130  119  132  121   37
ch:  37  125  120  132  137  134  124  137  129  120  120  133  124  133  133  132  137  139  127  139  127  137  136  134  137  139  147  138  148  140  148  154   56
ch:  38  124  120  124  124  121  125  118  124  118  109  118  121  129  120  125  137  121  118  126  135  132  134  131  126  142  126  125  139  123  136  138   33
ch:  39  126  123  125  117  132  129  122  137  118  123  122  133  135  139  126  125  140  124  132  130  138  135  132  142  135  150  139  146  134  136  142   56
ch:  40  121  129  115  124  125  118  124  135  121  122  134  135  116  132  122  124  125  121  124  134  122  124  130  130  117  119  135  134  125  126  123   33
ch:  41  133  131  127  121  124  126  130  133  118  121  133  126  131  122  140  135  125  129  133  124  131  142  132  130  138  142  140  150  150  139  149   56
ch:  42  111  116  116  125  118  116  120  118  116  131  123  125  122  121  119  123  126  130  116  124  121  133  123  124  125  119  133  124  123  137  139   35
ch:  43  119  125  125  117  121  125  121  135  125  122  116  131  137  132  120  134  141  139  130  133  136  137  133  129  139  138  142  137  134  135  151   56
ch:  44  129  123  119  135  133  119  121  121  131  122  130  118  130  119  119  135  131  127  126  118  129  133  121  132  116  127  134  124  128  124  133   42
ch:  45  122  134  120  125  129  120  126  124  136  133  135  136  133  138  126  137  140  139  132  133  126  148  149  143  139  136  140  139  151  143  149   56
ch:  46  119  107  123  131  124  126  116  130  132  123  117  119  124  119  132  125  127  122  125  125  133  127  132  119  131  134  136  122  130  133  139   35
ch:  47  118  123  135  131  135  121  127  135  131  113  135  132  138  134  134  135  139  134  132  124  124  124  139  134  142  146  137  134  139  139  138   56
ch:  48  119  109  122  131  119  119  122  123  120  114  129  122  131  125  129  122  120  125  127  123  122  124  122  127  135  119  134  131  136  133  123   31
ch:  49  138  130  124  111  133  121  126  139  134  131  131  127  135  138  138  122  136  124  140  141  146  136  141  138  142  140  133  139  141  132  137   56
ch:  50  118  120  121  118  119  126  120  118  122  123  121  118  135  109  130  118  122  133  119  118  121  122  124  127  132  127  132  136  123  131  126   35
ch:  51  127  116  130  114  123  122  131  127  123  123  124  129  132  129  127  140  123  149  136  130  138  131  132  135  133  138  153  149  148  149  155   56
ch:  52  119  120  125  123  121  122  122  122  131  122  119  134  119  121  119  132  121  121  125   -1  119  121  135  124  125  129  138  126  135  146  147   38
ch:  53  121  125  124  124  125  132  127  125  125  132  133  129  123  137  140  136  137  135  127  133  125  136  139  145  140  138  142  141  147  134  140   56
ch:  54  133  122  108  119  120  122  125  133  131  125  117  132  122  120  124  132  121  124  124  119  134  122  127  126  134  137  133  122  133  130  124   35
ch:  55  135  117  130  131  130  126  126  132  139  122  132  131  130  131  140  138  135  122  135  138  141  134  150  151  133  147  148  153  138  151  158   56
ch:  56  124  120  135  127  116  131  124  121  130  121  119  125  114  115  125  115  124  124  116  124  121  129  120  127  119  126  120  131  133  136  131   32
ch:  57  129  133  134  136  133  125  123  124  122  123  126  140  123  131  122  130  121  130  146  135  138  135  147  152  129  141  138  147  133  151  139   56
ch:  58  130  110  123  120  119  121  123  119  130  130  119  134  121  133  125  122  132  116  134  123  131  122  127  135  123  126  124  132  132  126  132   29
ch:  59  121  126  120  121  126  131  137  133  133  131  126  131  126  138  136  124  133  135  141  139  138  141  151  135  140  143  141  154  148  154  141   56
ch:  60  121  122  120  120  123  123  132  125  115  131  122  111  117  131  135  132  125  127  126  132  134  126  125  123  124  124  146  123  132  131  131   37
ch:  61  119  123  136  133  131  124  126  127  149  125  125  123  136  124  139  126  139  136  134  132  136  152  135  153  124  153  132  147  145  148  145   56
ch:  62  122  123  125  123  131  123  119  132  138  134  124  120  132  120  135  121  122  132  125  135  126  122  131  138  135  121  136  116  133  137  134   34
ch:  63  119  132  133  137  133  120  140  127  116  130  134  133  145  134  136  139  133  126  147  143  134  142  154  135  147  141  146  136  135  147  150   56
ch:  64  126  121  123  122  122  121  122  127  123  129  120  123  124  125  124  121  134  130  120  126  115  121  121  124  126  121  123  134  134  133  125   39
ch:  65  133  118  135  125  132  138  126  121  133  138  125  130  124  130  134  141  127  142  138  138  140  133  142  133  140  124  154  150  150  139  139   56
ch:  66  127  122  118  116  119  121  130  137  123  122  132  120  124  123  139  125  133  138  135  130  127  119  137  125  134  136  132  119  141  151  139   42
ch:  67  131  126  134  125  131  131  123  133  127  125  133  124  136  148  140  138  125  131  138  135  139  141  140  123  147  150  141  140  146  137  150   56
ch:  68  120  111  119  133  134  127  131  123  124  123  119  125  126  125  126  131  135  133  117  116  138  125  124  124  132  122  147  135  132  134  139   35
ch:  69  118  130  123  131  136  133  136  135  130  147  132  122  122  137  130  134  137  137  135  131  139  147  145  142  150  149  134  142  148  139  146   56
ch:  70  123  132  133  131  132  121  125  132  131  124  130  132  124  133  126  123  130  125  132  135  121  142  139  123  138  143  132  134  140  150  138   46
ch:  71  127  121  127  124  121  132  116  139  134  118  136  124  133  126  130  147  135  141  136  138  135  137  134  149  139  136  134  139  139  138  151   56
ch:  72  109  122  132  133  135  118  126  126  124  125  137  131  118  122  133  132  127  138  133  123  132  132  124  134  123  132  131  134  131  145  134   37
ch:  73  126  135  122  121  137  134  125  131  148  132  131  123  127  134  123  134  132  127  146  134  151  143  149  139  138  134  147  138  148  149  155   56
ch:  74  118  124  121  133  126  131  116  119  123  136  123  130  123  130  126  123  139  116  127  132  131  122  129  133  130  123  116  129  134  142  121   35
ch:  75  132  132  126  133  133  122  132  126  133  127  135  131  136  150  139  134  150  135  127  133  139  134  143  135  137  148  135  150  152  147  137   56
ch:  76  116  130  135  122  126  124  121  130  120  127  140  109  124  124  123  133  125  132  107  131  138  124  135  120  136  134  122  124  133  139  132   32
ch:  77  122  127  123  124  126  133  121  138  123  134  141  138  124  142  137  132  131  126  139  127  126  136  153  123  131  145  146  135  138  135  149   56
ch:  78  127  125  119  124  117  123  128  123  124  137  136  132  122  123  127  136  124  121  139  133  123  139  138  139  135  130  126  133  127  124  131   35
ch:  79  125  131  137  124  131  131  118  126  142  135  136  141  133  136  114  135  138  144  139  150  145  139  127  135  155  141  140  135  152  140  148   56
ch:  80  122  121  119  125  117  129  125  121  138  120  133  130  127  121  108  126  127  118  106  125  125  124  125  148  137  127  126  132  135  134  132   32
ch:  81  122  122  131  137  134  131  124  126  132  133  138  124  134  132  140  130  136  126  120  130  139  148  146  136  141  141  138  133  162  151  151   56
ch:  82  130  130  131  134  131  123  131  123  131  128  131  120  129  136  140  122  136  131  130  134  139  121  139  126  134  131  126  134  125  141  128   32
ch:  83  138  116  116  128  126  139  126  133  133  126  133  139  140  135  138  124  140  138  125  138  136  120  138  141  139  147  139  145  149  145  147   56
ch:  84  117  123  124  123  125  133  114  131  125  133  121  134  132  136  132  127  132  132  120  133  122  126  118  123  125  120  122  137  132  131  131   28
ch:  85  120  131  136  120  122  122  123  132  133  132  141  133  131  142  134  131  146  132  136  135  122  126  139  139  142  137  144  141  138  139  153   56
ch:  86  124  123  126  131  132  119  120  125  124  122  123  134  117  125  124  145  117  137  129  123  126  126  125  126  135  132  142  122  126  133  133   43
ch:  87  132  126  119  134  136  116  123  120  124  132  126  132  147  133  136  137  133  134  138  136  136  143  130  148  124  139  134  132  136  138  151   56
ch:  88  122  132  131  117  122  123  127  130  126  120  118  133  125  141  133  121  132  127  136  131  123  132  130  125  125  137  135  118  146  131  145   34
ch:  89  129  130  128  125  132  123  139  132  132  120  136  136  141  131  134  149  137  139  137  149  137  135  146  147  136  135  148  131  138  149  152   56
ch:  90  119  119  126  120  126  132  119  132  132  125  132  123  119  124  134  120  131  109  133  131  123  131  134  121  133  125  131  124  132  136  134   49
ch:  91  123  118  121  130  126  123  122  131  133  119  137  149  132  135  126  134  139  145  135  134  137  139  137  134  135  136  136  138  145  143  148   56
ch:  92  127  122  116  120  139  125  130  124  126  123  122  116  131  136  131  122  141  125  121  131  125  126  133  126  126  124  130  132  134  131  135   46
ch:  93  131   -1  123  130  140  124  122  137  134  138  131  135  127  127  131  139  135  124  134  126  132  155  134  121  125  136  137  135  135  141  138   56
ch:  94  130  123  124  123  123  126  117  136  119  130  131  127  135  122  121  127  132  124  132  123  132  131  133  125  130  122  137  122  135  136  139   33
ch:  95  132  135  121  119  126  130  132  126  122  131  124  135  132  132  131  124  133  147  137  134  130  136  126  136  139  134  142  149  149  139  138   56
ch:  96  119  132  126  121  130  129  121  124  137  121  137  133  122  119  123  118  118  125  109  135  133  127  122  129  120  124  134  131  125  132  140   49
ch:  97  130  115  120  119  126  131  131  131  141  139  140  130  137  129  135  139  139  132  146  133  127  134  130  149  138  145  136  136  136  142  142   56
ch:  98  124  126  114  130  126  133  126  133  114  117  123  123  132  136  126  124  122  132  125  132  115  131  131  120  130  135  117  126  131  132  126   34
ch:  99  121  121  127  124  141  117  131  125  134  130  132  137  126  134  125  138  141  141  133  131  138  141  136  133  146  131  141  139  132  137  146   56
ch: 100  123  120  109  124  119  127  118  106  116  136  136  120  110  121  121  120  131  124  122  126  122  130  126  124  127  132  120  135  136  136  134   38
ch: 101  137  122  124  131  126  124  132  122  122  119  123  130  125  136  126  123  136  133  124  133  138  148  140  125  137  133  137  148  137  137  149   56
ch: 102  126  125  118  116  126  123  125  126  124  123  133  129  131  126  127  132  122  134  129  136  125  131  129  124  126  132  132  132  122  124  126   35
ch: 103  122  147  137  136  125  138  121  124  133  120  123  133  136  131  133  139  131  131  138  133  138  146  130  138  119  135  135  131  142  133  152   56
ch: 104  123  116  108  131  131  118  126  114  120  126  117  131  114  121  124  119  119  122  129  131  134  117  126  137  122  138  134  136  136  125  132   32
ch: 105  119  129  126  127  126  123  123  127  118  126  126  125  124  131  137  139  131  131  134  138  133  129  137  138  130  145  137  132  149  133  132   56
ch: 106  123  125  126  133  118  127  124  134  134  121  121  137  132  130  140  123  131  129  127  125  123  134  137  137  122  132  119  135  137  136  137   45
ch: 107  120  123  125  125  124  125  136  135  120  123  131  117  131  124  126  126  130  129  135  125  138  141  140  149  135  132  139  130  132  151  154   56
ch: 108  123  117  106  122  118  117  124  120  125  118  136  124  124  120  134  126  124  122  125  119  118  126  116  123  125  134  134  121  123  123  130   44
ch: 109  121  134  130  127  130  120  124  126  118  127  123  120  121  142  133  133  129  136  137  132  127  133  132  140  124  130  149  143  140  132  140   56
ch: 110  116  136  126  121  120  118  119  124  118  122  121  121  122  124  120  123  134  132  118  127  120  136  122  126  122  123  130  135  136  133  138   35
ch: 111  124  131  122  123  130  120  125  121  123  135  117  133  120  132  120  123  132  136  134  123  135  140  150  136  138  123  139  140  148  142  149   56
ch: 112  119  116  124  124  133  140  135  127  137  131  125  133  122  121  121  112  132  120  129  133  122  134  127  135  139  122  136  130  132  135  135   53
ch: 113  125  137  120  132  133  123  124  124  131  123  125  133  131  125  127  133  131  124  134  139  139  136  132  134  134  134  141  140  148  153  152   56
ch: 114  124  123  124  119  125  123  117  125  133  139  110  116  118  115  135  119  131  109  124  122  119  107  119  121  121  114  126  120  131  121  145   43
ch: 115  131  139  122  132  137  135  124  128  119  134  130  124  140  125  124  123  132  124  131  130  150  118  139  131  130  135  142  148  138  157  149   56
ch: 116  121  123  123  123  129  132  124  121  117  132  122  132  125  131  122  124  123  124  116  126  126  117  127  122  124  133  126  117  127  131  132   51
ch: 117  108  122  116  127  134  124  119  116  123  131  122  137  135  133  121  130  134  125  126  133  130  127  138  139  136  135  134  135  146  145  140   56
ch: 118  122  105  121  120  134  121  133  131  124  120  116  106  121  116  124  123  124  121  121  133  115  134  121  129  118  122  128  125  124  136  135   54
ch: 119  134  125  135  125  137  131  123  125  121  125  133  130  133  133  133  123  135  134  135  126  130  127  149  136  138  137  147  142  153  150  141   56
ch: 120  122  122  131  127  122  123  122  125  125  125  145  135  138  133  119  121  125  122  118  120  126  129  123  115  131  124  125  122  119  132  132   46
ch: 121  134  130  127  131  133  122  117  131  134  130  126  116  122  136  137  135  121  137  134  138  133  130  131  131  133  140  139  131  138  136  138   56
ch: 122  117  121  132  120  132  115  132  130  135  121  111  120  116  130  131  132  140  130  120  110  120  133  119  122  125  126  132  123  126  138  135   56
ch: 123  117  131  119  126  132  124  122  117  132  124  121  132  122  120  131  134  126  132  133  140  149  129  142  138  135  140  148  136  149  140  149   56
ch: 124  119  119  132  124  126  123  131  121  118  117  118  132  131  127  123  125  123  132  120  129  122  127  124  121  133  138  135  136  132  132  137   55
ch: 125  123  122  122  132  119  119  131  134  127  124  136  124  136  134  138  120  132  125  136  124  137  127  141  147  130  139  147  139  135  137  150   56
ch: 126  110  125  118  120  127  119  126  124  130  135  120  129  126  132  122  122  127  127  127  121  125  137  122  120  134  123  126  121  126  127  126   52
ch: 127  116  137  134  131  125  132  123  145  119  132  130  124  132  131  133  131  131  137  130  133  138  135  143  146  121  148  133  149  133  140  142   56
