# ID XA-000-08-002-000-004-085-10
# Tag _trim_
# Date 240617_17:53:05
# Vref_p 55
# Vref_n 23
# Thr2_glb 37
# Vref_t 118
# Vref_t_range 1
# Pol 0
# ADC range 30-247
# FAST disc 30
ch:   0  136  133  120  124  123  114  108  127  126  113  123  118  120  118  100  105  102  116  119  109  108  115  114  114  109  116  118  118  106  117  104   -1
ch:   1  132  120  123  138  122  134  137  121  117  123  131  116  123  131  122  130  119  124  119  119  107  118  120  130  119  123  118  135  110  122  123   48
ch:   2  125  121  121  120  121  125  119  121  121  108  105  125  113  116  107  106  106  122  115  113  105  108  114  109  129  117  116  123  114  121  125    8
ch:   3  125  135  131  125  151  126  124  126  124  127  122  127  135  116  132  120  117  122  126  127  119  121  124  130  126  119  120  136  122  123  124   46
ch:   4  134  123  131  135  119  125  122  118  124  118  129  122  124  114  106  123  113  108  115  102  120  117  117  126  117  116  122  120  125  118  130   20
ch:   5  136  132  135  131  126  137  123  136  139  110  116  129  132  121  123  125  120  114  119  115  119  125  122  123  117  115  120  127  133  131  125   43
ch:   6  132  124  117  125  123  117  119  119  115  116  110  115  110  108  119  121  114  117  113  126  122  119  105  117  109  104  114  126  125  119  121   20
ch:   7  127  132  122  131  132  130  127  126  125  120  122  122  126  121  118  108  123  115  118  119  120  113  131  107  130  121  129  121  120  125  124   34
ch:   8  134  131  134  127  134  123  123  125  122  111  117  116  120  121  116  122  115  117  107  121  116  118  116  124  114  119  125  117  117  120  122   25
ch:   9  132  119  133  133  129  117  123  116  129  130  120  114  127  121  121  123  121  121  118  119  108  127  120  120  120  126  131  127  120  122  134   39
ch:  10  127  131  133  123  126  127  126  116  124  126  124  119  110  118  118  116  108  118  121  114  111  107  118  115  113  125  116  119  113  122  118   32
ch:  11  127  132  130  135  120  126  125  123  123  117  131  131  122  122  114  123  118  110  124  110  121  132  115  119  126  123  120  125  134  127  129   42
ch:  12  120  131  116  129  125  133  119  123  121  126  115  119  108  120  119  122  121  116  101  104  121  110  119  106  121  111  117  122  115  120  118   23
ch:  13  126  125  130  117  132  133  127  122  126  133  125  123  122  117  126  118  122  122  115  111  115  108  110  126  121  123  121  124  119  123  132   42
ch:  14  124  122  133  130  129  124  125  123  121  118  120  121  110  115  118  105  114  117  118  107  118  118  116  110  110  116  122  123  116  122  120   28
ch:  15  123  131  127  121  133  131  117  130  122  124  119  118  123  135  118  130  133  130  133  124  118  125  124  118  124  117  124  126  132  122  141   36
ch:  16  122  133  123  126  117  121  120  135  122  123  122  121  122  130  116  107  120  115  122  106  120  105  108  118  125   -1  117  113  120  118  128   30
ch:  17  140  124  138  135  139  117  117  123  131  135  123  120  119  117  122  125  119  118  126  124  114  119  108  124  117  121  127  125  120  134  123   51
ch:  18  131  123  125  133  127  122  121  123  119  116  119  123  111  131  115  121   -1  115  123  120  115  122  101  115  106  108  115  110  115  119  126   43
ch:  19  138  129  130  137  129  130  126  130  123  123  123  120  124  119  114  124  123  119  108  117  118  131  126  125  129  120  134  120  132  124  132   44
ch:  20  138  129  131  123  127  122  123  121  124  121  118  119  129  124  119  115  121  119  110  118  114  118  114  126  122  114  113  118  126  113  125   35
ch:  21  130  126  119  124  124  126  120  105  124  121  132  126  121  125  120  130  126  121  118  135  121  110  122  138  124  130  130  116  122  125  126   35
ch:  22  127  126  134  125  118  127  122  123  118  108  116  117  122  114  107  115  114  122  109  120  111  118  107  116  124  119  117  114  117  125  125   18
ch:  23  132  131  134  130  127  140  127  125  116  118  131  121  125  121  122  126  133  130  124  130  117  119  125  121  130  123  124  134  119  137  122   44
ch:  24  132  133  121  133  122  116  124  125  130  123  118  114  121  120  118  118  107  117  119  122  110  105  106  122  117  120  118  116  120  131  114   18
ch:  25  132  137  136  131  125  123  130  123  130  125  132  127  117  109  113  119  122  123  108  117  126  119  127  122  121  120  121  133  121  134  135   33
ch:  26  123  131  135  132  122  134  120  131  119  117   -1  119  124  115  109  118  119  120  117  110  110  119  108  106  115  104  115  106  127  118  124   24
ch:  27  131  125  123  139  136  136  128  123  119  123  120  124  123  114  123  134  127  134  114  123  115  121  120  117  129  125  122  111  134  131  123   45
ch:  28  127  125  131  129  127  124  124  116  118  116  125  120  119  117  115  114  117  115  109  105  119  110  105  115  121  116  107  117  122  126  120   21
ch:  29  120  131  131  134  130  123  133  124  124  126  121  126  122  130  131  129  123  129  123  122  123  118  134  125  122  130  121  132  127  134  130   35
ch:  30  120  124  119  122  126  124  117  121  124  131  122  109  115  118  129  122  119  126  115  120  121  130  129  121  110  116  130  129  123  118  119   35
ch:  31  124  131  125  133  127  127  122  125  119  128  118  134  120  121  116  121  119  120  127  120  123  119  119  127  125  131  139  122  123  130  135   51
ch:  32  116  123  125  110  115  130  120  124  133  119  126  134  120  123  126  119  118  109  121  120  118  125  111  117  119  123  116  123  122  122  124   26
ch:  33  147  131  126  130  135  138  129  127  119  130  115  119  121  126  123  117  122  122  109  120  115  130  127  120  118  121  118  130  133  140  136   38
ch:  34  125  126  125  121  120  126  124  133  118  122  120  117  122  123  120  117  120  123  124  115  122  120  118  124  115  117  109  115  131  131  126   47
ch:  35  131  125  133  122  124  131  136  126  131  127  125  132  135  125  116  124  117  122  122  123  123  121  115  122  125  120  135  124  135  130  130   38
ch:  36  136  123  124  123  126  129  125  125  124  111  119  117  118  108  108  116  115  118  116  113  110  119  116  113  127  123  117  123  123  118  134   28
ch:  37  124  121  139  122  133  118  119  140  126  116  134  126  125  124  121  123  111  123  123  127  125  125  124  119  128  121  114  134  133  129  127   35
ch:  38  121  124  116  134  127  122  125  123  119  115  130  113  111  120  116  117  124  112  102  108  116  115  114  116  121  108  105  119  131  132  129   22
ch:  39  129  122  134  134  133  118  123  119  118  127  132  123  120  122  126  123  121  121  129  126  131  124  125  120  134  129  141  131  120  138  139   44
ch:  40  135  122  123  131  124  132  124  118  120  130  120  121  124  118  121  114  121  117  106  108  118  111  110  110  126  119  112  120  118  124  123   32
ch:  41  135  138  134  126  115  121  124  134  126  118  121  120  123  126  113  133  120  121  125  131  123  120  124  126  125  133  119  123  127  122  133   43
ch:  42  122  123  126  126  123  131  133  109  117  113  116  131  115  132  106  106  116  115  108  120  112  117  116  114  125  114  125  129  125  129  123   32
ch:  43  138  131  138  126  132  129  114  124  125  136  124  122  121  122  111  121  122  120  121  127  122  133  125  119  126  120  132  119  130  131  137   51
ch:  44  120  125  124  125  123  120  126  129  122  115  121  118  120  116  114  117  115  127  115  115  115  121  120  134  120  121  124  123  123  130  122   31
ch:  45  141  127  133  125  126  130  130  122  133  116  131  121  123  116  120  119  116  123  118  118  122  126  124  118  130  129  125  132  136  127  122   46
ch:  46  123  117  125  124  121  120  133  115  108  127  118  122  116  116  114  125  111  122  118  122  116  123  113  121  118  120  114  114  123  115  129   35
ch:  47  138  126  132  132  135  125  124  133  121  127  121  135  120  133  126  117  124  132  133  115  118  121  124  121  132  131  120  131  129  123  125   53
ch:  48  136  131  125  116  117  122  121  120  118  123  117  120  125  122  119  124  109  123  108  117  124  118  125  122  117  131  122  120  124  122  126   27
ch:  49  134  119  132  134  123  130  126  123  130  124  123  126  132  117  134  120  132  132  124  133  125  126  123  133  131  131  135  131  129  133  130   46
ch:  50  120  118  125  117  129  119  119  131  120  112  119  125  119  125  108  123  119  123  122   -1  125  123  123  116  111  116  109  131  127  105  125   39
ch:  51  123  133  133  123  125  123  127  137  123  127  131  122  131  125  135  120  126  130  121  122  121  126  134  132  136  115  125  126  141  138  149   46
ch:  52  124  133  123  110  132  137  121  131  123  122  123  120  107  119  111  128  120  118  122  116  119  126  107  110  121  110  127  115  125  115  114   28
ch:  53  130  130  129  124  134  134  125  125  137  119  118  120  118  116  130  118  130  113  132  125  126  116  126  127  121  129  125  127  132  138  139   45
ch:  54  120  119  132  130  126  131  118  123  108  121  123  123  122  117  114  116  117  117  112  122  124  115  115  117  117  117  118  118  120  124  127   42
ch:  55  139  137  133  121  132  126  131  131  122  123  122  133  126  133  133  115  131  132  117  131  124  130  131  118  130  124  124  131  134  124  133   47
ch:  56  126  132  124  132  116  138  125  124  126  117  126  118  116  131  118  110  125  109   92  115  120  122  121  121  119  104  116  119  126  118  125   26
ch:  57  129  140  125  133  129  122  132  122  134  125  126  122  122  128  128  120  113  125  132  121  119  129  125  129  120  129  118  131  119  131  118   51
ch:  58  135  133  124  125  130  134  124  121  123  126  123  123  115  121  124  116  117  119  114  118  121  118  120  103  115  114  123  120  136  116  120   28
ch:  59  132  121  133  135  126  124  137  109  126  136  131  123  132  119  124  122  116  133  124  132  125  124  121  119  126  121  125  126  135  134  131   45
ch:  60  124  121  121  109  125  131  130  133  122  123  130  124  117  109  118  117  117  123  122  117  115  127  122  117  119  116  117  114  117  114  122   36
ch:  61  124  127  134  118  133  120  137  131  117  127  137  138  135  125  126  131  120  133  124  133  118  122  131  132  126  123  138  123  138  138  139   51
ch:  62  135  135  131  131  130  130  126  127  126  124  123  114  114  125  115  125  122  107  135  117  127  116  108  128  118  123  120  130  131  127  135   28
ch:  63  121  131  130  134  131  138  125  133  133  131  130  123  123  125  127  132  134  117  120  124  129  124  130  135  119  124  139  126  123  130  138   47
ch:  64  130  126  124  121  130  120  121  121  132  131  121  105  118  125  125  107  115  118  114  111  109  122  121  121  110  121  124  129  118  122  126   37
ch:  65  138  133  140  123  130  132  130  122  122  123  119  122  130  126  114  126  132  127  121  115  118  117  119  124  120  125  122  125  133  122  134   56
ch:  66  133  120  135  120  134  132  123  122  132  131  131  127  129  125  125  116  122  110  118  116  120  123  115  132  131  131  126  131  133  129  124   33
ch:  67  137  135  119  131  131  121  126  122  133  120  124  123  126  132  115  124  126  125  119  118  121  126  131  120  120  126  125  135  131  133  133   46
ch:  68  140  125  125  123  125  132  134  125  133  124  125  131  131  124  121  119  132  132  120  120  120  122  124  115  132  123  131  116  118  126  133   39
ch:  69  139  123  134  135  132  132  134  130  131  132  124  126  120  124  131  134  131  115  123  135  130  130  126  127  133  127  137  131  136  134  135   44
ch:  70  133  131  123  133  131  125  129  131  123  117  120  124  130  122  124  118  119  111  115  116  119  121  114  115  117  121  121  122  116  121  125   35
ch:  71  134  134  125  130  134  131  131  137  134  129  133  136  120  121  126  124  126  118  127  131  122  122  135  126  120  135  121  132  133  124  126   53
ch:  72  127  127  128  133  121  127  132  117  121  127  124  116  118  124  110  118  118  121  120  110  116  120  121  120  121  116  114  131  117  124  118   37
ch:  73  136  140  133  130  124  123  130  132  131  131  124  149  140  131  115  136  132  122  111  117  126  121  120  116  123  135  121  130  120  134  127   43
ch:  74  139  129  126  130  127  132  115  123  131  123  124  117  115  121  118  116  119  118  120  126  105  116  124  121  106  107  119  119  118  126  125   39
ch:  75  137  131  141  130  139  123  142  124  116  126  136  123  134  138  126  120  126  131  131  125  137  111  122  128  126  120  136  135  146  136  139   54
ch:  76  132  124  136  117  124  127  120  134  126  121  118  123  116  123  119  122  120  120  121  121  123  125  106  122  116  120  115  123  114  125  118   51
ch:  77  137  126  130  147  131  123  124  132  134  133  130  123  116  122  117  120  133  121  130  127  134  126  141  126  123  131  141  127  132  123  132   56
ch:  78  134  130  132  134  123  131  121  121  132  111  118  121  133  103  120  109  117  107  107  115  136  121  116  122  118  124  118  131  113  123  124   37
ch:  79  133  126  133  131  131  136  133  128  134  135  133  132  125  133  119  119  116  119  130  136  126  121  125  108  135  131  142  133  141  137  136   45
ch:  80  131  131  122  121  124  122  122  124  122  123  122  124  115  122  116  119  121  119  117  114  119  118  123  120  118  115  121  117  124  126  134   37
ch:  81  141  127  121  137  135  132  122  132  124  130  123  124  129  137  120  130  118  124  133  120  124  123  124  126  123  121  123  127  124  123  137   52
ch:  82  131  130  135  123  139  122  126  138  122  123  126  124  123  120  116  116  118  117  121  121  116  118  126  120  114  123  117  130  123  130  137   28
ch:  83  141  137  133  136  126  117  137  124  123  121  129  130  121  130  133  138  118  130  119  125  131  122  138  132  121  121  138  122  134  134  139   56
ch:  84  138  133  126  124  134  119  124  123  115  111  124  133  126  131  122  121  116  107  124  119  124  116  123  122  124  118  123  131  113  125  131   36
ch:  85  122  131  136  133  115  117  145  133  119  131  123  122  127  130  122  132  132  126  126  118  111  124  118  118  121  137  123  129  138  122  132   50
ch:  86  131  137  140  132  133  115  118  130  133  127  129  117  122  122  121  120  116  130  113  115  126  123  125  122  106  123  116  118  115  119  135   36
ch:  87  133  121  133  127  141  133  131  131  119  131  133  121  122  134  134  124  116  115  133  119  119  125  118  133  117  132  126  136  121  133  137   43
ch:  88  137  126  134  132  122  127  130  121  122  115  124  123  118  126  116  115  115  117  111  122  118  111  117  116  116  122  125  124  126  118  123   39
ch:  89  140  138  134  136  127  139  122  138  139  124  132  130  132  118  124  135  124  120  124  124  129  124  123  119  126  115  126  126  134  127  143   48
ch:  90  138  122  134  135  126  131  133  123  135  118  124  116  111  123  121  116  123  117  131  119  110  123  120  111  111  130  120  119  119  126  126   30
ch:  91  126  135  136  123  135  122  126  132  126  132  129  135  131  133  135  131  118  124  120  125  123  119  130  130  131  130  125  133  140  125  137   49
ch:  92  130  134  135  125  131  129  125  135  121  117  122  123  116  131  132  116  121  123  120  130  132  119  122  117  123  124  121  115  119  129  125   19
ch:  93  133  137  124  122  125  116  137  132  121  121  124  116  120  134  124  123  122  127  130  132  123  132  125  116  132  132  117  130  119  125  138   56
ch:  94  139  125  138  136  124  122  122  136  136  123  125  120  118  115  121  123  119  122  110  126  124  117  119  126  118  117  109  121  121  120  125   27
ch:  95  147  138  132  139  134  130  123  138  134  134  123  132  132  122  131  131  131  122  123  124  125  122  126  137  122  130  138  147  122  126  123   51
ch:  96  124  149  131  131  124  126  120  122  131  124  124  120  122  123  119  114  120  118  117  110  120  120  118  110  132  121  108  127  114  123  126   23
ch:  97  134  134  132  120  131  126  125  120  129  131  131  120  125  118  130  117  130  121  131  130  121  133  122  121  123  131  138  133  122  132  126   45
ch:  98  133  133  125  121  134  130  111  124  121  124  117  117  120  121  122  116  131  122  122  106  119  114  117  116  124  110  121  120  123  132  121   30
ch:  99  140  136  126  130  127  124  139  126  133  126  121  132  118  135  125  137  116  125  121  124  124  123  120  126  132  122  134  126  127  125  136   49
ch: 100  122  139  127  124  127  127  131  131  127  125  119  121  118  123  121  134  119  107  110  118  124  116  124  120  132  121  123  117  116  110  132   23
ch: 101  139  117  135  130  129  124  125  130  124  130  130  127  121  124  127  119  117  131  111  131  129  121  125  132  120  119  130  134  130  123  138   53
ch: 102  135  134  136  123  126  132  124  120  124  127  122  124  110  123  118  125  116  110  106  124  131  118  116  117  116  120  120  123  126  124  126   23
ch: 103  126  136  142  135  138  133  121  132  131  131  117  120  116  127  119  125  117  126  132  117  139  126  124  124  135  125  125  125  131  133  135   54
ch: 104  125  125  131  126  125  120  124  131  124  123  121  117  120  130  121  125  125  111  110  123  120  118  117  131  119  123  128  120  120  132  132   22
ch: 105  126  134  142  130  122  125  122  125  131  134  132  121  132  116  120  123  125  133  122  134  124  119  120  132  120  121  130  131  132  126  129   55
ch: 106  137  135  130  137  125  139  125  132  118  133  110  119  121  117  119  121  117  114  131  120  120  117  109  117  122  125  128  136  122  138  132   20
ch: 107  119  127  121  131  126  126  123  127  120  123  120  129  125  125  137  115  120  130  122  117  122  126  115  121  132  128  137  121  124  125  127   34
ch: 108  124  120  124  126  124  123  115  125  124  123  121  126  124  120  125  125  118  117  120  118  110  118  107  125  118  116  126  115  126  127  133   16
ch: 109  134  121  134  133  136  137  134  131  136  134  130  123  125  119  130  130  125  132  119  122  127  132  131  127  132  126  125  121  133  125  141   38
ch: 110  135  142  122  139  133  122  122  124  125  119  119  117  118  124  108  123  114  120  117  117  123  121  116  132  116  110  126  132  118  123  117   14
ch: 111  124  123  138  133  126  131  133  127  133  134  141  133  104  124  130  129  127  120  116  120  127  129  121  125  130  125  127  131  133  137  138   38
ch: 112  124  138  135  137  124  120  127  115  124  119  123  122  121  120  117  119  120  116  120  107  108  124  119  122  117  118  123  118  125  120  136   10
ch: 113  123  129  124  120  124  132  124  114  118  126  133  139  121  125  122  120  130  122  118  121  125  114  120  119  114  120  130  131  127  138  134   45
ch: 114  131  131  130  132  124  119  119  132  119  123  118  114  109  123  116  119  102  107  123  122  108  110  114  110  108  121  119  116  115  108  123    2
ch: 115  136  126  137  133  131  121  136  121  136  122  131  121  124  127  126  121  124  125  122  126  122  126  123  121  123  127  130  125  131  133  140   45
ch: 116  134  125  122  137  125  125  117  125  125  123  121  124  121  110  115  120  109  116  124  117  118  123  118  120  122  112  119  120  122  122  131   13
ch: 117  146  133  141  133  124  134  127  125  134  125  127  132  116  132  122  127  127  126  133  127  118  134  122  115  129  138  124  130  129  126  138   40
ch: 118  118  124  138  127  124  125  126  133  121  133  109  122  109  124  118  110  108  116  120  113  107  117  109  122  119  124  110  121  122  132  119    8
ch: 119  135  133  131  133  127  127  120  126  137  115  122  132  125  122  123  132  122  121  133  129  138  118  134  118  131  123  131  121  124  136  127   50
ch: 120  143  118  135  124  130  126  130  109  130  133  123  110  107  111  116  108  115  117  119  124  121  105  117  124  109  125  110  119  117  124  130    4
ch: 121  131  122  134  132  131  134  130  120  134  129  127  126  125  130  125  120  118  121  122  125  123  132  133  121  125  133  124  129  131  132  142   39
ch: 122  124  123  131  124  131  121  121  119  115  138  120  113  115  119  125  118  105  124  124  116  106  116  123  116  118  119  127  123  119  122  132    3
ch: 123  132  135  136  134  140  131  124  123  131  122  125  124  126  121  127  124  133  137  130  125  130  123  120  123  126  126  126  143  136  134  135   41
ch: 124  134  124  138  133  121  134  122  124  122  118  117  124  107  114  120  107  109  117  113  109  115  119  119  117  108  116  115  105  122  118  121   52
ch: 125  137  138  135  122  136  138  115  135  130  107  125  125  132  138  129  117  130  132  134  132  121  122  120  117  123  123  129  131  124  136  143   40
ch: 126  123  137  130  134  127  121  123  120  124  119  118  125  125  106  116  109  107  103  117  120  117  108  121  120  109  114  111  108  110  117  111    4
ch: 127  135  134  134  135  141  119  129  131  134  121  124  130  137  123  139  123  126  116  110  124  133  123  125  130  116  120  129  138  124  132  126   15
