# ID XA-000-08-002-000-004-089-10
# Tag _trim_
# Date 240617_17:25:45
# Vref_p 56
# Vref_n 27
# Thr2_glb 46
# Vref_t 118
# Vref_t_range 1
# Pol 0
# ADC range 30-247
# FAST disc 30
ch:   0  136  138  126  120  125  115  124  126  129  119  135  132  121  117  122  119  108  119  130  115  118  108  124  117  120  116  118  125  127  110  119   14
ch:   1  130  134  122  122  132  131  133  130  126  130  119  125  117  121  127  123  130  131  124  132  120  120  132  129  124  127  126  125  140  134  131   56
ch:   2  123  125  123  119  116  120  119  120  131  116  117  118  123  124  118  108  121  124  117  125  110  115  118  118  105  122  119  124  124  123  123   28
ch:   3  124  123  123  134  125  125  131  121  124  132  119  130  130  135  117  131  125  123  119  135  133  135  122  135  127  121  130  135  131  135  141   56
ch:   4  134  126  120  126  119  133  119  124  119  116  114  117  119  120  131  120  107  121  117  113  110  108  129  116  105  113  117  118  120  108  114   45
ch:   5  145  137  130  125  121  123  117  124  125  132  118  126  132  121  120  127  124  123  137  122  133  133  137  125  126  119  126  125  127  136  125   56
ch:   6  123  134  123  131  121  119  117  126  136  125  126  118  116  130  110  118  110  109  118  117  125  116  116  108  110  122  124  116  125  115  120   56
ch:   7  134  124  132  123  126  123  119  132  125  132  129  125  127  132  132  119  119  124  123  120  127  136  132  133  133  130  131  126  127  152  141   56
ch:   8  130  127  121  130  117  131  109  126  117  118  117  127  116  122  124  118  109  108  124  121  107  116  115  121  118  123  105  125  118  124  130   56
ch:   9  121  130  130  125  122  125  126  119  123  117  125  117  124  131  130  123  129  118  122  124  121  108  129  125  119  122  130  122  135  133  140   56
ch:  10  121  121  135  120  137  123  132  130  119  108  121  123  108  122  124  127  118  125  124  109  108  119  122  122  116  124  131  125  119  123  133   56
ch:  11  133  124  125  130  125  134  127  132  122  133  135  122  120  124  118  116  128  119  122  125  124  120  116  117  122  125  120  131  135  126  126   56
ch:  12  124  132  123  117  109  123  124  122  119  130  104  114  120  110  107  124  110  119  107  121  119  113  105  124  124  119  121  121  122  120  135   43
ch:  13  125  131  133  119  138  126  110  134  126  131  120  131  124  131  121  126  131  115  120  133  134  123  126  132  125  125  122  137  130  137  133   56
ch:  14  125  130  129  119  123  124  121  135  127  124  119  126  117  122  110  136  126  111  104  123  121  125  121  121  120  121  126  123  123  138  127   56
ch:  15  127  132  130  121  131  123  132  125  129  135  123  127  123  125  124  131  132  125  134  133  124  134  134  139  130  136  126  125  136  131  125   56
ch:  16  126  117  134  120  125  125  124  121  125  117  124  119  108  123  117  109  130  119  121  116  121  124  124  117  107  125  121  133  122  130  122   56
ch:  17  135  117  138  127  125  132  118  130  134  122  131  131  117  115  134  108  131  116  135  123  132  125  134  136  131  121  131  126  132  132  133   56
ch:  18  123  124  119  122  135  134  122  119  129  120  121  132  121  127  119  119  115  115  123  124  122  121  109  124  122  131  120  120  120  122  121   56
ch:  19  126  136  125  125  135  132  120  126  129  122  130  118  121  129  125  119  124  122  117  121  113  119  125  137  121  129  126  131  133  139  131   56
ch:  20  137  125  124  123  118  126  125  130  119  132  117  118  107  120  121  134  125  107  130  117  124  109  122  113  119  126  124  121  122  136  120   56
ch:  21  132  134  122  126  131  134  126  131  122  131  132  126  123  130  132  124  122  125  124  124  121  123  131  121  129  119  131  121  130  131  136   56
ch:  22  126  122  126  127  127  125  119  116  133  116  123  127  109  126  123  116  123  119  126  124  118  119  110  126  117  120  130  136  131  121  134   43
ch:  23  126  125  125  121  120  139  125  124  124  135  136  131  123  131  127  121  131  126  120  121  127  134  117  119  131  138  125   -1  132  137  138   56
ch:  24  125  126  123  129  121  123  131  133  131  117  118  126  117  106  114  111  118  114  122  128  120  119  126  124  123  123  129  118  129  132  122   52
ch:  25  135  130  130  131  120  133  135  140  129  124  120  123  129  126  122  122  119  131  127  106  124  127  109  122  137  118  133  135  132  138  132   56
ch:  26  126  131  125  125  114  125  120  118  125  119  126  119  101  121  123  121  111  114  120  115  109  120  114  130  115  134  117  122  133  130  135   56
ch:  27  133  138  136  134  127  119  139  110  132  127  130  126  130  135  134  132  134  138  122  124  121  138   -1  129  130  135  129  145  137  140  138   56
ch:  28  139  126  132  125  124  126  126  125  120  123  125  124  110  126  125  117  121  123  119  119  132  123  119  122  124  120  123  126  118  118  127   56
ch:  29  139  129  132  125  125  126  121  135  120  122  127  122  133  126  134  124  124  133  121  123  122  117  125  124  126  139  126  131  130  135  143   56
ch:  30  122  132  122  137  126  126  122  124  124  130  131  117  117  109  123  122  121  127  134  119  118  119  119  114  122  123  130  130  116  131  131   56
ch:  31  123  117  132  126  135  139  133  125  124  132  126  136  131  113  126  127  119  130  118  118  138  135  124  125  133  135  126  122  131  129  131   56
ch:  32  130  127  130  127  135  125  126  131  130  126  122  127  124  121  116  124  111  126  124  117  125  117  130  126  120  130  124  133  125  117  126   56
ch:  33  132  132  120  127  124  133  125  130  131  127  124  130  123  131  132  125  130  130  131  123  115  133   -1  125  123  137  131  136  132  141  133   56
ch:  34  122  131  132  117  118  123  134  121  129  131  117  126  110  104  110  120  123  124  122  124  119  119  124  123  121  124  122  106  121  119  121   56
ch:  35  126  125  122  130  132  124  117  126  126  125  132  132  123  126  141  123  134  133  132  136  123  118  125  132  132  130  135  132  135  131  141   56
ch:  36  138  131  120  132  126  135  123  131  119  119  123  132  124  121  123  116  120  122  120  120  126  113  119  131  132  126  119  125  131  131  116   54
ch:  37  119  135  127  125  127  137  133  124  135  122  139  134  136  123  123  125  122  120  140  123  123  126  126  126  133  135  133  134  136  135  149   56
ch:  38  125  121  123  123  118  139  121  120  119  133  123  126  114  108  130  121  126  121  117  123  124  125  109  117  122  123  111  125  132  124  123   56
ch:  39  134  119  126  134  130  132  125  132  123  122  129  130  124  125  126  127  122  126  124  125  132  134  131  125  135  131  137  122  135  140  137   56
ch:  40  129  119  132  120  131  110  129  125  118  132  131  118  117  125  118  120  118  110  126  118  118  118  117  129  120  122  123  122  131  125  125   55
ch:  41  118  121  127  121  129  134  124  120  127  126  118  126  132  112  132  121  124  132  120  119  132  126  136  126  131  136  132  137  134  129  134   56
ch:  42  145  124  138  122  125  132  131  121  125  121  122  124  119  109  126  120  119  119  125  123  110  123  120  126  117  127  119  124  136  123  135   53
ch:  43  145  131  126  135  140  126  126  133  137  119  123  134  123  132  124  130  123  130  126  121  130  123  122  123  136  135  134  136  126  135  139   56
ch:  44  132  123  122  123  123  118  117  125  123  117  132  126  110  120  126  109  127  115  126  117  117  117  124  118  117  117  130  115  124  135  121   56
ch:  45  138  135  132  134  125  110  139  120  131  127  138  140  130  132  124  126  118  132  136  142  131  135  134  130  130  123  126  141  130  140  136   56
ch:  46  120  133  132  134  122  123  114  119  109  119  123  136  122  119  131  121  127  125  121  125  125  109  124  120  126  124  118  135  127  132  131   50
ch:  47  133  131  135  123  130  137  122  125  126  134  109  126  124  124  122  125  126  136  130  129  116  121  135  124  132  126  138  123  132  131  131   56
ch:  48  123  133  132  130  125  124  125  124  132  126  122  118  118  123  115  118  124  123  117  115  116  131  116  120  118  124  123  131  126  133  133   56
ch:  49  131  134  136  123  127  126  130  123  133  105  126  120  123  124  130  120  129  125  123  130  136  139  124  124  124  123  134  134  124  139  132   56
ch:  50  125  133  129  123  121  121  124  124  128  136  122  117  126  130  123  116  119  129  119  115  120  121  136  122  117  117  135  124  125  110  131   54
ch:  51  122  126  132  138  134  121   -1  122  141  135  133  131  139  127  121  120  126  132  135  134  137  135  120  135  136  134  125  151  137  131  143   56
ch:  52  133  135  124  116  134  134  125  123  125  124  121  119  113  123  121  116  119  125  125  131  120  102  117  116  117  123  121  126  119  124  134   52
ch:  53  131  138  134  136  126  118  136  124  135  126  138  123  130  130  132  124  133  130  130  137  125  131  134  133  132  138  134  137  136  136  150   56
ch:  54  135  135  126  127  114  135  121  132  125  122  121  127  129  108  124  121  122  125  125  123  124  117  126  137  127  137  132  124  130  132  138   50
ch:  55  132  133  127  136  125  135  125  120  125  131  134  125  124  131  123  123  131  135  131  126  126  130  124  120  135  130  130  136  150  125  132   56
ch:  56  124  133  118  124  136  127  121  131  134  120  127  126  121  131  110  122  121  123  125  132  121  123  133  120  121  130  132  121  122  131  136   44
ch:  57  131  137  134  125  136  121  127  130  124  121  139  125  133  128  123  117  125  131  127  124  134  121  137  135  135  122  132  132  126  134  150   56
ch:  58  132  126  135  126  121  131  122  125  107  139  122  110  132  120  132  111  119  127  121  122  127  107  116  119  125  126  129  124  133  122  121   34
ch:  59  135  131  131  123  133  131  139  132  121  136  125  130  132  126  125  126  136  139  123  125  132  132  135  127  133  136  130  136  143  140  131   56
ch:  60  106  133  133  122  137  123  111  131  110  122  110  136  108  121  119  126  118  126  123  121  136  121  122  130  124  115  129  123  124  124  123   39
ch:  61  132  126  139  131  131  134  140  131  135  126  138  132  147  123  121  138  126  131  133  123  131  134  130  129  127  129  138  126  136  139  150   56
ch:  62  124  137  125  127  125  125  126  126  137  124  118  127  123  123  121  124  118  122  121  124  119  125  132  124  132  122  120  118  119  133  135   49
ch:  63  132  131  130  136  129  133  130  135  134  124  133  133  125  146  123  126  122  137  122  123  130  138  130  129  132  131  132  142  137  136  149   56
ch:  64  122  126  126  123  132  133  123  123  121  123  124  119  129  118  120  119  123  124  123  120  134  116  124  121  119  131  123  137  126  126  132   41
ch:  65  132  136  130  139  118  142  142  132  132  134  135  121  126  125  134  125  126  134  125  132  134  121  132  135  127  138  139  145  156  141  139   56
ch:  66  121  125  126  124  130  127  126  118  122  139  119  121  115  125  119  121  119  125  130  118  122  120  124  119  123  126  133  123  123  126  126   46
ch:  67  134  126  132  132  138  135  126  117  133  131  140  124  130  134  125  145  135  136  136  140  123  134  133  136  134  140  139  141  136  131  141   56
ch:  68  140  133  133  125  124  131  120  129  122  123  132  125  131  132  125  129  132  121  121  122  129  120  126  120  120  121  130  133  122  126  130   36
ch:  69  123  130  133  136  132  133  132  130  122  123  127  125  132  125  124  129  118  124  127  140  134  133  132  132  132  132  131  148  141  152  122   56
ch:  70  143  126  133  125  131  119  124  125  130  135  127  124  127  122  129  107  108  123  123  124  122  105  123  127  120  124  119  130  136  122  125   48
ch:  71  137  125  121  125  111  137  135  134  131  139  131  133  130  129  127  133  133  125  135  134  133  134  126  122  134  132  132  137  140  135  141   56
ch:  72  115  121  125  126  130  121  125  126  124  123  120  121  122  130  131  124  121  120  120  120  117  119  121  126  123  120  125  121  125  127  123   46
ch:  73  147  121  140  130  136  136  109  124  130  125  124  130  133  127  133  139  121  135  135  135  129  123  121  131  135  130  130  139  131  140  131   56
ch:  74  118  132  124  126  130  125  122  121  124  124  126  126  119  119  118  119  107  116  122  119  117  115  118  122  123  122  132  121  123  126  131   42
ch:  75  123  125  131  122  124  120  124  140  123  125  125  131  129  131  123  136  132  132  124  124  133  127  124  126  133  130  136  135  124  136  138   56
ch:  76  125  127  131  130  129  137  117  130  123  127  125  116  122  124  123  126  122  124  130  115  121  114  130  124  125  121  119  122  129  125  123   46
ch:  77  137  125  126  131  131  125  136  132  126  131  124  132  126  133  146  133  133  131  136  125  123  121  133  126  121  136  135  145  136  137  142   56
ch:  78  137  123  132  137  136  129  119  131  131  132  123  133  125  133  117  110  121  123  123  133  116  118  116  123  126  130  124  126  121  127  139   43
ch:  79  123  135  125  133  122  132  127  126  130  124  125  127  123  136  132  136  119  130  132  133  123  132  123  132  135  123  133  129  126  150  151   56
ch:  80  123  136  134  131  126  121  119  121  120  123  123  138  122  121  116  118  118  117  109  103  119  122  125  130  125  124  124  108  114  132  132   40
ch:  81  129  126  123  139  125  139  123  135  130  120  134  124  134  133  134  132  129  126  130  124  137  142  122  137  129  140  148  139  132  133  140   56
ch:  82  133  118  130  121  126  126  124  131  119  119  123  126  125  122  126  118  119  104  117  117  120  124  121  118  118  116  120  133  116  120  133   44
ch:  83  134  133  132  127  132  124  136  134  123  124  139  132  126  133  131  135  141  131  134  126  135  124  131  132  148  146  136  134  136  148  132   56
ch:  84  122  124  131  118  127  121  121  120  125  123  126  125  126  118  119  111  115  119  107  113  120  131  122  130  124  130  111  125  133  134  123   47
ch:  85  122  122  130  149  135  123  135  140  132  132  131  131  124  140  132  125  130  120  126  135  132  130  132  131  122  133  133  141  124  132  136   56
ch:  86  127  130  123  130  120  132  131  124  120  130  121  121  121  139  129  117  123  125  117  131  117  122  131  121  124  121  126  127  131  125  119   40
ch:  87  134  133  125  126  133  130  131  132  119  134  123  138  118  134  121  124  121  124  130  132  133  130  120  131  136  122  125  131  146  139  131   56
ch:  88  127  138  133  132  127  138  127  125  132  122  122  121  118  122  123  131  119  119  122  121  121  123  125  118  134  122  118  133  120  136  120   34
ch:  89  135  141  138  125  135  133  130  121  135  117  124  136  135  123  136  136  140  125  124  128  134  141  135  136  136  139  133  138  134  132  139   56
ch:  90  131  127  127  121  132  123  128  120  125  121  123  134  132  108  119  117  119  126  125  123  122  120  116  121  123  125  125  118  117  133  122   33
ch:  91  123  134  132  122  131  134  130  124  130  130  130  129  133  127  124  126  130  132  122  123  131  139  126  135  126  147  136  134  135  137  140   56
ch:  92  131  123  122  137  136  121  119  126  121  122  130  127  134  122  113  123  126  121  109  126  131  122  119  126  121  119  117  123  125  119  133   34
ch:  93  132  142  134  135  133  136  135  130  126  133  135  126  130  125  129  119  122  135  130  133  121  125  123  132  120  130  123  129  140  135  148   56
ch:  94  123  132  123  119  137  132  126  123  122  131  119  120  130  121  125  127  120  124  122  108  124  121  124  118  124  130  118  135  118  123  126   36
ch:  95  131  129  125  139  130  134  130  132  124  131  120  118  133  124  129  130  133  122  125  136  132  129  119  137  134  135  139  120  138  147  135   56
ch:  96  122  126  128  136  137  135  117  131  127  131  138  118  121  119  119  123  117  125  118  134  117  121  120  118  120  119  124  123  132  130  127   46
ch:  97  130  125  125  122  127  139  132  133  124  133  136  132  131  137  125  133  122  132  138  132  131  134  138  134  130  139  146  132  137  133  139   56
ch:  98  127  134  139  131  124  121  116  125  124  126  131  125  134  127  122  119  124  118  122  121  132  117  126  122  111  135  116  124  132  125  126   39
ch:  99  128  135  125  129  137  122  132  125  133  132  130  124  146  126  134  133  132  135  146  132  126  126  135  133  145  133  131  146  131  140  137   56
ch: 100  134  120  110  119  136  133  119  123  120  125  132  124  120  131  126  120  123  130  128  127  109  102  120  120  123  123  130  125  121  137  127   26
ch: 101  126  130  136  139  124  134  143  131  134  134  125  140  132  133  134  136  117  118  129  121  124  125  131  139  129  136  136  125  137  129  132   56
ch: 102  134  138  118  136  117  132  125  122  117  125  130  125  115  117  132  129  116  117  117  120  117  120  106  121  121  116  113  121  118  109  121   28
ch: 103  124  133  126  136  132  130  130  123  126  122  123  131  130  130  136  130  125  125  130  136  127  132  130  131  132  133  126  126  133  142  138   56
ch: 104  119  125  126  131  123  125  129  126  118  123  122  137  114  109  119  119  120  120  122  115  132  133  111  127  121  120  121  121  110  110  114   28
ch: 105  137  122  127  131  134  133  127  130  132  125  126  127  121  139  127  133  131  133  132  124  123  134  123  136  120  131  138  130  139  137  126   56
ch: 106  135  126  130  123  132  131  137  121  123  123  133  125  125  122  116  118  119  121  121  130  119  122  105  123  130  126  123  125  137  129  122   31
ch: 107  132  134  136  136  131  124  122  132  128  131  126  135  135  130  138  131  124  121  137  134  132  146  133  132  137  136  136  126  137  137  131   56
ch: 108  134  145  118  126  139  131  124  123  120  122  117  133  125  120  103  121  117  122  117  120  120  117  124  121  118  115  119  117  121  123  125   23
ch: 109  125  122  131  135  125  132  131  119  132  135  125  134  136  126  127  127  148  133  137  137  135  136  137  147  137  141  139  132  142  144  126   56
ch: 110  126  124  137  138  137  134  125  120  132  131  123  111  131  118  124  122  125  125  124  123  123  111  116  118  121  118  123  125  120  123  117   19
ch: 111  126  132  138  134  131  125  130  133  146  127  120  125  131  129  133  135  129  140  132  130  118  120  126  135  135  138  132  135  132  135  140   56
ch: 112  126  132  124  134  131  124  121  125  126  126  121  109  116  118  123  103  129  121  116  130  118  122  125  120  120  124  114  124  105  125  126   18
ch: 113  140  119  138  135  124  123  132  132  123  127  136  123  131  125  124  132  127  135  118  131  124  131  135  132  130  137  137  138  136  132  134   56
ch: 114  125  123  125  132  126  124  108  126  121  120  122  126  122  111  120  121  127  123  118  125  118  119  127  121  124  121  122  120  130  121  125   25
ch: 115  119  127  132  139  132  126  133  136  122  135  127  135  126  131  126  130  124  133  121  136  136  121  136  133  138  130  134  148  141  137  136   56
ch: 116  138  136  131  124  136  122  127  120  122  118  139  120  132  131  119  118  105  120  125  118  121  118  124  118  125  121  108  124  116  120  120   24
ch: 117  132  131  149  120  119  136  133  127  133  126  131  136  130  131  134  135  119  130  123  130  134  125  134  135  124  134  130  136  134  138  133   56
ch: 118  138  137  133  124  116  123  131  129  130  122  125  121  119  124  108  123  118  116  110  109  117  121  108  110  121  120  106  115  119  121  123   30
ch: 119  139  120  125  124  131  138  131  124  137  137  138  138  139  133  126  125  126  131  127  135  122  138  123  132  139  126  131  132  134  145  140   56
ch: 120  123  148  134  135  126  126  121  124  121  124  121  121  122  105  104  123  124  123  115  120   -1  117  132  125  111  120  107  119  124  122  118   18
ch: 121  123  123  135  127  125  130  124  122  130  122  126  124  125  123  118  130  124  117  124  132  132  125  118  130  131  132  121  126  131  124  135   56
ch: 122  132  117  138  122  138  126  122  123  132  122  104  137  122  108  115  117  122  126  120  127  118  131  134  124  127  119  131  117  132  126  121   14
ch: 123  131  131  134  124  134  134  139  135  131  135  132  131  132  127  125  125  127  131  124  131  126  132  134  123  123  125  124  148  134  131  139   55
ch: 124  131  120  131  124  123  125  124  120  131  126  126  119  121  119  115  115  104  120  124  115  118  117  124  114  120  116  124  126  124  133  115   -1
ch: 125  131  134  132  138  136  133  131  131  121  127  125  124  132  123   -1  134  125  127  132  132  130  124  124  133  123  126  125  131  135  135  133   31
ch: 126  126  125  130  125  122  126  120  121  123  127  124  124  127  127  103  116  118  119  122  126  108  109  126  108  117  107  111  130  117  130  109    5
ch: 127  134  131  131  133  126  140  126  142  131  121  135  125  134  127  144  136  135  134  145  131  133  138  129  132  137  126  133  135  150  145  140   18
