# ID XA-000-08-002-000-005-013-05
# Tag _trim_
# Date 240617_19:34:50
# Vref_p 57
# Vref_n 19
# Thr2_glb 40
# Vref_t 118
# Vref_t_range 1
# Pol 1
# ADC range 30-247
# FAST disc 30
ch:   0  119  110  115  111  114  125  100  103  108  116  103  102  107  109  110   94  108  105  103   98  117  105  110  107  109  101  110  107  108  117  118   19
ch:   1  130  124  115  109  118  119  112  105  100  110   98  107  117  117  103   98  103  103  106  108  112  115  104  107  104  118  121  109  125  121  121   42
ch:   2  123  108  120   89  116  107  106  108  116  106  104  109  110  104  104  115  101  104   99  102  114  105  101  116  104  109  110  122  135  127  125   -1
ch:   3  120  120  121  115  117  118  113  112  107  111  103  105  105  117  102  105  102  104  105  105  105  110  111  115  110  119  117  113  125  134  121   26
ch:   4  115  116  120  105  105  111  103   97  118  108  107   94  101  106  106  104  102  101  100  101  116  100  115  106  105  108  116  118  120  105  119   -1
ch:   5  109  120  104  103  108  103  106  110  114  108  109  106  108  110   87  108   94   94  102  106  103  104  106  100  117  108  111  109  117  118  117   30
ch:   6   99  114  120  115  109  101   98  107  113  108  107  105  108  107  122   93  122  107  106  101   99  111  108  101  106  118  108  111  114  118  122    8
ch:   7  134  118  123  111  110  118  116  104  114  107  109  110  106  106   95  103  109  104  100  104  101  119  109  116  102  110  114  120  117  108  110   32
ch:   8  121  100  117  115  106  114  103  109  115  103   91  107  106  104  101  101  100   94   94  102  108  109  106  105  111  119  100  116  128  120  117   13
ch:   9  116  117  111  113  105  120  116  101  103  103  103  123  107  104  100  103  101  102  114  109   99  100   97  103  117  114  118  120  120  109  140   28
ch:  10  122  107  118  116  118  114  105  111  105  107  103  104  108  105  106  118   99  102  102   90   99  102   92  114  121  106  113  117  108  119  119    9
ch:  11  119  119  125  116  115  109  131  106  108  107  108  105  107  106  107  102  108  114  109  104  107   99  105  107  115  103  124  108  121  115  125   20
ch:  12  119  123  106  118  113  120  108  106  110  109  101  107  102  106  107  108   98  112  110  104  106  100  101  109  110  104  105  107  120  113  122    9
ch:  13  119  115  115  108  108  106  115  107  107  105  112  101  116  106  105   98  108   95  105  105  110  102  118  103  104  107  118  105  116  110  123   19
ch:  14  115  120  108  118  108  108  116  107  105  108  105   94  101  114  105  102   93  108  103  104  106  105   99  100  102   92  118  119  118  120  134    2
ch:  15  116  116  124  105  115  101  115  100  113  100  102  112  108  120  101  103  108  106  115   99  104  101  106  107  117  117  120  119  123  119  125   28
ch:  16  122  122  104  102  100  116  109  101  106  102  105  110  105  109  101   91  100  108   99  113  102  102  102  110  103  105  117  102  113  125  123   19
ch:  17  124  130  121  117  107  107  117  109  116  107  119  101  100  106   97   99  106  104  110  106  107  115  108  104  104  104  114  120  119  108  126   27
ch:  18  120  123  118  117  118  120  119  108  104  115  101  100  113  109   95   94  101  116  101   99  108   94  106  103  103  124  114  123  117  115  119   12
ch:  19  120  119  113  116  111  107  110  106  107  108  106  107  106  116  103   94   93  102   99  102  103  113  109  107  113  119  116  111  115  126  123   41
ch:  20  121  116  118  111  107  104  115  102  109  108  110  103  107  110   95  100  109  107  109  110  107  101  109  100  109  117  108  114  124  117  114   14
ch:  21  119  119  124  105  106  118  118  104  110  106  102  105  102  106  103  104  107   99  107  101  105  103  116  101  111  115  116  103  121  118  123   27
ch:  22  106  115  117  119  115  108  117  107  105  110  101  109  105  102   94  102  106  102  109  105   99  103  104  104  115  109  106  113  120  125  117   15
ch:  23  120  120  118  117  105  107  102  117  108  111  103  106  109  100  102  106  109  104  106  103  116   99  106  108  104  116  117  117  118  114  131   36
ch:  24  125  117  108  111  122  114  114  119  103  107  102  108  107   94  107   99  109  110  106   87   94   93   92   95  110  110  115  113  109  123  123   14
ch:  25  106  115  101  117  114  101  108  110  113  103  101  101  109   98  116  105  111  103  102  117  104  106  104  108  107  105  116  117  119  123  125   30
ch:  26  106  122  118  106  101  108  108  117  107  116  101  105  113  101  104  104   99  117  107   99  101  108  106   -1  101  105  107  118  119  118  110   19
ch:  27  107  116  109  109  115  106  110  106  115  104  106  103  115  115   94   97  100   99  105  106  105  104   95  108  113  117  108  122  120  124  117   30
ch:  28  116  117  120  109  103  109  104  106  113  117  101  109  111  110   99  100  108  100  109  100  101  114  107  106  106  113  120  109  116  119  126   12
ch:  29  118  105  116  124  122  118  104  102  115  100  110  116  116  107  103   94  104  106  108  107  113  110  107  109  125  110  117  126  124  133  135   27
ch:  30  121  117  120  108  116  115  119  115  101  107  109   94  106  101  108  103  108  111   95   93  106  108   94  102  105  119  111  109  107  124  125   29
ch:  31  133  106  109  105  107  116  110  112  106  110  108  108   99  106  100  102  106  101  106  103  118  114  104  112  103  116  115  120  118  119  125   17
ch:  32  118  118  113  111  108  107  113  114  116  112  103   92  105  107  109  103  103  100  107  111  114  101  101  102  107  111  107  114  115  125  123   24
ch:  33  104  133  108  121  115  119  109  100  114  102  103  110  117  100  113   90  101  103  102  101   95  110  107  109  109  111  106  101  108  125  117   27
ch:  34  138  108  110  119  117  106  103  116  110  119  105  103  103   95   98  101  103  102  102  107  116   98  104  115  106  102  120  107  107  118  123   28
ch:  35  125  126  124  108  114   96  116  115  109  103  102  108  107  115  117  105  103  105   99  101  101  109  108  110  104  118  115  117  119  121  116   24
ch:  36  110  109  117  105  115  120  114  108  114  108  107  110  113  115  111   93   95  106  102   94  105  105  100  105  103  107  109  111  119  115  122   21
ch:  37  120  116  110  106  104  110  110   99  117   99  109  109  102  103  115  108  102  104  110  106  108  107  105  110  115  108  119  104  126  123  121   21
ch:  38  117  117  131  116  117  120  119  106  101  108  116  108  103  109   94  102  107   95  107  102  107  110  105  104  108  115  115  105  108  117  113   29
ch:  39  120  107  120  103  108  108  111  110  107  104  109  103  105  102  104  104  105  109  103   92  108  108   98  107  117  109  119  118  119  121  130   28
ch:  40  127  121  115  120  102  116  111  113  110  120  111  104  103  107   -1   99  111   97  102  107  106  102  114  109  107  114  105  115  120  131  119   21
ch:  41  114  109  116  113  122  122  117  119  108  101  110  101  104  105  116  117   95  108  107  104  105  105  105  110  106  110  115  114  116  118  135   29
ch:  42  112  121  116  109  108  118  100  107  106  104   99  106  116  109   91  101  104   99  107  117   92  104  100  115  120  116  120  120  105  115  121   25
ch:  43  117  119  117  103  120  109  104  108  114  109  108  102  116  105  108  106  104  106  102  109  109  107  116  116  110  117  114  125  120  119  118   26
ch:  44  103  124  119  109  104  118  106  104  105  116  105  104  103  109   91  101  102  108  109  108  108  105  110  106  106  104  115  115  122  117  121   21
ch:  45  122  107  121  117  111  116  102  105  106  111  107  101  117  107  107  104  103   99  107  107  106  108  108  104  108  111  131  117  125  120  121   23
ch:  46  132  107  118  118  115  114  106  116  114  106  113  104  108  105  104  107  103  121  101  109  106  112  113  115  116  104  100  116  114  121  120   25
ch:  47  114  116  118  120  111  102  120  120  104  108  106  105  109  105  118  107   92  107  105   98  107  108  104  108  103  120  115  120  114  123  120   25
ch:  48  117  120  104  118  113  120  106  116  119  104  104  117  103   94  108  114  103  109  109  107   99  110  110  108  110  114  124  110  126  132  124   22
ch:  49  124  133  118  115  106  111  117  107  108  106  108  118   99  107  106  107  101   99  106  102  108  120  100  105  114  127  124  133  124  131  137   30
ch:  50  116  120  114  123  114  117  112  103  107  107  106  108  100  100   94  101  114  109  116   99  109   98  102  102  106  115  107  119  120  111  117   25
ch:  51  119  110  116  110  107  116  109  107  100  104  103  102  105  116  110  105  108  105  114  104  109  115  115  103  104  104  131  115  122  124  121   42
ch:  52  122  124  106  105  106  116  119  100  113  106  100  118  106  106  101  106  116  107  107  117   91  108  102  115  107  107  118  110  120  122  123   32
ch:  53  109  121  117  109  120  122  108  110  117  108  105  103  110  103  108  108  101  103  106  101   98  118  117  110  119   -1  124  116  122  134  133   26
ch:  54  116  113  121  116  122  107  115  110  102  119  108  116  110  105  102  111  100  106   99   93  104  115   99  101  113  116  117  121  116  126  138   31
ch:  55  122  125  124  116  110  117  106  111  106  111  115  107  109  108  111  108  102  107  100  105  114  121  113  107  123  119  118  116  121  123  134   32
ch:  56  105  120  111  117  120  118  114  103  106  108  104  108  105  119  100  109  105  111  115  101  109  101  108  119  113  114  105  123  122  118  118   36
ch:  57  123  114  121  121  120  118   90  106  108  103  105  102  104   94  100   98   94  107  122  115  106   99  104  110  109   -1  120  110  115  123  119   29
ch:  58  119  115  104  107  108  115  116  104   95  108  115   99  104  105  115   99  104   99  113   97  106  104  113  102  115  116  115  115  117  117  133   34
ch:  59  120  109  107  117  114  107  107  116  114  118  114  107  101  102  109  103  106  117  114  104  107  106  120  116  118  116  109  120  127  115  135   26
ch:  60  113  121  104  121  114  115  118  108  108  120  105  124  112  110  102  110  101  118  113  101  110  115  114  105  102  108  105  114  115  115  132   26
ch:  61  123  117  105  118  108  120  110  107  113  114  103  104  102  110  115  102  118  108  105  109  117  109  104  110  113  122  106  124  114  119  125   34
ch:  62  118  110  110  114  104  117  103  113   95  100  115  104   92  109  106  108  108  110  104  105   98  107  102  108  114  109  125  119  116  122  135   21
ch:  63  115  119  114  120  117  114  122  103  117  123  121  105  114  114  117  105  104  117  104  120  110  103  110  105  108  118  128  117  123  121  137   28
ch:  64  120  117  120  108  105  107  114  116  105  114  113  108  110  100  108  111  107  105  107   98  116  105  102  102  108  114  121  109  122  115  123   34
ch:  65  130  122  119  121  109  115  115  110  118  109  103  116  104  115  101   99  103  110  105  101  118  103  106  120  119  116  115  133  132  138  133   37
ch:  66  126  122  119  132  117  116  117  110  102  101  101  115  116  110  103  103  117  114  120  106  108  116  121  112  104  122  121  113  118  122  132   33
ch:  67  115  114  106  115  106  111  110  115  111  100  109  107  106  103  110  115  101  107  104  102  104  107  109  109  115  123  114  121  121  133  132   18
ch:  68  121  108  114  115  114  119  114  108  118  106  114  100  119  110  109  103  103  106  101   94  100  110  110  117  108  116  115  121  106  120  120   26
ch:  69  118  119  118  107  114  120  121  107  116  120  116  109  110  108  113  109  108  102  109  117  117  115  116  109  115  109  117  115  123  130  118   29
ch:  70  114  123  130  107  107  119  118  111  116  110  107  109  104  104  105  107  114  104  103  108  107  108  115  105  106  113  103  109  120  117  136   27
ch:  71  122  107  117  122  115  117  110  107  113  109  104  104  115  108  111  118  103  106  120  110  106   91  114  119  110  117  105  110  121  126  131   28
ch:  72  105  117  111  113  118  130  113  105  111  116  104  114  103  101  103  117   90   95  109  108  108  105  103  119  111  122  103  109   -1  107  132   34
ch:  73  117  122  119  118  104  120  116  115  106  105  108  118  100  108  114  106  102  105  107  103  113  100  101  106  107  105  107  116  107  123  123   18
ch:  74  110  117  119  114  119  118  103  121  100  100  104  106  103  108  107  109  101  102  104  102  104  113  107  113  120  106  105  117  110  121  125   25
ch:  75  123  120  114  120  118  108  111  114  114  113  107  106  123  104   99  112  107  108  115  116   99  109  115  117  109  110  109  114  141  126  137   20
ch:  76  119  116  114  118  115  100  105  100  104  100  108  116  116  106   99   93   97  109  105  109  103  103  103  101  102  117  115  116  121  117  116   25
ch:  77  114  118  116  115  115  118  111  109  101  115  104  109   94   92  107  116  116  115  115  108  114  119  116  114  113  117  118  115  116  135  139   29
ch:  78  107  118  118  117  112  114  106  100  111  108  103  108  104  105  107  107  110  102  104  106  105  103  100   93  116   -1  115  121  118  127  124   23
ch:  79  117  114  108  119  123  106  117  122  119  109  108  103  117  100  107  115  103  104  108  106  107  105  116  119  114  103  118  125  125  124  120   42
ch:  80  120  120  113  111  118  108  110  103  116  114  114  103  104  108  102  101   98   95  105  100  108  112  107  105  105  116  121  101  115  127  123   34
ch:  81  118  119  119  114  116   97  113  107  113  115  111   99  105  110  107  101  110  101  107  104  110  118  115  110  111  117  115  121  131  124  130   25
ch:  82  130  107  118  116  104  104  106  107  104  103  109   99  108  107  100  107  109  100  113  108  108  103  108  104  110  102  115  122  120  116  125   30
ch:  83  110  110  124  109  117  108  121  111  110  108  103  105  109  104  104  103  103  103  106  104  116  105  113  107  104  111  121  118  118  116  120   34
ch:  84  120  113  118  107  118  116  115  112  123  110  121  118  116  103   99   99  113  110  104  118  108  103  105  105   98  114  131  118  122  121  122   22
ch:  85  114  114  118  132  113  114  115  108  107  107  116  109  110  117  111   99  117  108  108  108  101  109  106  117  120  104  119  113  117  124  121   39
ch:  86  126  115  118  104  104  114  105  114  110  118  109  107  106  107  106  108  107  102  115  116  115   92  116  111  117  114  108  106  123  123  123   23
ch:  87  119  132  106  116  109  103  120  118  113  110  103  117  101  110  110  107   94  107  106  110  100  111  100  114  132  123  116  120  124  123  132   30
ch:  88  119  123  115  117  118  117  116  106  116  103  104  110  113  110  101  103  110  115  114  113  109  110  106  101  101  118  110  120  131  130  134   29
ch:  89  118  121  119  115  114  120  121  107  103  106  104  108  111  115  103  103  108  104  108  118  107  113  106  116  106  110  117  117  120  112  117   29
ch:  90  124  115  114  121  115  120  104  113  120  108  101  109  100  107  110  125  115  105  111  107  110  104  109  117  103  122  119  124  116  125  130   31
ch:  91  107  122  108  107  119  120  114  102  108  103  103  100  109  100  105  106  108  104  103  102  102  106  118  106  120  118  123  120  134  126  123   35
ch:  92  123  116  115  119  125  119  122  108   94  116  119  114  118  118  103  115  100  100  115  115  114   99  103  117  106  119  116  119  119  124  125   28
ch:  93  130  111  117  118  117  115  109  120  102  109  108  115   95  107  106  105  110  107   99  104  108  116  116  109  112  119  121  116  120  132  134   29
ch:  94  115  121  114  119  115  102  100  108  100  105  115  109  104  109  105  107   90  109  106  101  114  105  101  114  110  108  114  120  123  121  137   18
ch:  95  117  124  116  123  117  115  111  114  109  106  108  118  105  109  113  112  117  111  117  118  112  116  121  112  114  104  118  118  119  123  131   45
ch:  96  119  122  117  111  113  113  118  113  106  114  120  104  108   98  113  101   93  114  105  109  107  105  103  102  112  114  115  116  126  119  120   25
ch:  97  126  115  103  115  109  115  122  120  107  108  121  107  114  111  104  100   97  105  107  114  103  117  116  105  115  110  114  119  117  124  144   35
ch:  98  118  113  116  106  117   99  108  102  100  114  116  110  106  109  103  110  106  115  108  108  104  110  114  106  108  113  110  118  114  122  121   21
ch:  99  123  116  120  109  107  117  109  120   99  100  109  111  107  117   92  108  107  106  102  106  114  107  107  114  115  115  117  119  127  117  131   22
ch: 100  121  119  109   99  118  116  110  108  100  117  104  110  116  107   99  106  103   94  106  113  108  116  117  119  106  116  125  107  126  120  129   18
ch: 101  115  119  126  121  120  116  105  110  111  104  118  105  117  102  117  115  103  105  118  120  108  105  111  113  105  114  119  122  110  121  127   29
ch: 102  113  116  114  106  108  118  106   99  120  106  100  109  108  105   94  105  113  106  100  100  116  101  109   99  103  104  113  107  123  120  119   11
ch: 103  118  120  114  108  119  110  102  126  111  108   91  106  108  107  105  105  103  108  104  104  110  114  104  114  118  132  121  119  132  121  135   34
ch: 104  121  123  109  110  109  113  108  105  101  120  100  106  106  106  107  105  101  101  105  106  100  114  116  107  121  130  107  122  115  120  110   16
ch: 105  122  124  118  114  106  116  132  108  114  115  115  102  102  106  107  106  115  102  103  117  120  104  107  123  116  120  122  123  123  131  126   31
ch: 106  109  126  116  106  123  110  116  100  120  111  107  110  107  109   99  104   98   99  108  102  118  111  100  113  109  117  106  106  122  120  140    5
ch: 107  109  110  118  115  120  103  110  102  104  110  116  105  111  116  118  100  102  104  100  107  120  103  116  119  119  121  122  121  126  119  126   36
ch: 108  131  105  123  119  117  104  106  116  110  114  116  109   99  110   99  103  110  105  108  111  107  100  105  115  114  116  119  117  121  110  123   17
ch: 109  120  123  118  115  111  120  115  113  107   99  105  102  108  110  107  116  102  103  100  107  112  115  109  106  103  112  122  117  122  122  119   31
ch: 110  121  130  126  120  118  123  102  102  104  100  107  101  100  101  101  107  104  103  122  106  108  104  104  109  108  115  116  120  122  115  111   14
ch: 111  117  110  121  121  115  105  115  116  115  105  107  101  109  109  115  115  106  120  102  117  107  119  106  118  114  105  116  119  123  126  134   22
ch: 112  119  122  113  110  119  115  111  108  107  108   99  109  100  106  105  111  105  108  103  101  104  106  104  115  116  103  117  111  119  121  125   10
ch: 113  132  123  106  121  122  114  101  108  108  119  110  108  120  111  108  105  116  100  105  118  102  106  116  118  117  116  127  119  123  135  118   29
ch: 114  120  137  116  106  103  124  119  121  106  107  108  102  105   99  115  108  114  108  104  111  101  106  108  118  119  113  105  117  119  127  123   10
ch: 115  131  124  118  122  108  108  107  114  115  125  111  108  106  116  108  109  117  113   98  107  110  103  109  123  117  114  115  130  120  123  116   27
ch: 116  117  117  119  111  107  114  104  115  110  106  114  120  120  104   94  105  104  116  115  100  102  115  115  117  107  117  119  108  117  138  119    6
ch: 117  115  118  115  120  109  117  105  120  109  103  117  103  109  107  101  104   99  114  100  102  107  108   99  119  114  119  113  111  120  123  124   40
ch: 118  118  121  120  119  110  122  116  117  116  101  107  108  107  119  104  116  118  105  107  104  101  111  104  108   -1  109  119  101  109  115  133   10
ch: 119  120  120  122  117  114  116  106  109  117  106  106  107  114  110  116  101  111  105  108  107  106  116  105  105  132  123  117  115  115  122  116   30
ch: 120  119  116  116  118  118  116  122  115  102  111  118  106  107  108  101  105  105  106  105  114  104   99  105  116  104  114  116  120  111  119  122    8
ch: 121  123  133  122  117  117  110  110  110  118  106  119  114  107  104  104  124  110  116  111  109  110  125  114  110  117  116  109  123  130  133  132   32
ch: 122  114  118  119  117  120  108  114  116  112  107  105  121  108  108  114  105  108  100   99  105  105  107   98  103  102  115  108  132  117  126  110   25
ch: 123  162  179  209  194  190  203  209  206  209  209  209  209  209  209  209  209  209  209  209  209  209  209  209  209  209  209  209  209  209  209  209   56
ch: 124  118  116  124  122  121  116  120  117  118  104  120  108  107  111  110  113  111  108  111  100  105  111  106  107  106  122  116  119  126  108  134   -1
ch: 125  118  119  121  107  114  116  118  121  104  117  125  106  113  108  114  115  110  107  104  103  118  119  105  119  123  121  120  125  124  133  126   33
ch: 126  119  117  121  110  113  127  102  117  105  115  107  115  106  107  109  117  109  109  107  113  116  115  109   -1  116  117  115  120  107  125  122   -1
ch: 127  117  120  124  131  122  107  123  115   -1  110  109  117  111  104  103  116  110  108  111  110  107  115  117  121  106  116  105  124  124  132  125   32
