# ID XA-000-08-002-001-008-201-05
# Tag _trim_
# Date 240802_18:54:36
# Vref_p 57
# Vref_n 22
# Thr2_glb 10
# Vref_t 118
# Vref_t_range 1
# Pol 1
# ADC range 30-247
# FAST disc 30
ch:   0  109  114  129  108  124  113  122  117  113  124  123  120  123  121  120  114  123  115  125  132  132  131  104  117  123  124  132  123  134  130  133   34
ch:   1  105  137  122  132  129  114  124  125  125  121  119  119  131  116  125  117  131  123  121  107  119  120  116  127  125  117  132  116  131  129  134   -1
ch:   2  108  114  119  115  115  107  127  115  116  121  119  124  119  122  116  123  111  123  130  119  131  116  118  133  123  130  125  118  133  123  126   49
ch:   3  118  131  124  123  117  120  119  115  131  130  123  119  125  125  119  122  111  115  123  116  114  120  125  135  123  133  121  123  134  132  140    1
ch:   4  115  118  118  122  122  115  125  121  105  114  119  113  120  120  120  118  120  115  109  119  115  119  110  131  119  133  115  116  125  134  120   23
ch:   5  119  114  119  119  108  116  110  119  119  118  127  116  118  123  125  123  124  121  115  124  115  117  130  126  123  120  130  118  133  126  140   -1
ch:   6  119  120  116  121  120  104  113  116  110  122  121  109  119  118  110  119  122  120  122  126  113  120  117  133  122  121  115  119  133  119  135   -1
ch:   7  130  125  131  123  110  118  117  118  121  115  119  114  121  119  122  121  124  117  121  125  131  105  118  133  120  126  133  130  121  137  126   -1
ch:   8  127  122  130  116  121  119  117  120  121  118  117  106  122  119  126  123  111  106  108  115  113  106  122  114  115  110  132  122  106  126  125   -1
ch:   9  121  120  119  118  118  115  124  111  107  109  115  122  111  118  105  107  121  124  116  119  125  123  108  117  118  124  125  119  130  135  132   32
ch:  10  107  120  116  121  118  120  121  118  121  119  126  122  113  131  123  119  120  119  120  119  120  118  110  109  133  117  120  133  123  132  136   -1
ch:  11  120  122  135  116  105  117  123  116  108  137  116  118  114  132  121  114  126  121  120  116  131  123  117  127  126  121  120  132  131  140  137   28
ch:  12  120  118  118  121  125  119  129  119  121  119  114  126  116  132  127  122  123  110  116  131  119  123  121  131  131  123  125  130  131  140  121   -1
ch:  13  123  112  124  116  117  123  116  132  131  120  121  118  125  116  117  123  126  119  122  118  124  131  120  134  119  125  125  122  124  139  139   -1
ch:  14  131  119  124  119  120  117  115  123  119  118  125  120  131  105  105  116  117  123  121  118  107  121  122  108  130  118  133  133  122  125  139   -1
ch:  15  123  122  119  119  121  125  117  127  123  121  122  121  125  131  125  119  130  123  120  125  122  126  119  130  139  117  132  132  131  124  140   -1
ch:  16  121  121  123  124  122  118  132  121  126  124  119  121  119  119  115  116  121  122  122  116  133  118  122  123  136  132  120  126  135  134  126    5
ch:  17  125  124  136  110  117  121  131  120  117  125  130  120  122  124  117  117  124  124  131  135  121  132  124  122  119  130  137  120  126  134  126   -1
ch:  18  129  127  116  126  119  132  122  105  122  110  121  110  116  118  114  129  117  129  105  106  120  109  120  130  123  121  118  122  133  123  125   -1
ch:  19  119  136  132  116  120  124  123  131  120  115  119  126  131  110  123  136  124  121  123  130  122  137  131  121  124  124  129  125  136  122  137   -1
ch:  20  123  122  122  121  121  120  121  125  138  123  124  121  118  118  120  109  120  120  117  119  121  118  119  137  121  122  135  137  132  135  136   50
ch:  21  125  129  122  117  133  121  135  126  134  125  124  130  122  116  121  119  120  124  116  129  120  121  119  120  131  123  130  135  131  132  133   16
ch:  22  123  130  132  132  124  124  123  118  131  137  123  111  126  114  122  123  125  127  123  131  124  120  124  118  124  121  123  133  139  138  137   14
ch:  23  123  130  116  135  117  121  124  121   -1  123  126  124  133  119  118  117  120  119  124  124  130  136  124  122  123  124  140  136  136  146  134   32
ch:  24  117  125  123  119  116  121  133  123  122  119  120  123  135  118  108  120  123  118  108  109  133  122  118  121  122  122  121  130  136  146  133   -1
ch:  25  133  124  121  111  133  120  120  123  123  127  120  116  134  121  119  120  122  116  121  117  118  123  122  124  132  131  122  123  119  143  132   41
ch:  26  132  117  132  121  120  125  123  124  120  118  120  125  126  124  118  130  126  122  127  122  121  116  125  133  134  134  137  139  130  132  140   -1
ch:  27  135  122  117  134  126  132  124  125  117  121  119  124  131  131  121  132  123  122  135  134  119  126  124  123  131  125  137  140  133  152  143   32
ch:  28  125  119  125  120  134  126  134  116  124  121  123  117  123  129  119  135  119  124  121  119  122  122  136  119  121  131  119  116  126  134  139   24
ch:  29  126  126  132  132  121  130  135  123  126  123  133  131  122  119  119  117  106  131  126  129  131  127  131  125  122  117  136  126  131  136  133   -1
ch:  30  117  123  124  121  121  119  135  116  121  117  124  134  119  118  122  121  114  117  124  119  130  122  118  114  127  124  120  120  133  131  135   -1
ch:  31  131  125  118  111  126  121  123  126  116  124  132  124  124  135  133  113  133  121  123  122  121  135  125  132  138  120  137  134  134  131  138   -1
ch:  32  117  124  131  116  121  133  118  106  120  128  119  126  127  117  117  125  138  122  123  121  130  117  135  133  124  132  125  122  138  129  138   26
ch:  33  118  118  122  122  121  125  131  131  126  124  124  130  132  124  120  120  106  109  124  124  131  124  125  118  119  122  134  133  135  146  140   37
ch:  34  132   -1  125  131  122  124  132  125  121  121  119  120  119  117  108  126  121  125  129  134  118  131  124  123  125  126  118  122  132  136  133   25
ch:  35  119  126  131  132  135  124  131  118  123  118  125  125  131  123  123  126  124  125  122  126  130  131  119  135  131  122  135  135  129  134  135   -1
ch:  36  125  131  129  126  116  123  121  117  133  121  123  121  121  115  118  113  119  123  114  121  121  121  133  117  124  126  138  130  134  134  133   43
ch:  37  121  139  120  133  117  121  125  130  126  113  121  124  126  118  122  119  131  120  125  124  132  127  131  131  120  136  130  132  145  140  142   12
ch:  38  131  132  122  122  118  119  121  125  124  124  124  123  126  113  120  135  117  123  120  119  117  125  135  113  124  139  139  131  133  130  133    3
ch:  39  124  123  134  117  124  124  130  122  123  120  137  118  121  122  127  132  130  132  132  121  138  123  124  129  136  141  131  134  123  138  133    7
ch:  40  131  108  133  117  125  116  117  120  135  123  113  121  122  126  130  132  113  120  120  133  123  126  132  118  117  125  132  130  134  137  140   -1
ch:  41  127  120  130  136  120  133  130  120  116  123  131  132  123  124  125  116  135  126  124  122  127  125  124  123  134  138  129  134  135  138  138   23
ch:  42  127  134  120  129  125  123  123  128  114  120  118  135  122  118  104  125  116  116  118  124  127  117  126  129  121  115  125  131  138  138  135   -1
ch:  43  125  123  123  110  125  129  124  118  120  119  119  124  117  135  130  123  125  121  125  131  147  136  134  132  129  122  137  134  138  126  146   -1
ch:  44  124  111  126  120  119  122  120  133  132  115  129  133  131  122  108  136  116  120  121  123  133  125  115  126  123  122  121  120  131  139  122   42
ch:  45  132  123  121  120  124  125  125  116  130  130  134  132  120  120  125  124  118  122  131  126  121  125  108  126  124  130  123  140  125  151  139    4
ch:  46  116  124  124  121  118  119  129  118  121  131  132  106  122  107  113  119  123  107  120  118  120  124  126  135  126  123  119  131  131  141  133   12
ch:  47  123  117  127  124  121  122  135  136  121  117  120  119  123  131  124  127  117  120  133  117  127  124  116  132  142  124  135  140  140  135  138    3
ch:  48  119  131  130  119  117  131  121  122  126  131  121  133  129  119  119  124  122  116  120  125  131  135  134  125  122  123  132  133  123  140  132   39
ch:  49  132  117  122  124  123  118  123  134  121  122  121  125  130  121  122  122  122  121  135  131  137  125  121  122  134  131  129  130  126  132  142   -1
ch:  50  126  132  123  121  133  130  121  133  113  122  129  124  126  124  120  124  117  121  130  116  117  115  118  137  138  135  127  131  141  142  122   13
ch:  51  131  134  121  138  125  115  119  125  121  124  134  134  126  113  132  136   -1  131  132  133  132  126  130  126  126  127  125  133  140  139  134   -1
ch:  52  134  120  122  123  122  121  121  120  110  122  122  129  125  118  125  133  123  122  115  119  125  124  124  131  135  137  129  124  137  135  135   -1
ch:  53  120  124  123  138  130  123  120  135  125  125  115  126  119  123  133  134  127  122  123  134  125   -1  142  130  142  132  125  135  126  139  140   -1
ch:  54  125  130  126  125  127  120  118  122  126  120  126  123  117  132  132  116  127  130  122  127  119  132  129  137  132  139  124  138  150  135  139   -1
ch:  55  126  126  122  117  111  135  122  124  126  125  126  125  124  121  123  120  122  121  123  131  135  134  124  133  122  132  133  136  131  137  140   11
ch:  56  132  131  118  132  129  120  122  121  117  122  125  124  124  123  120  129  121  124  122  130   -1  120  137  124  134  123  133  133  141  131  134   -1
ch:  57  131  122  130  125  131  125  126  122  124  126  134  120  131  119  131  130  113  109  124  124  123  132  122  130  132  123  138  140  132  140  151   -1
ch:  58  120  120  125  121  114  107  119  125  126  119  132  126  119  120  124  134  122  117  134  111  123  116  122  127  131  121  125  127  138  132  135   44
ch:  59  135  127  123  119  140  133  130  122  118  132  132  122  138  121  136  125  126  126  135  132  107  119  135  136  135  134  133  125  138  135  142   32
ch:  60  122  132  127  120  122  125  120  119  117  134  120  124  124  121  121  121  122  122  123  136  124  125  132  131  123  135  131  138  133  135  139   -1
ch:  61  110  115  123  126  110  126  122  122  118  133  121  115  133  127  123  118  123  126  135  131  129  134  121  132  139  134  123  124  131  138  140   -1
ch:  62  127  123  124  119  124  123  107  124  121  126  122  122  122  120  121  121  125  121  130  121  126  118  119  127  126  124  123  135  147  130  135   15
ch:  63  126  125  131  123  132  123  133  131  122  125  117  124  134  132  115  132  130  120  136  125  123  126  127  130  121  141  118  147  133  132  143   -1
ch:  64  126  125  130  120  121  120  129  126  135  121  130  133  118  125  117  136  133  125  143  118  134  133  114  121  132  123  134  129  129  136  125   -1
ch:  65  123  124  120  126  122  127  123  110  122  118  122  126  115  123  120  118  107  120  120  132  124  116  125  131  137  132  133  134  125  143  138   -1
ch:  66  134  114  120  122  120  126  123  116  127  117  124  123  121  133  123  128  123  116  123  123  136  119  130  117  121  130   -1  136  118  131  135   -1
ch:  67  123  132  125  123  138  123  122  126  123  115  131  119  135  123  133  138  126  126  127  118  121  133  134  119  124  132  134  135  133  139  135    6
ch:  68  124  117  132  136  123  118  136  125  121   -1  126  133  122  122  118  123  114  137  122  129  121  119  119  122  122  131  132  118  126  141  134   -1
ch:  69  132  122  123  126  126  118  119  124  123  125  118  116  113  132  108  136  134  123  125  130  119  147  137  135  122  123  129  145  133  127  137   -1
ch:  70  131  116  123  116  116  132  123  123  121  131  132  119  130  122  123  127  125  121  117  127  119  133  130  120  120  122  124  127  142  132  137    8
ch:  71  117  123  126  122  129  121  140  120  122  121  124  122  124  117  117  121  122  120  124  118  133  123  129  133  133  130  126  126  136  123  142   -1
ch:  72  122  117  131   -1  131  122  117  120  125  135  119  110  131  127  119  130  124  124  124  116  121  136  132  134  132  127  135  133  142  132  137   -1
ch:  73  119  126  121  123  122  125  139  121  130  130  114  127  130  134  122  123  116  131  123  112  115  123  132  131  135  122  121  136  127  143  142   13
ch:  74  133  124  120  119  132  125  133  115  115  117  117  109  120  114  116  124  113  120  119  131  118  119  133  122  131  131  133  127  132  125  147   -1
ch:  75  125  136  121  130  132  135  123  120  119  120  116  116  119  122  131  124  124  124  129  125  134  123  122  126  130  123  136  132  123  136  142   -1
ch:  76  123  120  122  138  127  134  129  126  139  134  119  132  132  124  119  111  124  123  129  125  121  127  124  126  136  129  134  131  140  130  136   -1
ch:  77  118  122  122  135  133  126  123  125  118  120  118  118  132  119  118  116  120  120  116  127  126  122  129  118  139  120  130  134  131  123  130   -1
ch:  78  132  125  132  123  130  117  123  122  127  116  137  120  131  130  121  122  120  139  123  122  136  127  130  118  136  120  134  127  133  140  150   -1
ch:  79  135  124  124  118  118  132  120  111  124  120  117  125  115  129  122  121  120  123  120  121  134  132  123  117  123  135  118  136  139  137  134   35
ch:  80  138  130  123  132  132  135  133  116  134  126  108  118  127  115  139  116  124  134  119  119  118  122  135  133  135  133  121  133  123  135  141   -1
ch:  81  132  136  131  119  122  115  134  117  133  122   -1  122  134  115  131  133  123  119  123  124  124  136  117  119  129  132  139  134  137  135  140    8
ch:  82  119  124  117  120  120  119  126  119  121  123  117  119  118  124  130  117  124  107  127  119  124  135  134  125  120  124  131  140  133  131  134   -1
ch:  83  133  133  126  127  133  136  135  131  130  119  117  134  123  120  123  127  114  126  131  123  132  132  138  137  138  119  131  118  122  126  137   44
ch:  84  123  124  124  123  132  119  118  131  131  133  109  124  134  127  136  119  123  118  119  122  124  122  122  126  119  138  133  134  132  133  139    1
ch:  85  125  125  122  124  117  124  122  121  121  130  117  119  122  125  117  115  125  123  116  126  122  131  125  123  127  124  134  132  131  142  139   -1
ch:  86  133  120  124  132  119  123  116  121  132  126  122  119  126  106  129  124  118  123  118  132  124  122  117  132  123  123  122  134  136  124  125   -1
ch:  87   -1  133  123  133  131  117  121  135  119  132  137  123  129  137  120  134  127  121  122  124  111  125  120  133  118  122  138  127  139  150  138    1
ch:  88  125  120  129  125  123  132  131  116  131  119  134  120  121  111  133  118  114  123  127  123  134  126  132  118  132  122  123  127  136  138  125   -1
ch:  89  134  119  131  132  119  132  123  121  108  120  126  121  121  117  131  121  118  121  126  108  123  119  107  133  125  134  133  132  133  140  149   -1
ch:  90  118  118   -1  129  118  130  139  122  121  127  122  120  135  110  122  116  124  123  123  116  121  130  121  134  113  125  123  133  126  137  134   -1
ch:  91  126  122  124  127  122  110  117  116  121  130  124  123  119  121  132  122  121  122  125  125  131  133  121  131  133  120  137  133  123  134  133   -1
ch:  92  123  124  120  131  132  128  123  116  122  133  116  115  123  125  115  118  124  117  118  133  136  122  125  125  126  130  134  124  126  122  135   -1
ch:  93  132  124  109  122  119  116  127  131  125  121  126  118  119  130  126  120  119  120  125  122  130  134  127  125  131  119  140  130  130  147  138   16
ch:  94  131  134  120  125  124  129  119  123  118  127  131  125  126  124  121  109  116  120  125  120  113  120  132  134  124  125  130  119  129  123  153   -1
ch:  95  121  119  116  125  121  119  125  127  133  125  124  116  130  116  110  108  126  125  123  140  123  126  134  120  126  121  132  123  131  135  135   -1
ch:  96  132  122  121  130  132  123  130  133  135  122  120  118  135  127  119  116  123  120  129  127  121  121  134  124  131  119  123  125  130  123  142   13
ch:  97  124  131  122  122  117  123  117  131  118  136  125  130  120  116  130  125  118  118  117  124  123  113  124  118  120  124  148  134  138  137  145   -1
ch:  98  134  120  131  131  132  131  126  130  132  126  120  125  121  123  124  120  124  108  120  119  118  115  132  121  133  131  133  133  132  121  138   -1
ch:  99  125  124  122  122  119  136  131  130  120  118  125  120  128  125  107  121  126  124  118  122  118  122  132  132  122   -1  131  139  130  124  137   -1
ch: 100  130  128  119  133  116  121  119  121  124  131  117  113  123  119  115  119  124  115  134  128  122  134  116  124  124  124  118  131  133  135  136   -1
ch: 101  125  116  122  121  135  125  120  135  123  118  115  133  130  125  123  105  123  110  122  135  121  131  120  109  132  125  123  135  138  138  122   25
ch: 102  125  121  122  129  123  121  120  134  126  119  109  127  124  121  106  124  134  119  118  119  136  123  124  122  114  134  123  137  134  142  141   -1
ch: 103  124  123  125  132  119  122  113  122  124  121  116  124  120  123  117  119  124  133  125  124  131  118  126  124  132  123  125  138  123  138  139   -1
ch: 104  123  121  119  123  124  116  118  122  130  123  119  121  125  131  125  120  130  118  123  122  108  120  121  124  131  129  127  125  133  135  137   28
ch: 105  123  120  120  120  124  128  122  129  115  131  119  120  121  118  123  131  124  123  124  116  122  124  117  119  121  134  118  123  137  131  135   -1
ch: 106  117  121  122  133  127  129  131  118  124  126  126  135  120  121  119  125  121  122  135  120  123  127  124  122  126  137  131  132  124  134  139   11
ch: 107  135  123  121  118  124  130  131  121  123  122  116  116  121  123  124  125  130  119  126  131  119  136  124  124  127  140  140  131  139  125  141   35
ch: 108  121  122  119  135  121  115  136  122  119  117  120  121   -1  108  130  124  120  123  122  117  118  135  124  116  135  121  131  135  134  142  137   23
ch: 109  132  124  121  135  123  118  132  123  118  120  120  129  115  121  124  123  121  133  134  121  123  123  119  124  134  136  134  124  142  146  137   48
ch: 110  123  136  134  139  135  149  146  133  140  153  138  142  149  142  136  148  136  142  152  139  157  155  157  151  163  152  156  164  162  155  165   -1
ch: 111  118  126  122  122  122  121  130  119  124  127  130  124  132  120  127  108  119  121  129  116  125  135  122  120  135  137  123  143  133  153  149   14
ch: 112  125  134  122  127  124  134  139  140  145  137  134  139  140  136  133  130  133  141  141  139  139  149  157  152  152  160  147  155  149  151  155    4
ch: 113  124  119  114  133  123  127  110  126  122  130  136  121  132  129  125  129  118  122  130  132  122  132  130  138  122  140  129  132  136  140  150   43
ch: 114  122  130  110  131  122  116  130  121  116  122  132  123  120  117  120  125  115  117  125  123  118  120  118  127  129  132  135  132  137  131  136   -1
ch: 115  123  132  125  132  126  128  122  124  126  120  116  115  130  131  126  118  117  132  122  123  127  142  132  132  132  132  136  139  138  132  140   22
ch: 116  120  125  124   -1  130  116  124  114  123  122  116  122  117  124  124  120  125  131  119  131  119  129  124  131  117  119  134  125  122  126  135   -1
ch: 117  109  115  125  118  122  118  118  117  122  132  116  124  125  116  137  124  127  120  121  131  128  124  126  123  119  133  122  135  135  136  135   25
ch: 118  129  129  117  131  119  116  121  112  122  121  132  120  119   -1  121  121  122   -1  121  133  119  133  129  133  126  133  123  117  132  123  125   44
ch: 119  123  115  115  119  116  119  117  126  118  124  131  117  124  124  139  127  120  119  126  137  121  130  130  117  130  137  134  132  123  134  149   -1
ch: 120  134  118  126  122  123  121  117  121  122  131  124  117  121  120  124  116  120  134  119  116  131  116  118  123  125  126  132  123  134  137  138   34
ch: 121  124  133  118  125  115  119  119  120  133  108  129  138  115  121  120  114  114  132  121  132  128  122  123  124  120  132  135  134  133  122  133   -1
ch: 122  118  122  132  133  120  120  117  118  124  133  124  118  118  118  124  122  125  131  121  121  120  118  123  118  134  129  132  121  123  139  139   40
ch: 123  115  126  118  117  117  131  135  126  124  122  127  119  119  122  123  129  113  118  122  117  121  115  125  126  120  116  133  119  135  140  140   17
ch: 124  122  120  125  132  125  121  136  132  118  117  127  131  127  125  136  123  111  122  124  120  131  138  126  134  136  119  121  133  138  141  132   -1
ch: 125  116  129  127  135  133  123  115  119  124  125  123  121  118  117  130  131  122  124  118  123  134  139  132  132  137  144  131  127  141  134  140   32
ch: 126  121  130  132  116  125  121  122  124  124  118  118  121  129  124  124  127  122  123  123  136  117  126  125  121  138  132  122  122  139  119  136   -1
ch: 127  119  124  109  123  115  117  126  125  123  126  129  121  127  125  120  118  130  117  129  117  123  121  130  135  121  132  124  131  122  133  133   -1
