# ID XA-000-08-002-001-008-203-05
# Tag _trim_
# Date 240802_19:31:00
# Vref_p 56
# Vref_n 22
# Thr2_glb 36
# Vref_t 118
# Vref_t_range 1
# Pol 1
# ADC range 30-247
# FAST disc 30
ch:   0  137  135  133  124  119  139  131  122  132  134  117  131  124  124  117  115  123  118  137  124  131  115  112  123  134  140  118  126  122  138  137   14
ch:   1  131  133  133  137  135  122  133  125  137  130  119  123  133  120  118  124  119  125  121  136  135  122  121  120  121  125  125  133  124  135  126   35
ch:   2  121  140  137  122  132  139  137  123  117  120  133  125  120  123  119  121  124  122  137  119  123  119  123  132  115  123  139  124  129  133  138   16
ch:   3  139  132  133  137  126  119  127  127  122  134  120  132  110  126  117  119  117  135  123  130  126  113  132  122  122  117  134  132  122  125  136   31
ch:   4  116  136  119  134  123  123  123  119  135  121  126  122  132  129  124  116  119  115  120  119  116  109  122  120  125  123  120  134  124  124  140   21
ch:   5  124  127  124  133  122  122  134  119  131  124  136  119  124  119  124  125  123  121  130  113  117  131  126  122  130  127  122  131  131  140  126   34
ch:   6  139  138  123  120  122  118  124  122  114  126  119  122  127  131  118  131  125  123  115  108  121  122  122  139  131  131  131  125  122  119  142   27
ch:   7  126  121  126  120  133  123  121  133  136  120  122  118  135  119  117  123  117  132  134  123  126  124  120  131  125  122  133  129  133  133  136   35
ch:   8  123  121  140  135  122  125  138  130  121  130  120  120  115  122  133  110  130  119  118  115  131  110  125  124  118  125  125  124  125  142  121   37
ch:   9  135  137  122  122  131  125  134  118  124  132  105  124  130  122  116  125  122  117  114  119  137  130  120  134  120  123  132  131  124  125  140   35
ch:  10  123  133  121  135  127  136  121  115  125  120  123  121  122  126  130  121  135  121  122  125  117  121  121  120  117  130  137  133  138  138  134   25
ch:  11  138  137  133  132  140  132  119  125  132  122  135  115  122  133  122  123  125  122  115  114  124  122  120  121  139  141  139  142  147  124  143   36
ch:  12  132  135  135  125  136  121  134  137  120  120  115  123  121  124  133  122  123  123  124  114  110  117  115  122  124  137  124  126  122  123  138   40
ch:  13  137  126  141  126  138  125  132  133  129  137  117  123  123  134  121  122  121  124  121  119  119  123  120  133  133  122  133  125  135  135  140   33
ch:  14  134  121  120  120  134  120  121  130  135  118  125  125  117  119  115  126  134  116  121  111  124  115  136  131  108  117  116  135  125  125  122   28
ch:  15  122  138  139  133  140  141  124  132  123  121  122  120  120  123  121  124  115  117  135  120  118  118  120  120  120  131  133  133  125  132  138   32
ch:  16  137  123  142  132  136  136  131  135  121  120  123  133  122  130  115  130  120  125  124  133  134  123  127  124  122  124  127  135  125  134  138   28
ch:  17  136  141  125  124  126  138  124  122  124  126  121  118  126  134  131  117  122  122  116  118  131  122  126  135  120  124  137  133  137  135  132   34
ch:  18  126  133  132  122  135  122  134  115  123  136  126  130  113  134  125  123  125  133  137  138  132  120  116  130  117  136  132  136  133  124  124   27
ch:  19  134  135  124  132  132  123  124  118  130  133  125  139  117  133  118  134  121  122  115  122  132  136  127  118  143  130  123  133  125  147  137   44
ch:  20  134  118  123  126  131  123  124  136  121  120  123  122  125  134  126  118  118  122  136  123  134  117  123  125  135  123  119  125  133  135  139   40
ch:  21  123  136  124  123  137  122  125  123  134  126  126  134  116  124  121  121  119  126  108  119  122  118  136  132  123  118  132  133  137  140  133   30
ch:  22  140  121  133  143  122  150  131  137  135  142  124  131  132  127  118  131  126  120  122  125  139  123  120  131  122  131  123  122  134  134  121   54
ch:  23  141  130  127  117  123  119  122  132  125  134  118  121  123  121  132  123  126  118  115  125  117  133  123  123  131  113  118  125  131  139  131   35
ch:  24  124  131  131  135  125  124  140  139  132  123  131  126  121  115  125  121  123  126  127  115  124  123  126  122  121  121  137  125  132  122  137   40
ch:  25  135  136  133  131  136  126  129  130  125  126  126  120  133  124  122  126  120  124  121  124  121  124  124  135  118  138  133  126  142  130  141   51
ch:  26  135  140  124  120  136  135  133  123  135  119  116  124  138  136  131  120  123  140  124  126  132  121  123  125  125  133  126  135  139  141  137   48
ch:  27  135  133  126  120  134  124  133  121  133  113  121  123  118  121  124  120  111  125  119  120  124  122  118  123  133  123  132  125  137  132  125   34
ch:  28  133  117  134  131  124  139  146  135  131  131  130  134  118  135  131  123  132  124  132  121  136  124  122  140  121  125  132  131  116  139  130   39
ch:  29  142  135  131  132  140  138  139  123  134  132  122  119  120  120  122  120  118  126  119  119  133  131  133  132  119  124  121  135  124  134  140   35
ch:  30  139  121  136  137  130  132  131  118  124  122  136  136  121  116  126  120  118  132  136  121  117  117  117  122  119  134  121  137  135  127  125   31
ch:  31  138  124  121  135  125  124  123  125  133  125  122  135  119  120  125  133  122  119  136  135  120  121  131  117  118  116  125  138  131  147  137   32
ch:  32  117  138  132  127  133  136  138  133  125  120  132  116  130  117  132  124  121  124  122  120  122  123  115  117  123  130  131  126  147  140  136   42
ch:  33  126  132  135  132  135  126  138  125  134  132  135  123  121  134  122  122  124  121  132  118  124  116  120  133  138  135  135  135  124  121  138   52
ch:  34  141  119  130  130  135  136  122  117  135  118  125  120  123  143  119  118  134  120  125  117  121  121  131  108  119  124  135  130  130  126  132   46
ch:  35  136  133  131  122  133  132  124  124  135  132  124  125  114  122  131  123  125  117  120  130  116  118  131  124  132  123  124  125  133  137  125   48
ch:  36  141  123  134  124  133  134  135  135  132  135  132  121  120  113  123  132  116  126  122  133  121  126  136  134  138  123  135  135  136  135  137   48
ch:  37  123  134  136  124  132  134  133  125  131  121  137  123  123  120  134  136  137  124  135  117  118  116  123  132  121  139  133  123  133  141  126   42
ch:  38  124  129  135  138  123  130  134  120  137  125  134  123  132  117  130  119  132  124  118  120  133  134  134  123  119  125  135  132  139  137  132   37
ch:  39  122  137  131  132  124  137  124  118  121  122  135  119  118  132  122  118  121  110  119  133  132  132  121  123  123  125  125  136  138  136  134   46
ch:  40  132  133  135  136  122  123  140  121  137  138  132  138  121  130  123  117  116  121  118  132  116  139  121  124  139  132  129  122  133  136  141   46
ch:  41  135  134  136  139  121  120  133  121  132  121  120  136  130  119  126  123  110  122  125  134  122  118  123  126  133  134  140  135  121  131  137   42
ch:  42  134  133  124  124  121  122  134  126  121  122  123  134  122  137  122  132  125  123  125  117  114  119  135  116  121  130  118  122  138  135  138   40
ch:  43  132  124  141  142  139  125  124  121  123  122  121  124  121  120  124  120  136  122  123  132  134  126  123  121  134  124  138  137  130  142  137   50
ch:  44  127  131  127  135  139  125  118  121  135  124  132  130  121  124  118  129  123  134  124  125  133  130  120  134  122  125  124  134  133  127  139   49
ch:  45  132  126  134  142  127  136  115  122  138  126  118  123  124  121  131  120  132  135  140  121  123  124  121  124  124  123  119  139  137  139  134   44
ch:  46  134  130  136  124  124  120  116  126  117  125  136  119  122  119  122  128  120  132  127  124  126  121  120  121  126  136  121  131  130  145  140   36
ch:  47  132  138  115  119  126  125  123  120  117  116  120  121  138  125  119  118  123  111  124  133  120  117  117  121  124  126  133  126  147  147  127   45
ch:  48  133  140  126  136  135  137  149  124  135  130  118  126  124  133  118  125  120  133  132  119  124  134  130  139  136  133  132  134  138  127  140   44
ch:  49  122  142  131  126  119  143  130  122  136  114  123  136  126  119  123  115  124  136  123  132  117  118  125  130  133  134  132  126  126  130  139   31
ch:  50  124  138  135  134  132  141  125  135  133  114  136  122  122  117  134  135  138  138  118  135  142  121  126  125  131  129  137  120  119  123  135   55
ch:  51  125  132  139  123  132  132  121  120  116  133  123  123  132  125  123  118  125  131  114  118  131  123  134  125  131  124  136  117  133  123  138   50
ch:  52  140  136  138  115  137  120  118  136  122  124  125  131  124  132  117  125  122  114  110  126  126  122  134  127  118  124  122  139  134  138  141   40
ch:  53  130  135  138  120  141  133  122  133  126  117  133  123  123  133  117  132  122  119  124  123  130   -1  123  132  120  124  125  126  136  140  140   40
ch:  54  133  121  130  132  135  133  132  135  125  130  131  124  111  118  133  125  123  134  123  126  133  118  118  120  133  134  132  116  125  136  136   50
ch:  55  131  122  135  138  135  122  122  131  119  118  127  138  120  131  132  120  130  115  110  120  120  119  124  136  131  132  123  124  126  133  134   41
ch:  56  132  130  127  125  132  137  124  123  133  119  126  126  133  110  127  124  135  120  117  119  121  137  119  125  118  139  123  122  126  132  131   37
ch:  57  133  127  134  120  126  120  134  121  124  122  124  132  121  121  117  124  116  122  125  116  123  112  115  121  124  123  118  129  136  136  126   45
ch:  58  131  137  137  139  132  123  132  131  120  124  119  122  122  115  118  125  120  136  115  122  124  124  119  130  121  133  122  121  122  136  133   45
ch:  59  132  126  124  131  126  120  135  137  127  124  122  121  133  119  126  110  124  133  124  113  118  122  130  131  129  123  136  130  124  125  138   52
ch:  60  119  122  136  134  136  122  118  135  119  127  132  125  119  124  122  126  121  134  120  132  117  121  119  137  123  140  126  125  123  136  133   41
ch:  61  117  134  134  126  135  132  125  132  138  125  117  119  125  117  132  133  116  122  115  119  116  134  123  115  141  134  121  135  123  133  137   39
ch:  62  126  144  127  134  132  132  130  133  122  126  123  134  118  124  132  125  118  114  118  131  122  123  121  131  120  130  123  119  122  140  134   39
ch:  63  134  122  126  127  124  125  125  132  125  122  126  121  120  123  134  117  121  131  123  121  121  119  133  125  121  132  136  120  133  137  141   46
ch:  64  123  139  138  132  135  135  126  119  123  127  131  131  116  131  124  140  120  133  124  133  117  134  121  129  126  125  124  117  135  139  131   34
ch:  65  145  126  141  135  121  138  124  133  133  131  133  120  133  118  111  126  120  134  122  124  115  137  131  135  120  135  133  138  140  133  125   37
ch:  66  137  133  125  122  134  140  140  135  132  137  123  124  119  125  120  133  122  122  135  133  111  119  118  131  140  139  137  121  122  125   -1   31
ch:  67  142  137  135  132  138  131  125  125  136  127  122  134  133  121  133  124  120  120  119  118  122  120  134  121  124  119  131  138  131  123  137   33
ch:  68  131  140  132  123  121  122  122  134  133  132  136  117  122  131  131  121  122  134  108  127  115  131  118  120  124  123  126  133  133  135  140   44
ch:  69  138  133  136  131  137  122  137  125  122  131  123  134  123  119  123  122  135  124  120  114  137  127  132  135  117  135  123  122  146  127  143   39
ch:  70  121  133  135  118  137  124  126  121  135  118  122  138  132  116  122  127  123  119  110  133  121  121  118  123  122  124  116  119  123  114  130   40
ch:  71  137  125  121  137  132  133  117  123  123  120  125  118  126  142  133  123  117  118  121  118  134  122  135  135  123  133  140  139  133  133  124   40
ch:  72  132  126  135  134  125  132  123  137  135  120  132  116  122  117  122  122  117  125  117  117  122  116  126  120  125  136  117  133  122  137  137   41
ch:  73  121  120  135  122  123  134  122  137  124  138  125  117  139  132  127  114  114  117  131  134  122  115  126  132  136  131  136  132  137  132  143   37
ch:  74  119  123  132  121  122  123  132  132  121  127  126  134  126  123  119  133  120  113  123  120  109  117  119  118  117  117  123  125  119  131  136   37
ch:  75  124  138  124  134  125  124  130  123  132  131  130  126  122  127  131  123  118  123  113  136  118  118  114  131  134  139  125  135  137  133  136   40
ch:  76  131  133  131  138  118  123  141  122  126  123  117  133  136  114  118  117  117  121  123  118  110  120  123  123  118  116  141  122  124  125  141   34
ch:  77  136  146  138  125  135  135  117  120  127  119  133  123  124  122  124  122  135  124  126  123  119  121  133  127  136  123  132  138  132  121  131   34
ch:  78  124  120  132  138  135  131  117  137  123  124  123  134  132  130  130  121  117  122  126  122  135  136  107  122  119  132  123  120  139  134  125   40
ch:  79  122  132  133  136  124  116  138  121  143  126  114  120  124  124  124  122  116  119  132  121  135  124  123  134  121  140  136  123  135  139  137   37
ch:  80  126  121  132  125  134  136  138  125  140  119  131  120  122  117  121  120  123  119  114  135  122  116  123  121  132  121  132  123  137  126  135   48
ch:  81  135  119  134  133  133  134  134  141  124  123  132  123  123  140  124  121  116  122  125  136  122  134  133  124  124  132  122  146  141  134  135   49
ch:  82  138  131  132  126  123  122  134  134  133  124  126  142  124  125  119  121  111  124  134  123  120  136  131  126  116  123  134  125  125  123  131   24
ch:  83  117  136  133  116  121  134  135  136  131  125  118  127  137  140  133  113  133  117  124  118  119  121  130  134  134  138  121  120  133  125  135   36
ch:  84  134  136  120  123  136  133  138  123  120  118  123  122  118  130  121  120  122  115  132  125  119  117  114  122  124  119  121  119  124  134  120   34
ch:  85  133  127  127  134  131  124  121  123  133  121  126  120  123  122  122  131  118  134  124  132  122  131  121  132  135  126  126  132  123  147  142   29
ch:  86  133  134  136  133  125  121  132  116  136  124  123  121  119  135  122  122  120  131  115  121  125  119  136  136  123  131  133  121  133  125  123   35
ch:  87  131  124  124  132  120  133  133  123  123  121  124  120  120  121  136  121  121  120  120  133  121  122  131  133  134  120  125  130  119  131  143   55
ch:  88  133  132  134  136  134  123  141  122  133  134  121  137  131  117  115  131  131  117  120  121  122  123  126  123  131  120  134  116  134  137  137   41
ch:  89  134  137  135  125  132  120  133  120  121  118  126  122  135  134  119  123  123  118  114  131  120  124  127  119  124  136  123  148  134  132  142   47
ch:  90  133  123  135  134  123  134  134  125  126  135  136  116  114  124  125  131  118  121  118  123  108  132  133  136  134  132  137  138  127  136  135   39
ch:  91  132  136  123  134  116  121  121  123  140  123  122  131  111  116  123  137  131  132  124  125  126  125  123  118  135  119  138  132  131  137  134   45
ch:  92  133  136  137  121  133  141  124  132  132  134  109  133  131  123  132  127  133  122  115  122  114  116  122  124  130  119  122  126  122  135  139   38
ch:  93  126  140  124  135  134  131  138  135  116  118  117  121  133  119  110  134  118  123  124  120  116  133  123  114  123  124  136  134  137  133  136   29
ch:  94  142  138  139  133  133  132  130  123  134  119  123  140  117  122  123  122  133  122  122  123  127  116  131  108  140  134  125  137  132  130  138   39
ch:  95  133  136  134  137  133  124  133  117  133  135  131  118  129  132  133  134  135  116  116  120  134  123  123  140  133  123  140  124  124  125  138   46
ch:  96  119  140  120  126  132  133  134  126  130  124  138  120  131  121  123  116  115  127  120  119  125  123  131  133  123  132  121  136  130  127  135   36
ch:  97  123  138  136  135  125  140  118  130  132  132  123  126  123  134  131  117  126  134  122  124  134  125  119  124  125  119  132  134  135  126  133   31
ch:  98  137  133  133  137  124  124  124  132  125  121  125  116  124  123  134  124  123  113  121  130  125  115  119  122  125  123  121  125  127  140  120   31
ch:  99  136  136  138  141  135  124  122  126  134  124  125  125  129  121  119  140  125  123  119  124  133  121  121  122  130  134  132  141  133  143  137   33
ch: 100  137  138  136  123  121  121  137  121  121  121  122  135  123  130  126  122  134  122  120  141  133  122  119  125  133  121  131  123  138  136  138   30
ch: 101  139  125  136  125  130  121  132  124  119  137  131  122  124  137  127  124  118  115  122  118  130  121  126  131  124  135  137  140  141  132  139   39
ch: 102  137  138  135  132  125  124  124  129  131  133  136  125  124  136  114  125  117  119  122  126  120  121  133  123  121  136  123  124  132  134  138   28
ch: 103  133  138  132  121  124  129  123  118  123  108  124  138  132  120  120  138  126  114  119  121  136  132  124  123  140  123  133  132  131  131  142   48
ch: 104  131  137  137  140  131  120  132  121  132  134  122  120  123  121  120  132  133  124  117  139  126  135  123  126  126  119  111  129  126  127  132   32
ch: 105  143  133  136  123  124  123  119  132  131  126  123  122  119  112  122  131  122  132  124  123  127  122  133  122  118  121  125  122  137  133  141   41
ch: 106  120  131  140  132  124  136  130  131  135  126  132  123  123  125  121  117  138  132  116  117  117  120  122  131  122  131  123  135  133  123  137   31
ch: 107  135  140  132  124  124  115  124  139  123  136  127  124  132  134  135  133  135  119  125  135  123  133  131  131  125  140  118  136  131  139  145   46
ch: 108  123  134  138  120  123  134  132  141  119  122  124  123  124  122  122  122  118  116  121  132  117  119  136  131  127  123  148  129  127  136  131   37
ch: 109  132  130  131  133  129  136  126  132  118  126  135  134  121  120  123  117  119  120  136  124  122  132  131  132  122  125  123  124  135  122  132   43
ch: 110  123  124  121  142  118  125  132  130  133  122  124  136  125  118  122  119  117  125  118  125  123  124  136  131  122  138  134  140  123  125  122   31
ch: 111  193  172  209  183  186  196  209  209  209  209  209  209  209  209  209  209  209  209  209  209  209  209  209  209  209  209  209  209  209  209  209   56
ch: 112  124  135  145  153  156  164  167  179  173  182  188  181  195  198  195  199  202  204  199  209  209  209  209  209  209  209  209  209  209  209  209   14
ch: 113  126  133  126  132  123  122  131  132  120  134  123  122  134  133  119  147  124  133  133  126  127  134  121  127  132  119  125  135  126  145  140   41
ch: 114  133  134  137  136  135  124  138  130  139  124  130  125  125  125  116  122  117  122  136  119  135  116  132  133  124  121  125  142  136  135  131   35
ch: 115  134  122  139  134  140  134  125  132  106  147  124  133  136  132  119  123  122  124  117  133  114  124  132  116  136  122  137  140  136  140  125   37
ch: 116  134  136  132  132  122  137  133  124  132  133  115  135  122  119  119  119  136  124  126  127  123  119  120  123  125  121  121  139  134  120  139   34
ch: 117  135  135  122  132  123  133  123  122  137  124  124  123  123  135  115  122  130  126  135  115  120  110  125  134  131  124  117  119  133  134  134   47
ch: 118  139  132  135  120  137  135  131  117  123  116  134  126  139  133  124  125  133  130  119  131  132  131  124  134  121  137  136  140  135  121  133   35
ch: 119  137  133  141  136  124  136  136  126  131  133  133  135  125  123  132  126  123  131  122  118  133  125  125  131  140  118  132  122  126  136  132   38
ch: 120  133  144  144  126  147  140  132  118  135  119  124  126  124  126  117  135  121  125  121  135  132  132  112  124  131  133  125  142  132  137  122   36
ch: 121  137  123   -1  123  135  122  125  141  124  132  132  119  122  122  118  125  126  117  122  134  124  120  122  143  135  126  133  133  134  124  142   38
ch: 122  127  132  122  141  133  140  139  131  124  122  124  118  131  124  133  135  122  117  122  119  121  133  129  123  124  119  134  122  137  138  126   24
ch: 123  137  126  122  118  133  135  133  124  134  136  117  122  130  119  121  117  121  132  125  121  119  123  125  131  126  131  139  137  119  136  139   21
ch: 124  133  138  133  119  140  136  131  119  115  131  133  124  120  114  132  121   -1  132  131  118  123  124  138  131  121  123  125  134  124  124  135   18
ch: 125  124  123  136  138  136  133  115  124  119  135  141  125  126  122  133  136  132  121  136  133  137  125  132  121  130  139  142  146  136  142  138   27
ch: 126  131  132  138  119  132  137  133  133  133  133  132  124  138  124  117  135  120  121  124  122  121  137  117  131  124  134  123  134  134  130  132   14
ch: 127  117  121  132  126  135  136  134  125  131  124  124  133  123  126  125  135  122  136  114  123  127  122  143  137  126  125  136  141  133  147  142   34
