# ID XA-000-08-002-000-003-037-14
# Tag _trim_
# Date 240801_12:36:43
# Vref_p 56
# Vref_n 22
# Thr2_glb 34
# Vref_t 118
# Vref_t_range 1
# Pol 0
# ADC range 30-247
# FAST disc 30
ch:   0  120  118  120  133  132  118  123  123  118  117  119  131  109  125  104  122  120  100  120  114  115  120  120  117  106  106  122  122  124  122  121   19
ch:   1  123  120  118  116  132  122  126  123  121  124  123  118  127  126  124  130  123  134  131  127  126  123  133  120  121  119  130  133  125  129  135   37
ch:   2  129  118  122  116  123  138  121  121  116  113  135  114  120  126  115  109  118  117  122  118  105  107  123  117  119  122  116  118  129  123  114   28
ch:   3  119  134  126  133  120  132  138  126  123  120  122  127  134  128  125  119  125  128  124  123  115  125  130  140  129  133  126  132  133  131  131   32
ch:   4  119  121  119  122  125  122  121  118  123  114  116  117  123  121  119  126  120  118  121  118  124  113  122  115  108  119  108  115  122  124  124   24
ch:   5  123  116  123  135  120  119  127  130  124  130  115  130  130  125  121  126  129  130  117  132  125  126  124  133  123  126  130  119  133  131  134   43
ch:   6  121  131  120  122  122  119  133  117  123  120  121  132  121  123  120  121  120  117  119  115  118  115  116  123  109  119  113  122  113  125  125   28
ch:   7  134  128  123  123  120  123  119  123  134  126  126  120  120  126  126  114  122  125  114  124  125  130  110  125  129  125  120  122  131  137  124   45
ch:   8  116  130  116  109  122  119  115  117  119  120  121  120  114  107  110  117  109  109  110  111  120  100  101  114  108  115  115  116  108  114  122   19
ch:   9  122  123  125  138  123  129  124  116  132  122  136  122  122  131  139  120  110  126  124  130  124  127  119  132  131  127  141  136  138  125  140   39
ch:  10  116  117  122  126  119  125  111  119  118  120  120  116  121  116  110  120  114  121  115  119  107  119  121  118  115  122  116  121  123  118  121   27
ch:  11  124  131  119  133  120  123  121  124  121  127  120  115  135  126  124  110  120  125  134  135  124  131  124  125  123  136  130  130  133  143  121   43
ch:  12  116  117  133  122  116  122  118  121  128  116  122  125  122  118  110  123  125  118  108  124  110  124  120  113  120  126  121  116  124  126  119   23
ch:  13  121  124  121  122  126  132  132  124  123  129  120  120  120  123  120  124  124  134  137  129  135  117  115  127  113  130  122  121  139  131  135   39
ch:  14  118  126  134  120  124  125  120  123  125  108  119  117  120  119  110  114  120  121  116  123  117  117  117  125  121  130  119  120  118  123  123   25
ch:  15  120  123  123  121  121  126  132  122  121  120  121  133  131  130  125  124  118  123  131  120  124  118  138  131  127  132  124  135  124  133  117   46
ch:  16  122  124  123  118  126  117  124  121  121  124  124  111  117  119  110  103  107  118  122  119  121  124  110  119  112  117  117  117  118  119  127   30
ch:  17  123   -1  123  129  132  126  132  123  133  133  133  126  120  123  135  133  120  131  119  124  117  125  126  120  124  139  123  125  127  131  127   37
ch:  18  120  115  132  116  124  132  121  121  124  123  122  125  106  117  118  120  118  116  118  121  117  122  123  106  117  120  107  117  115  118  116   27
ch:  19  130  115  120  125  124  131  117  127  126  120  137  125  120  119  135  118  118  122  119  124  126  122  136  129  121  127  126  132  127  121  131   44
ch:  20  120  133  120  111  121  124  106  126  108  116  121  123  124  115  115  120  120  110  119  121  124  114  116  127  125  122  115  129  115  119  120   20
ch:  21  122  126  126  131  138  130  122  134  130  127  117  118  131  122  134  131  125  122  130  121  133  126  122  133  133  126  133  121  133  139  131   39
ch:  22  133  122  133  130  126  122  123  126  126  119  120  121  120  120  118  117  121  118  125  118  118  116  120  120  120  117  119  114  123  131  119   25
ch:  23  126  123  121  126  147  125  119  131  119  122  130  134  123  126  131  130  131  126  134  123  120  137  131  125  145  131  131  135  135  125  136   42
ch:  24  125  124  118  117  125  119  118  134  120  127  117  118  109  127  121  117  107  123  109  110  120  115  121  120  120  122  118  117  118  118  125   32
ch:  25  124  126  124  130  133  130  126  127  134  120  120  118  124  116  121  122  129  122  121  119  119  124  131  119  123  126  126  124  133  126  124   45
ch:  26  117  111  123  115  117  122  121  121  133  130  124  118  117  121  113  116  116  133  120  132  110  125  119  119  122  115  133   -1  111  120  124   28
ch:  27  131  124  123  123  132  120  115  125  121  124  131  132  123  121  122  118  110  124  133  123  124  124  130  122  118  117  117  125  119  126  119   50
ch:  28  123  123  115  119  130  116  117  116  121  131  122  117  131  119  129  121  132  123  117  121  129  121  123  125  109  122  120  126  130  132  127   28
ch:  29  123  123  129  121  132  123  120  124  131  125  124  126  126  124  116  126  125  121  122  132  126  122  126  123  122  130  131  133  132  134  130   49
ch:  30  118  122  126  122  130  119  114  114  133  120  127  124  123  115  117  118  122  126  126  125  109  116  124  121  122  119  120  126  121  119  119   34
ch:  31  131  120  130  126  132  125  131  132  134  127  126  112  125  125  120  120  123  122  132  131  123  126  121  120  131  133  123  136  140  142  139   56
ch:  32  116  130  125  122  105  119  120  125  131  121  121  111  122  124  116  116  115  111  120  123  111  123  120  118  115  123  110  122  121  131  122   24
ch:  33  124  130  134  135  131  120  121  117  126  124  124  118  117  119  117  123  125  123  123  130  123  130  120  124  132  133  123  130  125  133  123   38
ch:  34  120  121  116  131  125  135  118  130  126  130  122  117  131  122  108  110  131  117  110  113  115  119  119  116  117  120  120  116  120  118  124   29
ch:  35  132  116  133  129  132  126  111  122  123  123  126  131  131  126  119  136  132  132  125  132  128  129  123  131  126  135  135  139  134  135  132   47
ch:  36  129  118  130  122  125  118  122  123  109  117  122  121  124  110  121  118  125  117  121  115  119  122  119  108   -1  122  111  132  116  123  117   27
ch:  37   -1  115  125  134  135  136  120  127  127  134  122  124  134  123  125  129  126  123  119  131  126  135  116  129  126  130  126  133  133  132  133   39
ch:  38  131  127  120  125  134  116  129  123  116  131  122  122  122  120  115  132  116  124  123  123  130  126  123  120  115  119  123  126  118  124  123   35
ch:  39  138  122  125  125  130  125  119  134  115  136  121  135  120  124  130  134  127  125  121  123  123  130  121  120  138  119  124  125  126  131  137   53
ch:  40  123  121  119  121  125  120  132  110  122  129  131  116  126  126  124  116  105  116  119  121  122  123  119  125  119  118  122  123  123  116  123   31
ch:  41  135  132  124  132  130  120  125  132  121  117  124  125  127  122  126  116   -1  132  119  121  124  125  122  128  127  126  119  136  130  134  136   45
ch:  42  134  125  124  133  124  117  120  114  125  122  121  130  131  119  118  126  118  109  116  118  110  120  123  108  116  122  110  121  118  118  117   34
ch:  43  132  131  131  123  122  136  136  130  123  133  134  134  123  125  146  138  124  134  132  138  150  132  140  136  122  129  141  136  135  147  136   48
ch:  44  122  129  121  131  125  120  124  131  120  124  121  124  123  118  124  121  117  126  116  124  123  127  116  124  115  115  125  109  122  134  116   40
ch:  45  123  123  137  133  126  124  122  132  132  125  128  127  117  135  120  127  132  125  121  130  135  126  130  127  133  124  130  122  131  132  138   47
ch:  46  134  134  116  121  126  123  116  131  117  125  121  125  124  119  118  131  122  125  119  118  124  125  122  109  121  119  123  122  118  117  116   30
ch:  47  127  132  134  123  121  124  134  131  135  134  133  132  133  128  120  124  139  129  126  120  120  130  125  124  131  132  134  130  135  130  130   44
ch:  48  122  126  120  116  120  126  125  126  125  118  133  130  120  120  126  133  120  122  117  116  127  125  133  107  115  125  118  130  129  133  119   35
ch:  49  123  132  125  125  131  127  130  118  131  118  132  123  135  140  127  132  131  116  119  127  121  124  132  129  139  132  132  137  131  136  138   54
ch:  50  121  109  133  121  122  116  118  131  120  120  122  124  132  123  124  122  116  132  115  117  117  120  111  130  130  124  121  123  126  123  122   31
ch:  51  126  133  124  134  117  132  121  133  139  135  135  124  124  119  133  127  131  137  131  131  132  133  125  123  131  123  125  126  132  136  134   56
ch:  52  125  124  136  122  125  113  124  114  120  124  107  121  121  124  123  121  125  110  115  124  131  124  126  119  121  123  122  119  117  118  117   29
ch:  53  117  127  133  135  116  134  123  124  122  120  124  122  121  134  121  130  124  131  129  139  133  125  124  135  132  130  131  125  126  126  131   51
ch:  54  133  118  124  123  131  132  123  132  120  116  117  121  120  122  121  121  120  122  109  120  125  120  115  122  107  114  127  114  133  120  122   38
ch:  55  132  130  132  131  134  123  116  123  124  134  106  121  125  122  132  136  133  121  140  138  131  130  125  133  132  121  119  123  124  139  126   46
ch:  56  126  121  126  129  121  122  126  131  135  119  114  121  121  124  110  124  125   -1  119  125  119  120  122  117  115  122  108  130  133  132  135   39
ch:  57  137  134  121  117  130  132  117  132  125  133  131  127  126  118  132  134  130  132  132  125  135  134  127  129  139  125  135  138  132  131  135   39
ch:  58  121  132  135  127  127  121  125  127  118  129  131  120  111  127  133  108  123  126  117  120  123  120  123  115  116  125  124  125  132  124  130   40
ch:  59  127  129  121  127  133  135  121  133  119  126  119  121  130  117  122  139  133  139  133  122  134  131  132  132  125  132  124  135  131  140  140   46
ch:  60  132  125  135  125  133  125  124  124  130  110  127  112  131  127  125  125  116  120  124  125  116  116  118  119  109  124  115  114  122  124  126   40
ch:  61  130  118  130  125  120  120  125  105  132  134  121  140  134  130  125  132  123  132  137  131  125  141  120  130  126  136  129  147  136  126  127   43
ch:  62  126  116  120  126  122  126  122  121  126  124  121  125  133  124  120  131  118  123  110  108  119  135  127  123  130  121  121  125  119  130  119   44
ch:  63  121  126  125  123  132  131  129  135  126  139  129  127  134  133  134  131  132  125  137  136  134  135  150  136  132  130  134  127  138  136  140   42
ch:  64  122  121  116  127  124  119  122  126  124  115  124  123  123  120  123  126  122  122  130  122  120  124  121  121  116  123  123  127  121  126  127   37
ch:  65  126  132  120  123  126  135  136  133  121   -1  123  124  122  117  115  132  127  123  121  131  127  122  133  134  134  132  134  138  123  133  136   24
ch:  66  130  130  123  127  129  130  118  135  133  132  117  117  127  118  123  122  124  124  110  116  110  123  109  120  120  115  131  120  129  137  131   34
ch:  67  126  119  136  119  133  132  130  127  124  135  134  134  121  124  135  126  137  130  138  126  137  133  131  134  125  134  148  136  141  135  138   35
ch:  68  118  119  123  125  121  121  115  132  120  125  125  122  118  124  110  131  125  122  119  122  120  121  121  116  124  120  125  122  121  126  122   32
ch:  69  133  132  135  131  127  126  131  123  132  130  125  126  136  135  125  121  123  132  132  132  133  132  134  135  125  137  139  136  133  136  132   43
ch:  70  130  131  136  124  123  118  118  131  133  120  119  124  126  114  132  130  121  119  124  115  115  131  115  123  123  121  121  116  130  132  125   26
ch:  71  123  130  136  131  124  120  121  138  111  139  133  124  127  136  131  135  132  124  143  131  132  135  124  132  138  137  126  133  136  136  132   38
ch:  72  126  124  121  132  126  115  125  120  134  121  130  124  132  119  130  130  132  117  122  124  116  119  119  135  120  121  123  123  122  135  117   35
ch:  73  117  132  119  123  130  130  122  131  122  122  123  124  126  121  135  120  122  124  126  132  132  122  138  123  119  136  135  126  127  136  133   33
ch:  74  121  138  132  119  125  121  118  124  114  115  118  120  122  120  117  116  123  118  120  118  122  124  120  127  119  132  118  118  116  121  123   30
ch:  75  131  132  121  131  127  132  133  132  133  143  124  137  132  126  132  120  131  131  135  123  136  137  131  120  132  136  131  142  141  140  148   32
ch:  76  129  124  127  108  120  135  125  121  120  129  124  117  126  116  119  126  117  120  110  109  122  127  115  132  116  118  123  125  130  130  133   35
ch:  77  122  125  134  133  133  130  135  124  132  134  118  131  132  120  105  117  132  133  138  131  125  133  122  131  126  133  138  131  141  136  138   43
ch:  78  122  120  125  119  118  123  127  123  121  115  124  130  123  123  116  122  117  122  109  115  127  122  121  118  123  118  118  115  115  127  126   35
ch:  79  122  123  122  131  122  125  120  136  125  125  119  130  121  123  125  135  131  126  124  139  130  124  123  141  133  131  126  132  132  131  148   52
ch:  80  122  130  130  122  124  123  125  125  134  130  129  116  130  133  118  126  118  122  123  119  120  117  125  134  123  130  122  124  129  133  134   29
ch:  81  130  132  134  124  122  132  131  135  132  124  135  122  127  125  137  127  123  131  132  139  140  133  138  141  133  138  137  132  134  130  135   39
ch:  82  124  137  127  121  126  118  115  121  117  124  126  121  131  120  120  121  113  126  141  125  113  124  122  119  125  124  114  120  124  124  123   24
ch:  83  132  124  137  125  129  130  131  133  134  122  126  123  134  135  133  121  130  127  137  126  140  140  137  131  132  142  139  136  136  142  132   36
ch:  84  120  120  124  131  122  125  127  121  121  124  120  110  130  116  132  134  121  117  122  120  126  129  124  125  123  129  124  132  124  120  122   39
ch:  85  132  131  145  130  129  122  123  131  132  127  123  138  136  131  134  131  134  134  121  135  130  134  135  134  123  134  131  141  122  137  130   38
ch:  86  137  131  125  133  132  132  131  125  123  126  122  127  132  121  127  131  119  123  119  107  121  123  123  122  117  118  134  122  121  123  130   33
ch:  87  130  133  120  137  125  122  124  139  125  120  136  126  132  131  133  134  126  126  124  120  122  131  124  137  140  135  138  146  142  138  135   45
ch:  88  125  119  121  132  126  126  125   -1  123  119  123  124  117  132  119  121  120  119  130  119  120  119  122  118  122  117  123  120  126  126  124   35
ch:  89  122  133  133  131  127  133  129  134  132  130  134  129  134  130  123  121  114  130  123  131  139  125  132  137  141  140  132  136  141  133  138   46
ch:  90  134  125  122  120  124  124  124  133  115  122  131  134  125  123  119  116  123  119  119  124  137  113  135  119  123  122  109  121  131  131  132   26
ch:  91  131  132  123  122  119  123  134  134  130  132  132  132  132  135  139  136  133  125  131  142  135  143  136  131  135  140  133  141  137  142  142   36
ch:  92  122  126  121  118  126  132  123  120  122  117  121  118  113  117  121  116  124  118  118  124  118  117  120  126  123  117  120  120  124  112  131   28
ch:  93  134  123  127  132  138  132  137  126  132  131  132  138  130  138  125  122  136   -1  117  130  140  136  120  135  131  132  131  149  136  143  136   41
ch:  94  126  124  123  127  130  125  123  123  117  118  117  110  121  132  124  118  126  132  118  121  132  125  118  127  116  117  120  122  134  123  127   32
ch:  95  130  138  123  123  133  116  137  130  131  120  130  126  132  119  129  138  128  132  124  134  131  139  135  132  138  123  136  143  132  126  140   42
ch:  96  120  132  117  133  137  117  126  116  123  120  120  132  131  135  110  115  122  124  128  114  120  122  122  125  127  122  124  130  119  121  125   25
ch:  97  125  130  131  127  119  131  133  132  118  137  133  123  127  130  129  122  123  136  123  129  131  120  136  123  135  152  125  136  133  133  134   46
ch:  98  118  119  138  117  119  122  126  125  117  122  118  125  125  129  121  123  113  118  109  120  121  119  122  116  120  118  115  116  124  119  121   33
ch:  99  123  123  130  121  125  132  118  121  118  122  150  139  122  122  130  127  131  129  137  128  138  136  134  140  138  127  133  136  140  137  138   45
ch: 100  123  119  123  126  131  121  117  121  130  126  121  117  124  125  134  119  115  121  122  117  132  117  125  119  133  119  124  124  131  125  132   25
ch: 101  123  122  136  132  133  124  131  132  133  133  117  133  123  120  127  131  131  126  124  138  132  131  125  123  131  124  132  147  137  142  136   41
ch: 102  121  124  122  119  122  132  123  132  125  118  125  122  114  122  124  125  130  126  111  122  125  134  118  121  124  123  139  130  130  123  131   33
ch: 103  120  120  126  125  124  125  130  134  130  122  133  135  135  131  125  133  134  131  131  139  139  124  130  126  138  135  135  139  147  142  136   38
ch: 104  123  124  120  135  121  122  132  115  130  122  120  117  131  124  125  128  120  122  123  123  119  124  119  120  127  125  122  123  120  118  125   31
ch: 105  125  120  135  125  133  125  121  132  130  127  123  128  131  119  122  131  130  136  121  127  132  139  130  126  124  138  132  132  143  134  140   30
ch: 106  122  131  119  126  131  123  121  119  121  121  119  119  134  115  119  125  122  115  121  120  119  121  117  123  120  122  121  115  130  127  121   28
ch: 107  123  130  133  127  130  117  136  131  125  134  132  129  137  125  131  132  131  130  123  123  139  136  140  136  134  133  134  126  140  136  136   38
ch: 108  122  124  125  129  122  124  122  132  123  125  123  123  121  122  119  109  122  123  117  113  124  121  116  120  126  127  114  107  129  120  126   32
ch: 109  132  130  119  116  131  131  130  132  131  122  125  122  137  133  126  125  148  136  126  133  132  133  133  126  120  143  136  135  123  132  134   38
ch: 110  120  119  125  133  123  116  121  117  123  116  126  121  123  127  120  115  123  120  118  123  119  132  118  130  121  123  110  130  125  124  132   39
ch: 111  121  131  132  134  131  123  137  123  131  137  130  117  131  130  131  134  129  149  135  132  124  125  139  137  123  139  146  143  133  139  141   47
ch: 112  130  123  126  133  125  116  126  122  122  119  123  133  120  119  119  126  120  121  123  125  117  116  119  119  119  123  131  126  131  120  121   34
ch: 113  133  122  127  121  126  115  123  131  131  131  133  124  136  142  131  125  125  123  132  132  139  137  123  132  131  122  136  134  131  140  141   45
ch: 114  132  122  133  121  129  116  124  122  131  131  119  126  126  119  120  119  119  118  131  114  110  120  125  123  124  119  118  123  121  126  118   30
ch: 115  126  131  130  120  124  130  125  125  131  126  132  125  133  132  133  138  135  121  131  136  126  131  130  124  131  132  138  138  136  134  142   47
ch: 116  121  110  126  133  123  129  121  117  133  125  126  125  118  119  122  125  123  118  118  125  115  120  132  123  118  129  119  124  103  121  133   23
ch: 117  124  134  125  133  122  138  121  131  117  127  124  135  133  117  125  126  131  129  134  131  134  136  124  139  137  136  136  131  139  132  132   53
ch: 118  125  134  116  126  124  123  130  108  105  124  135  125  122  117  121  122  115  124  105  133  126  112  124  121  129  118  121  122  133  122  117   35
ch: 119  136  117  134  136  134  139  125  128  125  121  124   -1  132  119  136  131  125  125  136  118  123  139  125  125  134  127  122  124  132  135  135   50
ch: 120  131  122  134  125  131  119  121  111  125  123  115  126  133  124  101  126  133  116  124  121  116  114  120  115  126  120  116  121  122  108  118   34
ch: 121  136  124  130  135  132  120  118  136  133  128  131  124  126  133  133  140  134  126  134  124  119  121  130  132  131  137  131  122  124  130  127   39
ch: 122  123  131  125  122  121  130  120  133  124  125  119  119  123  110  121  118  114  124  116  121  123  129  120  105  120  117  131  119  131  115  127   35
ch: 123  136  124  124  123  126  133  135  135  129  132  132  135  134  122  138  132  141  121  125  126  127  124  130  125  130  135  131  131  122  135  126   45
ch: 124  122  133  127  126  123  126  135  116  125  121  119  122  120  122  121  118  126  111  129  119  121  120  113  121  134  130  121  124  126  121  120   32
ch: 125  122  130  138  123  125  131  133  130  132  125  138  136  134  119  139  127  124  124  132  132  121  125  132  131  127  135  130  131  133  139  123   55
ch: 126  134  121  123  117  130  127  117  114  119  126  125  123  121  125  122  106  116  119  118  118  115  133  122  125  117  122  111  123  120  120  124   24
ch: 127  138  131  116  131  124  123  135  122  129  136  136  138  141  129  134  130  133  126  127  133  133  129  134  138  133  128  148  136  134  136  135   44
