# ID XA-000-08-002-000-000-185-13
# Tag _trim_
# Date 240731_18:14:15
# Vref_p 56
# Vref_n 26
# Thr2_glb 35
# Vref_t 118
# Vref_t_range 1
# Pol 0
# ADC range 30-247
# FAST disc 30
ch:   0  116  132  119  124  106  108   99  111  106  106  120   90  104  101  120  108  102  106  108  108  107   99  122   90  101  106  109  117  112  117  109   30
ch:   1  122  126  122  132  122  109  122  121  102  117  124  117  105  104  114  102  116   98  116  106  105  112   99  102  106  103  105  117  110  119  119   39
ch:   2  134  131  112  105  119  122  110  103   92  116  116  113  102  117  109  115  102   92  111  101  105   94  106  119   96  115  104  108  108  109  107   25
ch:   3  123  119  124  122  134  114  124  117  104  125  104  103  113  117  107  105  109  116  119  125  105  105  119  107  107  119  117  116  123  120  125   46
ch:   4  109  118  118  124  115  125  109  106  122  105  109  108  114  103  107   92   92  113  119  110  103  101  102  108  103  107  107  102  102  110  116   24
ch:   5  121  117  121  122  115  123  110  121  119  114  110  116  118  113  115  105  116  108  115  113  120  115  109  107  114  118  109  117  109  133  124   56
ch:   6  123  124  117  118  119  110  118  107  113  103  101  113  106  120   94  107  100  109  101  102  103  109  102   93   99  107  103  115  104   91  105   21
ch:   7  122  131  109  118  118  133  117  120  104  118  108  119  116  116  104  117  103  107  118  120  122  115  122  107  108  109  120  122  116  115  114   37
ch:   8  131  119  115  116  120  122  116  108  107  107  101  117  103   98  101  117  103  102  101  100  104  114  104  102  109  101  115  103  103  117  111   22
ch:   9  119  110  122  121  132  116  117  121  120  123  119  107  109  116  116  109  125  115  122  116   -1  118  107  117  116  108  114  106  123  110  116   39
ch:  10  120  123  115  114  126  111  110  104  107  117  114  104  103  107  105  119  109  105  106  117  106  107  106   98  106  106  106  115  114  118  106   24
ch:  11  126  132  122  125  116  121  120  104  118  119  117  119  117  119  117  115  120  115  103  106  102   95  116  122  110  107  117  122  127  118  118   29
ch:  12  122  107  114  122  118  108  117  105  110  104  116  116  103  105  108  109  102  100   93  115  100   90  101  101  104   92   91  117   94  113  100   23
ch:  13  124  117  111  122  120  111  118  108  116  115  122  109  103  109  120  102  110  105  111  110  106  104  105  109  105  102  116  124  116  117  120   35
ch:  14  126  132  126  113  124  117  106  116  109  109  115  115  111  118  109  104  104   99  105   99   99  106  105  116  118  113  109  102  106  113  115   25
ch:  15  124  126  123  115  121  119  118  125  118  120  121  105  107  102  115  108  106  116  116  107  114  114  114  106  111  123  119  115  106  115  102   29
ch:  16  116  119  123  121  114  107  109  119  116  116  108  105  115  105  102  108  116  100  101  115  102  107  105  100  100  101  107  107  105   93  107   28
ch:  17  119  108  131  132  125  116  116  133  108  109  122  116  116  106  106  117  107  109  117  108  116  117  119  122  106  107  108  115  120  122  122   31
ch:  18  120  132  123  118  111  116  116  111  106  109  117  106   94  108  117  103   85  104  105  103   99   95  104   97  115  103  101  105  105  102   -1   29
ch:  19  122  132  119  124  115  106  116  114  116  123  121  105  118  123  111  120  109  113  117  118  104  110  120  115  102  116  121  114  122  111  122   36
ch:  20  123  116  119  121  118  110  121  117  116  103   91   99  115   91  104   98  106   99  116  102  112  106  102  105  107  109  109   99  108  112  106   36
ch:  21  123  123  117  121  118  117  117  127  109  109  131  116  115  122  105  115  106  118  120  102  115  117  100  107  108  118  108  109  110  133  118   30
ch:  22  135  125  133  110  116  118  119  106  120  116  109  113  107  105  107  110   93  109   98  108  113  120   94  117   95  100  116  118  110   99  103   29
ch:  23  118  132  123  106  119  114  120  120  119  122  119  115  114  123  117  104  117  117  121  118  112  119  104  116  117  105  118  122  120  125  115   35
ch:  24  115  121  126  122  116  113  118  109  120  116  108  105  122  102  104  106  105  117  110  119  115  101  103   93  108  113  106  106  111  106  133   32
ch:  25  120  122  117  116  136  118  116  123  109  122  131  125  110  118  119   99  125  115  114  122  102  104  107  117  115  117  110  108  122  103  122   31
ch:  26  120  123  121  122  107  122  121  104  119  107  104  107  115  105  106  104  107  107  107   94   88  107  108  107  113  106  104  100  105  114  113   21
ch:  27  118  134  127  120  118  117  116  110  121  122  109  116  122  117  121  129  111  104  115  116  107  121  131  125  116  120  116  100  122  123  132   30
ch:  28  121  126  131  123  111  109  124  110  118  110  109  104  107  105  110  119  109  108  106  103   90  115  105   99  105  107  104  101  110  108  117   26
ch:  29  132  118  136  123  122  118  124  109  108  120  117  114  120  120  118  110  122  115  120  119  110  110  104  120  117  108  114  126  121  125  121   21
ch:  30  124  131  118  121  120  122  118  118  108  120  117  114  118  106  116  118  102  115  118   99  105  117  120  101  108  120  109  106  105  105  109   23
ch:  31  116  125  115  122  121  119  119  108  125  111  115  110  120  111  108  117  120  105  103  115  114  110  107  121  121  106  123  116  117  117  121   30
ch:  32  119  120  123  123  114  109  123  121  110  120  120  114  116  115  104  104  111  118  105  121  101  108   92  109  107  100  114  117  108  121  107   28
ch:  33  122  115  114  108  120  120  122  117  119  119  116  118  117  121  125  124  105  114  115  122  117  131  130  111  124  119  119  120  113  139  118   22
ch:  34  119  123  123  123  118  116  121  106  113  116  114  102  116  105  105  107  103  102  107  107   93  107  110  103  106  100   -1  119  116  108  106   35
ch:  35  118  118  116  133  124  120  131  115  118  129  124  116  114  108  119  120  120  107  119  115  110  117  123  115  104  115  124  115  124  120  124   22
ch:  36  123  117  120  111  117  117  122  115  109  116  115  123  103  118  104  119  122  118  103  114  110  116  107  105  117  116  106  116  119  119  113   23
ch:  37  124  121  108  137  122  107  122  123  119  122  121  106  118  130  122  109  111  120  120  108  113  119  118  114  104  101  117  110  123  123  132   28
ch:  38  121  109  118  117  122  130  114  105  113  107  108  102  106  110  103  117  109  105  117  115  118  106  102  105  110  108  109  123  106  121  117   24
ch:  39  123  122  134  111  121  118  116  131  116  117  118  121  108  103  103  109  118  115  110  116  120  118  115  110  126  115  118  116  120  109  115   22
ch:  40  133  122  119  103  108  121  130  117  107  116  115  117  104  113  104  104  108  116  117  116  107  114  116  101  103  109  120  111  115  116  111   36
ch:  41  119  126  118  119  116  120  117  117  122  117  122   -1  124  118  106  108  111  115  117  118  115  119  117  123  106  109  116  110  121  121  121   15
ch:  42  121  132  132  116  123  119  117  122  132  114  108  119  105  104  111  104  104  102  105  101  119  105  113  113   99  101  105  115  117  122  107   34
ch:  43  125  133  115  132  133  116  119  108  121  125  126  121  117  107  117  133  107  131  107  119  121  118  118  120  109  118  105  125  108  132  121   20
ch:  44  119  123  123  121  110  120  116  120  122  110  118  110  111  103  113  104  107  113   95  100  107  100  107  103  116  104  116  121  116  119  121   25
ch:  45  135  132  122  121  110  136  101  124  123  107  117  119  118  123  118  115  107  130  104  108  131  110  116  104  118  131  121  121  133  128  120   21
ch:  46  122  125  118  131  114  120  117  118  108  103  107  116  116  104  119  114  115  121  106  120  108   99  107  103  107  120  108  116  117  118  124   25
ch:  47  124  126  115  138  115  121  122  116  109  119  121  122  117  110  114  118  120  120  110  125  122  116  122  124  119  125  125  131  106  125  120   18
ch:  48  116  121  117  130  120  108  115  107  109  108   94  103  114  117  121  106  106   99  110  116  109  116  102  103   95  110  103  107  104  101  118   34
ch:  49  122  121  106  124  133  125  108  120  121  120  108  108  111  132  110  107  104  120  118  117  115  109  108  107  109  108  114  117  118  118  116   22
ch:  50  124  121  116  117  109  109  113  107  103  104  108  108  106  107  106  102  120  115  106  107  124   94   92  107  115  113  106  108  107  109  105   34
ch:  51  133  119  111  120  121  131  125  123  115  119  111  107  121  102  119  121  107  124  117  106  117  117  109  124  116  120  115  118  115  132  124   18
ch:  52  120  121  117  127  101  123  134  122  116  106  119  117  108  116  103   -1  113  111  110  121  107  105  106  112  119  121  131  115  117  119  114   35
ch:  53  118  122  127  138  114  121  121  122  110  116  121  117  114  124  122  120  108  118  113  122  124  108  121  131  116  114  126  119  126  125  132   21
ch:  54  117  115  135  122  123  122  116  111  126  118  118  105  116   99  107  107  116  105  108  103  104  107  104  106  106  106  109  111  108  113  114   20
ch:  55  133  131  120  121  116  105  121  122  118  121  124  106  117  132  118  115  115  115  103  118  120  119  117  132  122  136  127  111  132  119  120   19
ch:  56  117  123  120  120  122  106  124  107  104  106  121  105  115  119  117  105  116  104  119   92  115  117  107  104   98  106  101  122  117  124  110   32
ch:  57  122  136  120  119  120  132  124  126  110  115  120  116  119  131  109  109  105  115  134  115  120  116  118  113  108  117  116  120  117  110  124   18
ch:  58  118  120  131  117  106  119  130  110  124  118  105  114  109  116  101  108  115  114  115  121  108  106  107  107  115  117  110  115  118  108  107   21
ch:  59  132  130  137  121  124  125  107  119  114  118  117  118  121  108  118  120  123  124  115  114  119  125  120  125  123  110  116  127  105  129  123   20
ch:  60  122  121  117  124  123  117  108  116  120  116  107  117  106  103  107  101  107  105  102  103  107  118  106  106  117  111  116  110  124  115  111   39
ch:  61  137  122  133  122  125  134  125  117  132  119  108  115  125  117  108  111  119  132  114  120  117  117  110  124  116  118  118  124  122  122  120   19
ch:  62  123  107  132  117  135   99  117  139  106  107  108  100  116  108  105  118  107  104  117  104  119  133  115  117  103   94  118  116  109  123  116   40
ch:  63  116  121  123  125  135  125  118  119  124  132  120  109  119  121  116  119  122  108  120  130  117  103  120  133  126  119  124  123  121  126  137   26
ch:  64  124  125  122  115  122  125  120  115  119  108  115  104  114  110  117  105  110  101  122  103  108  113  104  104  115  107  118  106  123  104  124   48
ch:  65  122  120  132  116  132  118  118  121  121  113  111  105  117  115  115  118  126  120  122  123  106  114  114  119  120  115  131  119  124  119  140   17
ch:  66  120  116  118  122  117  117  116  121  104  119  104  105  104  116  108  100  120  108  104  102  106  105  104  113  105  100  105  106  104  109  116   29
ch:  67  124  122  123  122  119  109  122  118  117  121  120  119  116  121  125  116  115  134  105  121  111  107  124  117  122  113  122  122  116  120  109   22
ch:  68  122  124  134  124  132  104  120  117  118  100  108  116  107  110  115  104   98  114  105  105  115  103  103  101  104  107  102  100  112  119  116   26
ch:  69  134  109  119  119  118  126  119  133  124  114  114  121  107  118  120  109  105  105  116  120  116  123  116  119  115  118  125  119  120  122  124   15
ch:  70  121  122  120  110  118  124  124  120  108  118  107  108  118  109  105  117  116  108  104  116  117  114  114  104  114  118  119  116  122  115  120   29
ch:  71  117  135  122  119  131  119  121  125  119  122  117  115  118  119  109  131  110  121  122  123  106  119  109  113  119  121  124  131  120  131  122   18
ch:  72  127  124  130  124  113  116  108  116  119  117  115  106  102  117  107   -1  116  105  121  101  108  118  114  100  120  117  104  107  115  122  121   38
ch:  73  120  124  131  106  132  118  131  116  121  121  116  110  119  110  122  109  115  118  116  108  116  116  106  122  121  124  123  123  120  126  121   17
ch:  74  124  124  122  118  133  120  108  115  116  105  118  117  109  120  115  103  103  116  106  103  104  105  114  105  106  100  105  123  113  118  109   40
ch:  75  125  126  136  120  132  121  129  120  121  121  126  121  121  117  124  120  124  116  126  123  133  120  117  123  134  116  119  119  125  127  121   20
ch:  76  119  120  117  120  121  122  119  118  120  120  108  107  116  111  121  107  115  124  114  113  107  102  110  117  118  107  108  107  123  123  122   25
ch:  77  123  116  110  121  132  123  118  110  127  119  119  113  115  131  113  127  119  122  118  122  104  110  116  122  120  119  121  125  132  134  127   15
ch:  78  119  121  125  116  118  117  126  121  107  107  102  135  105  105  102  119  110  118  104  116  103  105  104  104  108  118  114  102  114  121  116   26
ch:  79  117  117  120  119  122  119  117  109  123  125  118  121  118  121  121  106  117  119  123  107  103  117  115  117  106  119  120  122  125  110  122   22
ch:  80  109  130  108  134  120  105  121  110  118  118  102  122  104  108   98  115  110  107  103  103   99  107  103  110  110  107  115  108  110  113  104   30
ch:  81  117  122  121  123  124  115  132  125  123  116  117  106  120  120  120  121  123  130  121  121  120  119  118  133  130  121  119  108  132  124  132   27
ch:  82  124  121  115  114  122  111  124  120  117  105  110  109  109  107  103  116  121  117  103  107  116  113  113  108  117  117  107  119  106  122  110   20
ch:  83  137  134  123  135  117  121  107  118  123  110  120  133  119  111  115  116  122  111  125  121  109  115  125  126  125  137  118  122  134  119  134   18
ch:  84  116  124  109  134  123  122  127  103  111  117  113  116  106  115  114  107  122  100  119  102  103  107  107  105  106  105  117  107  107  120  129   25
ch:  85  120  131  117  120  135  109  120  118  118  116  126  132  123  125  118  121  121  120  120  121  108  123  123  121  122  118  119  121  144  133  125   17
ch:  86  132  123  122  119  119  115  116  108  121  107  116  106  117  108  124  119   99  108  109  105  115  123  107  109  115  107  104  115  117  120  115   26
ch:  87  119  126  122  119  119  123  124  134  132  122  124  117  118  119  119  132  122  117  119  114  128  108  122  115  121  124  111  124  124  133  122   18
ch:  88  122  119  122  121  114  121  116  119  113  108  106  117  107  117  111  114  107  119  106  120  109  107  105  103  118  108  124  108  121  118  122   28
ch:  89  132  118  133  114  119  125  122  121  119  109  121  121  121  119  116  116  121  120  118  122  116  118  120  114  121  121  119  117  135  121  131   21
ch:  90  125  121  119  119  123  117  118  117  118  117  109  109  115  107  113  116  105  105  111  103  106  103   98  114  113  113  105  113  122  116  107   29
ch:  91  123  117  133  117  120  120  132  120  115  119  116  122  120  118  120  111  124  122  118  105  117  123  122  135  124  123  133  136  123  133  141   19
ch:  92  118  131  120  132  122  118  111  119  107  115  109  109  119  107  109  108  110  106  109  106  116  104  116  124  104  124  107  116  117  121  125   26
ch:  93  120  133  121  123  116  121  118  120  119  124  125  125  117  118  110  115  117  120  116  115  120  124  120  107  120  123  118  123  119  135  123   19
ch:  94  123  127  121  124  116  110  134  118  107  104  118  115  106  115  116  118  117  106  120   94   92  120  107  119  120  107  108  107  114  117  107   35
ch:  95  120  117  124  131  117  120  114  135  121  111  119  124  113  124  121  124  114  121  108  122  116  119  121  108  122  118  122  119  123  134  115   22
ch:  96  122  121  120  122  119  118  109  120  116  107  119  109  117  121  107  105   99   94  109  106  118  106  104  116  109  116  116  121  116  115  126   27
ch:  97  142  135  122  123  117  120  114  116  117  120  124  124  116  124  121  120  124  123  125  119  122  124  138  120  109  132  131  119  124  121  131   26
ch:  98  120  116  125  126  122  117  120  117  109  116  110  117  115  121  104  117  108  103  117  108  106  102  108  100  100  100  115  104  117  112  119   37
ch:  99  133  135  118  118  122  126  115  125  108  122  123  110  107  107  119  121  117  107  107  119  118  108  122  122  124  123  118  126  110  123  127   23
ch: 100  122  124  120  137  117  119  117  118  114  121  106  119  119  103  106  107  100  108  102  112  108  100  100  108  107  108  109  123  113  118  105   38
ch: 101  121  132  129  124  132  125  126  119  133  122  119  107  123  122  122  116  122  125  103  124  114  120  130  120  121  137  125  119  136  122  132   26
ch: 102  131  121  117  122  117  117  120  108  117  115  105  116  123  107  119  117  106  113   94  118  110  115   99  114  108  116  116  119  113  113  114   31
ch: 103  122  124  111  117  125  125  121  123  132  121  124  122  116  105  122  120  114  110  121  123  110  116  125  119  124  124  133  114  131  120  118   20
ch: 104  119  118  116  141  133  118  109  110  133  106  120  119  116  117  101  113  110  107  107  116  107  107  106  110  102  110  101  115  114  109  111   36
ch: 105  119  133  120  132  118  134  118  119  117  117  121  119  135  120  111  118  115  118  123  119  107  126  107  120  120  116  121  118  124  133  118   21
ch: 106  120  133  109  117  132  123  115  111  120  120  108  114  124  109  108  115  108   99  113  107  100  109  117  106  105  106  114  115  121  107  108   34
ch: 107  123  121  137  126  115  117  133  133  119  114  120  119  118  105  109  115  125  107  116  105  116  116  119  125  111  116  124  124  116  118  122   17
ch: 108  119  132  106  118  134  114  118  116  106  108  122  105  109  120  103  121  106  111  106  115  102  115  117  115  108  117  106  120  116  108  116   30
ch: 109  124  123  134  124  121  121  123  118  108  109  119  109  119  103  120  108  117  115  120  115  112  109  122  120  118  122  133  119  123  122  119   26
ch: 110  117  122  118  104  118  118  119  118  108  132  121  110  101  120  104  106  119  106  104  113  108  113  111  102  104  112  121  115  116  109  108   33
ch: 111  132  123  120  124  134  120  117  117  124  123  117  121  117  117  117  117  119  120  116  127  121  124  134  121  120  135  113  132  124  125  126   22
ch: 112  115  118  119  120  118  107  108  119  100  115  120  114  111  110  100  109  109  102  106  117  105   94  114  106  115  101  102  111  118  110  116   37
ch: 113  134  122  126  119  125  121  122  123  118  119  108  120  103  114  119  109  124  116  116  120  124  109  108  120  115  104  122  107  119  119  119   19
ch: 114  124  135  123  131  121  108  119  117  121  104  114  115  104  116  105  105  106  101  103  102  108  109  100  106  104  109  107  107  117  115  121   28
ch: 115  137  132  135  124  134  135  119  118  119  106  123  121  117  120  122  121  109  121  119  117  124  117  108  115  107  121  123  134  123  122  126   29
ch: 116  138  125  107  121  117  118  122  110  102  106  114  101  102  107  105  106  111  108  102  102  108  106  103  117  102  119  107  103  117  105  122   37
ch: 117  119  126  124  124  115  130  105  107  120  116  124  119  118  123  116  108  119  106  116  122  123  105  117  117  103  135  118  105  125  117  110   26
ch: 118  110  125  123  117  118  108  113  115  119  110  121  106  114  100  109  113  109  104  117  100   94  114  116  100  116  115  106  116  113  120  107   34
ch: 119  125  132  126  138  117  132  106  116  123  122  110  107  131  131  115  118  110  118  101  121  118  109  115  115  130  116  123  124  118  135  123   23
ch: 120  119  109  107  119  121  122  118  123  119  106  110  107  116  131   91  107  103  104  103  119  108  114   -1  106  114  106  113  121  116  119  118   26
ch: 121  121  126  124  124  125  137  111  118  126  119  134  107  118  123  126  120  119  117  120  116  126  120  122  117  117  117  120  117  122  113  123   22
ch: 122  123  119  120  118  122  120  116  116  114  105  114  104  108  106  119  117  107  100  104  102   88   98  105  106  111  106  106  104  119  120  113   29
ch: 123  132  132  131  134  119  123  122  120  118  113  115  124  108  107  120  115  116  119  122  108  120   99  116  109  111  108  115  125  115  118  124   30
ch: 124  117  122  118  110  109  126  116  110  124  106  102  107  118  110  116  103  107  104  106  108  102  104  101  107  100  107  107  107  116  117  107   18
ch: 125  132  126  123  121  122  133  112  131  120  122  124  121  123  121  109  118  118  112  122  117  111  117  116  119  120  123  125  122  109  126  122   26
ch: 126  129  119  131  123  119  118  103  108  118  118  117  120  107  109  108  107  115  117  110  106  114  107  102  119  110  115  106  101  104  107  110   18
ch: 127  124  123  133  124  121  123  122  132  118  121  125  122  122  137  117  121  125  110  121  121  125  135  130  131  123  135  132  132  123  138  125   28
