# ID XA-000-08-002-000-000-121-02
# Tag _trim_
# Date 240731_18:23:37
# Vref_p 58
# Vref_n 28
# Thr2_glb 46
# Vref_t 118
# Vref_t_range 1
# Pol 0
# ADC range 30-247
# FAST disc 30
ch:   0  123  119  122  118  104  110  114  111  115  116  103  109  115  115  110   98  116  104  113  102  102  102  101  103  117  115  108  132  115  116  111   35
ch:   1  112  110  124  109  114  122  123  109  114  103  109  111  119  116  115  111  122  124  124  120  119  125  120  123  115  134  118  110  117  119  132   56
ch:   2  119  109  108   93  117  106  104  106   99  101  105  103   95  103   99  107  113  103   93  110  105  102  105  114  108  109  119  106  123  121  117   56
ch:   3  116  102  107  106   99  116  105  119  119  122  102  116  116  109  109  119  122  117  117  107  111  119  115  110  119  119  124  110  118  125  133   52
ch:   4  110  107  107  100  105  120  112  107  111  102  108  118  119  116  108  101  109  115  107  114  107  110  103  104  102  115  117  117  133  110  122   55
ch:   5  115  107  113  119   99  120  109  118  108  113  114  111  119   98  103  117  116  115  111  118  107  110  122  118  121  115  125  125  110  133  124   56
ch:   6  108  109  126  118  112  116  116  104  115  106  110  114  105  112  108  115  109  118  104  100  113  107   94  110  103  117  121  121  117  121  121   56
ch:   7  126  106  114  108  112  106  108  112  111  126   99  114  116  107   -1  109  109  118  118  124  118  105  117  110  118  116  123  118  117  132  135   56
ch:   8  124  117  102  118  106  119  115  108   -1  119  105  106  100  107  115  114  108  109  118  116  123  113  107  118  115  121  124  125  132  121  120   56
ch:   9  118  107  118  117  120  114  116  124  110  116  118  110  116  115  104  106  104  125  110  110  110  121  107  117  120  118  117  110  125  133  123   56
ch:  10  124  113  119  115  109  115  107  104  119  106  103  106  110  102  106  105  100  120  120  117  120  116  128  118  105  114  123  115  116  114  131   56
ch:  11  119  121  116  123  111  117  107  110  105  120  109  118  109  116  116  107  107  108  109  110  106  115  107  111  122  125  133  116  119  132  134   52
ch:  12  108  116  116  121  110  110  109  108   98  120  118  106   94  106  100  103  103  106  113  102  116  116  103  111  116  115  108  123  107  132  125   53
ch:  13  111  104  120  116  110  124  124  123  116  115   99  119  112  107  113  122  116  103  121  125  121  110  118  109  118  123  120  120  133  121  127   51
ch:  14  111  123  117  110  117  116  110  104  114  107  114   94  116  101  108  114  104  110  114  110  109  113  107  109  120  106  113  118  123  120  126   56
ch:  15  116  111  116  117  123  105  119  120  118  106  114  115  125  115  119  109  126  133  119  118  130  129  127  125  111  117  122  121  122  138  132   56
ch:  16  113  114  108  116  108  109  108  110  118  101  111  108  107  117  106  105  110  105  103  117  105  105  103  115  122  110  123  118  116  121  106   56
ch:  17  106  123  118  110  110  124  109  108  109  107  115  111  102  109  126  103  118  112  114  118  124  127  122  123  120  112  132  123  136  121  134   56
ch:  18  106  120  115  116  109  119  121  106  114  130  108  118  110  114  106  100  115  103  108  123  118  117  100  105  117  120  112  116  123  121  124   56
ch:  19  123  119  116  117  119  102  117  110  109  107  113  106  102  120  115  121  114  125  122  116  105  122  118  115  131  119  122  127  137  123  135   56
ch:  20  114  116  116  118  118  106  112  111  122  120  119  114  105  109  118  108  105  116  104  105  118  106  115  116  104  125  119  119  122  117  127   47
ch:  21  123  117  118  118  120  119  117  120  121  121  120  112  132  113  104  116  115  106  124  125  123  110  121  120  119  126  124  120  117  125  134   56
ch:  22  121  117  108  103  110  107   94  116  117  102  104  102  103   97  117  104  105  108  102  107  103  110  106  109  109  131  115  124  121  119  121   56
ch:  23  120  110  122  104  124  116  115  118  116  117  115  119  120  112  120  110  117  123  117  114  118  123  124  120  115  137  125  138  132  132  142   56
ch:  24  131  109  105  118  122  119  117  118  104  118  114  125  118  109  116  116  106  115  115  117  110  106  131  121  120  125  120  120  122  120  133   56
ch:  25  120  117  121  121  123  113  116  121  119  109  104  114  107  119  118  111  124  101  107  131  119  119  109  120  133  116  135  133  120  133  137   54
ch:  26  105  121  117  119  118  122  109   92  106  104  108  100   92   -1  113   99  114  108  111  102  101  114  100  116  105  116  119  120  123  120  119   47
ch:  27  107  114  111  121  117  114  108  119  123  115  116  118  106  118  119  116  116  123  120  130  138  120  121  122  114  126  126  122  121  132  135   56
ch:  28  121  131  111   93  118  116  104  116  102  129  101  105  109  107  107  116  106  110  115  119  119  110  120  115  116  120  125  113  113  120  121   56
ch:  29  116  122  123  117  116  117  119  120  115  111  106  117  108  122  118  107  117  106  104  122  120  126  121  117  117  116  125  119  133  125  124   56
ch:  30  117  117  132  123  116  123  123  116  115  115  114  115  102  120  119  106  110  116  120  105   -1  101  107  103  120  117  113  116  117  120  137   56
ch:  31  125  119  116  124  117  119  114  111  100  108  103  106  118  119  104  132  119  103  117  121  118  113  118  119  111  116  113  126  125  117  135   56
ch:  32  124  105  114  105  103  115  116  113  115  101  110  107  120  115  107  115  103  110  110  103  115  109  118  117  120  122  118  125  114  120  131   56
ch:  33  108  118  123  115  109  113  107  124  110  121  116  119  116  126  110  124  106  121  123  120  115  116  119  112  122  123  121  123  123  121  135   56
ch:  34  107  109  122  106  117  108  110  107  114  115  120  104  102  120  107  116  108  108  116  115  106  115  130  120  113  119  121  123  116  114  132   50
ch:  35  131  119  112  118  116  127  119  125  121  123  115  112  124  122  122  119  117  109  125  113  111  124  116  123  120  122  120  124  132  130  131   52
ch:  36  120  122  121  105  108  117  110  110  120  116  106  110  123  106  115  105  108  107  108  105  118  113  116  118  124  111  130  119  124  134  119   56
ch:  37  115  117  117  124  115  118  113  107  122  123  116  115  108  115  115  129  122  118  118  122  119  116  118  118  131  125  121  132  122  133  120   56
ch:  38  111  118  116  102  125  115  118  108  106  106  102  107  109  108  109  107  120  104  114  118  112  105  108  122  125  130  119  117  134  106  124   56
ch:  39  121  106  115  118  114  118  117  120  119  104  115  119  114  115  110  119  104  125  121  118  122  117  123  109  126  116  120  135  133  123  125   56
ch:  40  131  105  120  116  119  105  111  119  107  117  107  100  110  110  111  111  122  117  116  117  119  114  120  122  120  123  125  121  125  125  124   56
ch:  41  117  118  110  103  111  119  103  123  102  119  115  108  104  106  118  105  103  121  118  118  122  101  121  120  125  121  116  123  132  119  121   56
ch:  42  111  114  109  109  122  106  119  115  108  114  114  106  109  106  119  108  110  107  117  110  119  109  123  107  122  122  123  123  133  123  122   56
ch:  43  118  121  115  120  121  119  120  120  124  109  119  119  120  120  115  109  122  110  121  115  131  121  120  123  125  135  130  137  132  147  135   52
ch:  44  114  114  115  118  115  120  107  119  120  110  117  117  113  110  115  115  107  116  120  104  108  121  105  119  118  106  117  124  121  137  123   56
ch:  45  114  117  117  122  106  107  114  118  110  114  119  124  117  119  114  118  101  131  121  116  127  119  123  127  124  121  123  133  132  119  139   56
ch:  46  113  116  106  111  116  106  116  119  118  118  116  101  108  101  109  114  117  117  113  119  116  117  111  118  110  119  116  116  131  120  124   53
ch:  47  121  109  114  117  106  110  114  110  105  115  123  122  117  116  104  119  118  110  118  106  113  114  124  123  120  131  122  120  121  120  133   42
ch:  48  121  108  118  130  121  116  117  104  111  116  126  109  119  110  115  115  109  116  106  122  123  117  109  124  124  120  125  123  119  119  132   49
ch:  49  122  116  111  103  121  107  123  103  118  104  107  106  120  116  104  119  105  120  108  119  120  118  110  116  121  123  109  121  124  109  121   50
ch:  50  107  106  130  110  101  122  103  105  115  108  115  107  110  121  116  116  106  110  102  109  120  120  107  102  118  116  130  111  115  123  114   56
ch:  51  111  120  108  131  121  118  116  105  110  120  107  114  107  125  120  117  125  117  130  123  116  118  117  121  119  133  138  126  136  125  139   56
ch:  52  116  104  111  118  108  123  103  114  110  119  118  108  113  110  108  116  120  116  108  110  114  119  120  108  118  104  118  125  122  120  136   49
ch:  53  120  119  113  123  120  119  115  118  117  119  115  128  117  115  120  122  124  118  118  111  116  110  121  116  122  133  133  134  133  126  140   56
ch:  54  115  117  113  115  109  114  117  115  110  105   99  114  103  109  105  104  116  109  111  118  124  106  110  120  115  122  108  121  126  121  115   56
ch:  55  127  118  114  114  108  127  120  119  116  120  115  116  110  122  130  117  121  108  118  121  114  117  122  123  126  137  135  137  123  132  137   52
ch:  56  129  131  115  122  105  114  111  106  107  103  117  108  120  124  103  107   94  103  115  112  111  123  120  125  123  122  108  123  135  121  136   56
ch:  57  123  120  116  119  118  116  115  116  117  113  121  116  120  130  121  122  117  122  118  120  119  135  120  125  129  136  124  135  136  140  138   56
ch:  58  118  121  115  117  119  117  115  110  118  116  115  117  109  120  105  114  106  107  120  110  119  118  119  124  119  121  126  102  121  131  133   56
ch:  59  119  107  119  118  117  120  127  109  111  110  125  121  110  114  137  121  124  118  120  132  121  134  133  127  124  138  135  137  139  137  133   49
ch:  60  115  106  104  106  119  105  119  110  108  107  105  107  114  122  110  116  110  108  119  113  106  112  117  109  121  126  121  115  130  120  122   56
ch:  61  117  110  119  122  109  110  116  123  117  124  105  122  106  109  125  110  108  123  120  123  123  120  121  122  127  123  123  131  133  120  132   56
ch:  62  115  116  116  114  108  110  118  117  113  114  108  106  109  114  106  103  132  116  117  107  117  106  105  110  115  121  123  131  121  121  136   56
ch:  63  118  119  126  110  125  119  123  121  115  119  124  122  119  117  106  125  120  118  128  108  122  129  125  118  117  134  121  122  136  125  147   56
ch:  64  123  122  124  107  103  116  122  103   -1  116  108  112  119  117  109  100  117  108  116  116  122  118  121  130  122  120  122  121  121  120  124   56
ch:  65  121  118  110  116  116  110  107  115  114  104  122  116  120  115  113  117  119  117  121  116  123  107  119  119  121  120  118  133  126  131  131   50
ch:  66  115  110  111  111  109  118  110  111  115  118  116  113  114  104  110  105  115  115  108  108  121  109  116  107  113  115  133  120  121  123  123   56
ch:  67  131  124  116  113  114  117  117   94  122  109  118  124  117  115  116  110  107  116  109  129  122  119  132  117  121  125  123  126  123  131  133   53
ch:  68  117  122  120  106  116  108  110  110  123  116  109  111  105  120  120  131  119  120  106  114  109  118  122  115  120  123  119  118  117  132  140   56
ch:  69  109  109  115  105  120  121  120  117  121  113  117  110  108  125  122  116  106  119  119  115  120  121  124  118  131  122  134  121  134  133  135   56
ch:  70  120  118  105  107  119  114  119  104  115  107  106  101  110  110  110  104  110  119  116  124  101  101  116  109  108  122  119  119  124  131  125   56
ch:  71  123  123  120  121  122  124  117  108  131  121  121  126  119  116  118  122  108  122  119  110  123  133  125  135  135  126  127  133  132  126  137   52
ch:  72  122  106  116  110  113  131  115  110  109  123  111  122  110  102  122  109  116  117  105  114  113  117  124  121  114  105  117  127  135  122  126   56
ch:  73  104  119  119  118  122  118  123  124  126  118  111  123  108  125  118  118  117  125  121  121  116  122  119  123  118  136  136  125  123  133  127   51
ch:  74  119  115  134  127   97  110  115  117  124  124  115  120  116  106  107  110  119  109  116  121  118  115  122  115  117  111  121  126  122  133  126   56
ch:  75  121  105  112  106  116  117  122  120  111  115  120  129  118  117  114  111  119  119  102  107  134  125  124  119  127  131  119  125  136  125  136   52
ch:  76  105  115  121  111  117  116  115  104  114  118  108  108  115  104  114  117  126  114  104  108  115  123  120  108  124  122  122  122  118  122  133   56
ch:  77  117  115  110  102  104  108  114  102  122  125  104  104  108  109  115  117  110  114  122  106  113  117  110  122  119  122  118  131  121  138  122   42
ch:  78  132  119  123  119  132  119  115  104  120  118  115  116  131  116  114  119  111  116  121  116  103  118  119  120  127  121  116  122  136  115  135   56
ch:  79  117  123  104   99  120  121  119  117  117  121  113  119  108  111  120  118  118  119  119  120  118  129  126  126  124  122  133  140  120  147  134   56
ch:  80  117  114  117  100  109  124  109  122  116  123  115  118  107  120  114  110  119  105  121  106  110  105  109  117  119  132  125  124  132  120  136   56
ch:  81  117  116  122  118  120  106  123  106  117  110  119  116  116  119  113  118  116  108  105  133  119  135  118  122  121  121  131  127  126  138  132   50
ch:  82  121  115  104  130  125  110  107  108  108  119  115  108  100  121  119  117  123  121  105  116  106   91  114  133  119  119  126  120  135  116  123   56
ch:  83  123  117  117  131  108  119  109  115  118  117  116  120  106  118  108  124  116  117  120  115  119  107  106  116  120  131  126  124  121  123  124   42
ch:  84  120  122  123  119  117  124  113  100  107  110  124  118  118  108  106  112  106  110  116  104  104  116  115  125  125  119  119  118  131  115  123   56
ch:  85  119  118  114  105  122  118  110  109  120  108  108  116  124  117  111  118  120  119  131  126  123  121  122  119  119  124  123  111  121  120  140   42
ch:  86  117  118  116  107  110  121  112  117  108  105  120  119  119  112  118  122  116  120  120  115  130  124  116  110  117  133  120  110  136  116  126   56
ch:  87  119  107  119  124  118  115  104  120  123  109  121  120  108  126  109  120  117  118  117  122  126  121  120  123  121  131  125  123  131  122  123   52
ch:  88  109  120  106  114  113  107   93  117  108  109  108  101  113  110  116  102  119  115  109  110  109  122  106  118  126  116  114  117  114  125  123   55
ch:  89  121  104  122  120  121  116  118  118  131  108  112  117  114  119  120  122  118  123  125  122  125  123  116  119  108  121  132  122  131  126  119   55
ch:  90  120  120  117  111  108  118  116  116  114  101  105  111  117  108  114  106  117  118  118  105  123  116  113  107  119  125  108  125  117  131  123   56
ch:  91  115  122  109  118  118  124  120  106  123  120  118  109  126  132  110  117  116  110  119  121  120  129  123  116  124  119  115  142  126  137  140   56
ch:  92  114  117  121  108  122  120  123  105  116  103  120  119  100  113  109  104  126  101  117  116  119  119  118  115  111  119  124  120  123  122  134   56
ch:  93  116  118  131  121  120  117  121  108  120  106  110  108  121  120  119  123  118  118  125  120  133  119  121  121  114  132  121  126  136  133  135   54
ch:  94  110  117  123  121  107  120  114  114  107  107  116  108  109  104  110  113  118  115  109  117  106  117  108  106  122  124  124  117  132  121  126   50
ch:  95  123  116  119  123  117  122  113  120  107  120  116  115  124  122  109  121  117  109  108  110  106  123  109  126  122  120  118  123  117  126  139   53
ch:  96  117  125  119  116  116  107  115  110  119  107  108  108  118  117  114  119  107  117  118  122  125  115  130  121  110  114  123  123  125  124  122   56
ch:  97  118  121  124  113  109  122  120  107  119  121  116  118  121  118  109  109  109  118  123  118  108  121  120  119  117  133  125  117  120  132  125   56
ch:  98  115  113  106  121  127  115  109  110  107  106  109  120  110  116  105  122  115  104  108  116  119  115  116  120  115  109  114  119  123  120  117   56
ch:  99  126  123  116  118  116  115  103  109  115  126  131  125  117  123  120  119  122  120  120  123  106  117  117  118  130  125  131  131  136  138  131   52
ch: 100  129  109  121  108  122  117  117  103   98  117  119  106  109  123  122  107  107  118  118  116  115  123  118  125  118  119  115  121  124  124  125   56
ch: 101  116  119  121  108  120  121  103  110  109  110  108  124  118  121  116  123  119  122  108  117  120  109  115  108  123  117  119  120  136  137  127   56
ch: 102  121  131  120  118  119  109  114  121  107  110  110  118  107  110  119  104  117  110  120  106  105  110  119  122  119  120  121  134  127  118  137   56
ch: 103  115  124  118  118  116  105  122  117  115  116  116  120  118  122  120  118  106  121  120  103  122  126  126  122  111  126  131  134  142  125  138   53
ch: 104  106  110  106  119  108  130  109  106  113  107  107  103  113  119  116  123  110  101  114  116  117  116  115  124  107  125  122  125  119  134  120   56
ch: 105  117  110  121  115  123  120  123  111  117  120  114  111  120  118  114   -1  119  107  119  108  132  116  118  115  122  125  117  131  136  133  134   56
ch: 106  123  123  116  116  119  114  117  108  110  114  107  117  116  113  104  107  110  110  108  115  110  111  117  113  117  110  115  121  131  123  151   56
ch: 107  114  119  119  116  110  115  117  118  106  111  111  115  114  110  110  117  106  120  132  130  131  123  123  130  128  136  119  129  135  124  136   52
ch: 108  130  116  106  121  121  118  105  123  114  113  110  113  116  115  111  120  100  107  112  109  108  117  101  133  116  124  111  119  124  123  131   56
ch: 109  103  118  116  121  119  107  120  121   99  124  117  124  116  122  120  105  119  117  117  122  121  132  121  122  126  126  131  126  131  127  139   52
ch: 110  119  100  102  123  106  106  107  108  117  116  119  116  105   95  120  108  118  117  104  119  117  122  109  107  108  116  123  121  123  124  135   56
ch: 111  125  118  122  115  107  116  115  117  132  116  121  122  123  122  120  123  119  118  122  121  124  123  125  120  115  133  105  125  125  137  140   56
ch: 112  116  114  122  106  117  117  109  124  110  104  106  118  117  108  109  119  117  116  110  111  107  119  120  116  115  110  132  118  125  120  124   56
ch: 113  120  113  126  109  115  119  124  129  118  106  119  115  117  116  107  113  121  115  119  120  130  120  130  115  120  124  131  126  133  131  133   52
ch: 114  110  117  109  117  117  107  116  114  107  122  102  106  101  107   94  116  118   95  111  118  120  123  107  112  120  120  125  117  116  122  121   54
ch: 115  121  116  104  111  120  131  122  129  117  106  116  123  116  124  121  130  118  115  119  119  121  122  122  131  145  135  138  130  127  151  136   56
ch: 116  122  119  115  130  115  119  106  109  117  108  115  104  106  106  118  107  103  102  118  114  121  115  123  113  121  115  125  134  130  124  118   47
ch: 117  132  107  117  126  122  115  122  120  126  108  108  121  116  106  124  122  124  133  116  119  132  123  126  134  131  132  136  135  122  135  135   56
ch: 118  106  105  114  110  108  107  116  102  117  106  115  111  102  113  107  109  111  111  110  111  122  120  118  119  115  132  133  121  117  134  123   46
ch: 119  117  120  124  118  116  121  107  110  117  117  123  105  123  105  108  120  119  124  121  121  120  123  117  117  132  132  120  129  131  133  131   56
ch: 120  122  109  106  122  104  110  117  108  118  104  117  116  119  110  118  109  105  124  123  120  108  119  120  115  121  119   -1  117  122  130  125   56
ch: 121  105  122  120  122  106  123  124  124  111  121  119  109  104  119  123  110  118  127  114  124  123  123  130  130  120  131  127  135  131  133  132   56
ch: 122  123  121  119  117  105  118  105  116  108  114  107   93  117  116  103  115  116  103  115  124  106  120  111  114  106  115  131  120  119  125  119   54
ch: 123  106  116  110  120  124  114  115  119  132  121  121  117  116  109  109  120  123  120  121  114  116  120  138  122  137  135  125  137  141  139  137   53
ch: 124  126  106  115  119  117  116  107  106  106  115  116  108  117  114  112  103  103  110  122  107  109  123  118  114  118  122  120  119  125  124  126   54
ch: 125  118  119  120  116  122  123  117  122  117  115  118  124  124  132  120  114  124  115  117  119  134  121  136  120  135  133  138  132  126  121  131   55
ch: 126  118  119  116  110  106  114  105  122  118  107  105  108  127  105  114  115  108  108  120  121  115  117  105  121  115  123  131  122  125  124  137   56
ch: 127  107  132  124  116  114  116  117  121  119  118  132  121  118  122  126  122  111  130  122  126  132  121  136  134  147  118  122  125  126  132  139   23
