# ID XA-000-08-002-000-001-091-01
# Tag _trim_
# Date 240508_12:50:56
# Vref_p 56
# Vref_n 24
# Thr2_glb 42
# Vref_t 118
# Vref_t_range 1
# Pol 1
# ADC range 30-247
# FAST disc 30
ch:   0  121  115  133  125  132  137  125  123  123  131  116  120  127  124  121  122  118  119  119  122  109  114  116  121  114  122  116  120  124  131  122   -1
ch:   1  133  127  133  133  125  133  121  120  121  125  116  122  106  118  102  119  123  122  107  117  127  108  118  123  116  118  115  117  114  109  119   51
ch:   2  129  134  123  133  120  132  118  119  117  124  131  107  116  120  133  105  121  119  114  106  110  120  119  116  125  120  123  127  118  121  135   -1
ch:   3  125  131  138  130  123  119  126  125  115  109  110  122  106  115  116  118  107  117  124  107  120  106  107  118  118  124  121  117  122  120  119   43
ch:   4  115  137  134  122  124  132  131  120  121  122  118  111  116  106  105  107  116  115  115  125  109  115  114  108  108  122  121  132  107  124  130    2
ch:   5  130  136  125  123  132  124  123  122  125  123  120  100  103  111  116  107  107  117  107  120  111  110  114  117  120  109  119  118  117  118  126   48
ch:   6  122  119  125  127  110  135  123  119  117  125  117  109  116  116  115  107  123  117  107  119  121  108  121  115  131  108  123  122  118  119  121    8
ch:   7  132  138  122  135  120  124  122  121  118  122  122  123  119  107  107  121  116  105  107  120  115  111  102  107  121  107  104  125  115  120  103   46
ch:   8  134  132  130  121  125  124  133  125  125  115  131  118  118  120  119  120  120  125  121  110  109  111  110  119  123  124  121  121  118  123  126   16
ch:   9  146  139  119  133  129  136  124  121  118  125  124  117  110  126  117  118  117  115  130  114  120  102  118  105  104  120  115  106  114  111  108   56
ch:  10  134  130  129  132  121  125  124  119  116  105  121  120  117  117  126  103  110  105  120  117  115  119  118  109  116  119  124  117  119  117  115   10
ch:  11  132  127  126  125  121  126  132  125  107  123  129  117  121  122  117  116  116  102  106  108  116  110  121  108  117  119  117  104  111  124  121   49
ch:  12  134  136  135  123  129  125  123  132  134  109  120  115  114  118  117  122  122  105  121  121  105  121  109  122  107  124  121  109  115  124  123    8
ch:  13  138  137  124  125  121  129  118  118  117  118  134  118  119  108  126  111  124  117  109  117  106  121  119  110  108  115  108  118  115  124  126   48
ch:  14  131  124  117  125  121  123  124  132  129  121  126  122  121  129  122  105  121  118  125  105  105  104  129  118  115  109  109  121  108  123  117   11
ch:  15  119  149  131  131  125  120  119  124  131  122  116  120  124  121  113  124  116  116  116  126  106  113  116  120  124  123  110  119  117  120  131   49
ch:  16  122  129  114  122  118  110  134  120  125  122  121  121  118  118  122  123  109  113  113  117  116  117  121  107  109  117  120  123  109  108  122   19
ch:  17  121  136  138  132  134  125  117  118  124  114  122  115  109  118  104  104  116  107  116  117  110  102  123  105  117  116  119  120  122  119  117   50
ch:  18  124  121  140  134  135  125  118  123  122  124  119  108  121  118  114  118  121  114  106  118  107  120  117  107  117  123  116  127  110  124  118   15
ch:  19  125  134  124  136  124  124  129  117  120  109  121  120  122  108  125  117  124  121  118  117  107  126  110  115  119  127  108  117   -1  119  121   53
ch:  20  138  132  123  123  124  136  130  121  123  122  117  109  125  120  124  104  104  117  110  103  113  120  108  111  107  121  108  121  110  123  120   10
ch:  21  125  132  115  120  122  131  124  125  126  119  124  119  130  121  104  126  124  106  114  107  110  123  122  123  118  116  121  122  109  108  118   56
ch:  22  134  131  130  129  125  131  124  127  131  119  120  116  120  116  115  126  116  123  106  107  119  119  117  109  103  116  103  115  110  119  115   15
ch:  23  147  125  134  121  131  119  126  123  124  121  121  124  119  114  124  124  118  111  108  109  118  122  131  124  107  116  123  116  119  118  131   45
ch:  24  121  132  127  118  130  138  122   -1  118  119  124  124  119  119  119  107  118  116  123  123  116  119  116  110  120  107  122  116  116  117  115   16
ch:  25  134  122  121  126  122  134  119  118  124  125  118  120  126  116  123  115  119  118  117  103  119  107  117  117  119  117  120  116  115  124  130   44
ch:  26  120  125  134  130  123  120  126  122  124  131  123  117  129  116  110  109  108  117  109  122  119  121  111  115  115  106  116  118  124  120  124   20
ch:  27  124  121  136  127  126  123  116  116  132  124  118  109  122  118  111  126  119  131  118  118  114  122  116  115  120  110  120  122  119  129  127   51
ch:  28  126  126  120  125  127  123  131  120  116  119  118  118  124  114  107  105  120  122  115  126  113  106  108  109  123  120  109  130  118  122  131   25
ch:  29  126  150  131  117  126  123  125  121  120  117  115  115  108  105  119  118  119  122  114  119  119  122  105  108  121  124  123  122  126  118  120   49
ch:  30  127  122  132  134  136  124  125  119  123  131  122  124  124  118  118  107  120  117  117  115  120  122  125  118  120  117  120  130  123  119  118   26
ch:  31  120  121  125  135  116  127  131  135  121  129  120  120  123  124  117  124  117  122  109  116  133  123  116  121  109  124  123  119  124  133  121   44
ch:  32  134  134  136  127  136  127  132  123  129  132  115  123  116  137  123  116  123  117  115  121  115  118  123  123  125  121  119  108  125  125  123   35
ch:  33  126  126  124  131  119  121  126  123  117  108  122  124  122  109  120  116  105  122  121  125  120  127  123  133  124  113  130  124  132  132  122   54
ch:  34  134  117  125  124  132  120  124  124  110  124  117  128  135  121  125  119  124  118  117  118  121  120  123  116  120  111  122  123  124  124  131   38
ch:  35  125  123  132  134  129  124  124  122  124  131  122  126  117  107  122  110  117  120  121  104  107  116  122   -1  106  119  124  131  119  127  122   41
ch:  36  132  125  132  122  120  119  122  125  120  133  117  120  124  121  108  125  131  116  119  109  116  120  106  123  108  122  117  123  119  125  123   31
ch:  37  135  129  123  121  127  135  122  132  122  132  119  117  126  118  121  126  121  125  124  118  103  125  124  119  117  121  122  116  123  112  122   53
ch:  38  134  120  133  124  132  120  133  119  119  120  124  118  116  124  120  125  109  118  109  125  120  116  124  118  122  134  126  123  135  131  132   42
ch:  39  138  133  135  129  129  116  131  117  118  120  122  121  123  121  126  129  121  126  120  125  123  125  127  116  130  117  133  118  114  119  132   50
ch:  40  129  131  126  120  123  124  120  123  126  126  125  124  121  115  127  121  125  118  120  111  116  123  121  117  120  121  121  120  125  125  131   41
ch:  41  143  124  130  133  132  131  124  126  120  123  121  119  120  118  121  109  124  120  116  115  123  114  121  121  124  122  124  125  123  126  117   44
ch:  42  127  136  121  123  123  133  123  117  124  123  119  121  123  118  135  117  118  123  121  132  117  130  138  124  123  122  126  133  132  123  123   36
ch:  43  130  132  125  132  118  134  124  130  126  124  119  131  122  120  117  118  117  108  117  123  125  116  122  121  118  126  106  124  124  133  117   52
ch:  44  131  134  137  136  137  124  131  132  121  122  109  122  131  126  125  134  120  124  123  121  110  119  111  127  106  133  123  119  119  117  130   41
ch:  45  136  132  129  126  131  128  132  126  126  120  124  118  124  131  127  118  131  124  117  119  117  122  117  124  125  121  125  121  123  138  137   46
ch:  46  119  135  134  132  120  129  123  122  126  121  121  131  124  124  108  119  117  124  122  122  121  111  117  131  122  118  126  123  119  123  124   41
ch:  47  136  125  133  131  137  126  130  127  137  120  120  131  119  117  121  120  115  122  117  117  120  119  133  118  126  116  118  118  134  134  124   49
ch:  48  126  123  129  131  136  117  126  122  119  118  130  118  125  127  125  118  118  120  126  135  120  123  135  121  118  123  123  121  121  122  125   29
ch:  49  138  139  134  136  120  124  109  133  125  122  119  120  135  124  119  123  124  117  120  125  107  119  107  125  114  126  122  137  133  126  129   45
ch:  50  127  121  133  137  136  137  132  119  130  123  130  118  121  120  120  120  122  121  118  123  122  121  120  126  127  131  123  132  124  136  122   39
ch:  51  138  124  137  126  126  120  126  122  138  125  121  120  135  122  119  121  123  125  118  123  129  123  121  119  134  125  132  124  134  134  132   56
ch:  52  138  131  132  124  125  132  131  121  118  121  119  121  120  121  117  122  121  122  123  131  115  122  118  120  127  134  123  125  121  127  132   45
ch:  53  133  136  135  143  126  124  122  121  131  123  120  117  123  121  121  122  125  116  131  122  122  131  119  123  118  131  115  123  137  131  134   56
ch:  54  131  132  135  146  132  136  132  124  118  130  135  120  122  135  129  129  119  121  127  120  122  119  133  122  132  120  120  124  130  119  124   38
ch:  55  137  123  136  138  136  132  124  121  126  104  123  125  126  118  117  116  125  126  115  123  121  110  125  135  121  105  126  117  124  125  131   53
ch:  56  131  118  127  140  122  120  123  118  119  125  124  116  116  122  121  124  110  124  117  116  125  123  130  127  118  132  130  131  122  126  127   39
ch:  57  135  135  137  136  132  132  132  121  121  131  120  123  132  131  108  111  123  122  118  118  111  120  124  118  122  115  131  119  121  122  126   49
ch:  58  130  124  131  121  120  120  124  115  123  116  121  126  116  125  129  118  123  106  125  119  135  119  122  120  108  122  126  130  119  120  119   44
ch:  59  124  132  122  130  126  123  133  131  130  130  123  122  126  117  139  105  123  126  119  130  120  120  119  124  119  121  123  130  132  123  130   48
ch:  60  128  123  124  136  121  134  131  135  120  120  121  120  124  139  117  107  130  118  130  132  122  131  123  132  131  124  125  138  122  134  132   43
ch:  61  132  126  132  131  114  126  123  132  129  118  121  122  122  120  123  122  114  111  111  119  116  108  118  131  125  105  118  136  121  132  130   49
ch:  62  131  132  133  124  124  132  131  125  118  133  123  110  123  131  121  126  121  131  122  125  133  117  136  135  131  120  125  133  138  125  136   39
ch:  63  124  132  125  125  122  124  135  121  123  120  132  127  119  122  120  108  130  118  121  106  124  131  124  116  121  124  121  120  133  122  122   53
ch:  64  130  132  135  133  134  132  120  126  131  121  119  124  123  126  127  109  122  124  124  118  119  124  121  125  120  121  130  135  124  134  132   29
ch:  65  136  130  138  134  127  119  130  122  124  123  120  123  118  145  132  118  117  108  127  119  118  122  117  120  123  131  124  115  124  131  130   42
ch:  66  132  129  133  131  134  117  124  121  125  118  134  115  110  130  120  123  121  120  120  133  115  119  124  132  125  122  121  123  124  130  132   33
ch:  67  132  126  130  132  132  132  133  131  118  138  126  133  116  135  119  119  121  130  124  123  122  105  126  135  138  122  124  131  126  121  125   46
ch:  68  133  138  126  127  133  126  132  124  117  125  110  125  119  117  117  130  133  123  132  125  123  123  120  127  129  131  120  132  120  119  118   30
ch:  69  125  131  134  131  137  136  128  132  123  139  118  109  121  134  124  121  120  109  124  116  121  118  126  127  133  130  122  123  129  125  123   56
ch:  70  136  125  134  133  127  133  130  131  129  133  115  117  130  131  133  120  123  124  120  117  132  124  124  127  124  124  111  131  125  130  138   35
ch:  71  125  136  137  137  126  130  131  131  119  118  132  120  130  126  135  119  121  117  123  128  124  119  131  117  119  125  117  136  125  120  130   56
ch:  72  121  136  135  132  105  135  124  125  134  138  125  119  123  131  127  124  131  119  119  125  127  125  137  129  116  124  139  125  123  132  131   32
ch:  73  119  131  123  122  125  124  127  122  126  122  131  120  117  116  121  107  110  124  119  110  120  122  123  130  124  123  119  119  122  124  111   40
ch:  74  133  124  127  137  134  119  126  137  125  127  131  127  124  122  124  123  121  123  124  132  105  131  115  106  127  125  123  121  131  121  132    6
ch:  75  136  141  122  131  132  122  126  125  130  122  131  124  124  109  119  106  109  119  119  121  121  123  117  122  108  125  134  121  120  123  120   52
ch:  76  126  122  125  131  129  130  134  127  124  121  116  122  135  118  122  121  124  127  108  131  121  118  118  125  118  131  130  130  126  135  136    2
ch:  77  123  122  127  134  121  119  120  139  115  123  123  120  129  124  119  125  119  120  117  131  114  126  121  129  123  130  131  119  123  127  120   55
ch:  78  129  134  134  130  136  123  124  130  125  125  121  124  136  118  121  125  105  130  124  119  125  111  117  120  130  125  125  123  123  123  131   26
ch:  79  139  133  130  131  135  127  123  121  131  123  121  121  110  115  133  123  127  141  130  123  125  129  133  125  121  125  134  116  125  121  135   43
ch:  80  126  132  147  120  133  124  124  116  136  119  117  131  131  121  130  132  130  126  123  133  123  120  127  136  122  123  122  125  123  125  137   25
ch:  81  137  135  129  121  136  136  132  123  137  127  119  124  120  122  120  121  125  125  122  119  130  118  134  121  119  130  132  126  126  134  134   47
ch:  82  122  127  134  124  126  126  124  133  122  135  106  124  126  124  122  114  123  117  130  123  117  124  128  119  125  126  114  130  132  130  133   29
ch:  83  129  124  126  130  135  123  132  132  117  140  124  129  125  120  123  118  119  138  122  125  130  117  131  118  123  133  137  124  142  136  132   56
ch:  84  132  121  122  134  138  121  130  123  122  137  120  134  130  125  127  131  125  114  130  126  126  119  127  116  133  134  131  131  126  139  132   31
ch:  85  133  130  130  135  123  132  132  135  125  127  117  120  125  114  117  135  133  121  119  118  131  126  116  124  125  125  120  120  129  127  136   56
ch:  86  134  123  133  130  133  122  124  139  123  122  131  124  121  123  137  130  130  117  119  121  118  123  111  124  130  130  131  124  117  120  132   31
ch:  87  124  137  131  126  119  123  121  124  114  132  119  129  121  115  123  122  131  123  115  123  124  123  122  124  120  120  105  131  126  131  119   56
ch:  88  136  122  135  129  124  119  127  124  133  122  124  107  130  121  119  120  120  117  123  107  126  121  125  111  121  118  120  120  122  115  125   32
ch:  89  140  136  124  131  134  137  120  135  125  117  130  118  118  119  116  122  125  120  120  125  108  123  124  122  130  135  116  117  124  120  124   43
ch:  90  127  133  131  122  132  134  132  129  130  130  125  134  120  134  125  123  120  136  107  122  106  121  123  122  122  116  135  130  122  126  126   29
ch:  91  138  131  130  137  133  137  126  123  135  133  121  126  132  121  123  120  118  120  116  106  125  110  111  122  119  119  133  135  132  120  139   43
ch:  92  139  130  132  135  125  125  127  124  117  124  131  131  125  131  123  123  137  118  131  121  127  126  122  122  138  124  122  131  130  131  126   17
ch:  93  133  132  130  121  124  127  121  119  119  124  125  121  120  124  115  123  121  106  121  122  118  124  125  122  108  125  126  116  135  123  125   46
ch:  94  144  123  125  137  125  129  127  125  130  119  132  125  119  126  121  134  122  129  122  124  126  127  121  124  117  123  130  125  131  130  134   16
ch:  95  133  147  126  131  131  127  134  134  124  122  119  123  122  124  119  118  125  110  126  124  130  122  132  120  123  131  122  122  136  134  137   52
ch:  96  120  133  131  138  129  129  134  126  122  119  122  127  118  109  121  119  123  121  121  131  117  106  108  126  118  117  124  125  125  124  128   31
ch:  97  136  123  137  129  129  122  119  117  124  123  120  124  127  118  125  117  120  124  125  110  134  122  134  124  120  118  115  119  128  140  135   47
ch:  98  127  133  131  121  120  123  126  124  125  134  121  123  123  110  124  108  119  135  115  131  123  124  117  122  122  126  124  132  123  120  118   20
ch:  99  126  131  125  134  122  125  134  117  124  120  131  121  122  117  120  123  117  122  121  122  126  113  122  130  121  130  120  124  130  120  123   54
ch: 100  137  132  124  134  137  125  133  123  130  119  125  116  118  134  125  119  119  122  119  121  120  125  130  119  118  123  119  121  132  134  124    7
ch: 101  122  125  132  131  122  133  123  125  128  120  125  124  121  115  126  131  122  116  120  120  122  114  122  122  119  130  130  123  123  130  132   56
ch: 102  139  136  126  124  139  131  130  130  137  131  136  120  127  126  122  117  121  126  116  131  107  132  116  126  124  131  131  116  127  121  123   11
ch: 103  132  126  121  120  126  131  130  119  119  127  122  125  121  122  118  119  117  124  104  123  121  122  120  117  122  118  120  131  133  131  118   48
ch: 104  131  126  131  134  133  136  125  120  124  121  136  122  133  122  120  121  117  111  114  119  130  119  121  121  118  122  121  121  124  114  134   12
ch: 105  118  133  125  129  126  120  109  121  118  124  125  113  116  123  124  125  116  122  120  109  118  118  116  123  125  123  119  123  117  125  122   49
ch: 106  132  124  131  125  124  130  123  130  122  127  123  118  124  119  121  117  110  118  114  119  120  114  122  119  120  116  132  119  116  135  119    8
ch: 107  134  126  124  122  127  124  124  122  131  124  119  123  127  117  132  121  106  121  125  125  105  119  106  116  107  127  120  121  108  121  116   56
ch: 108  134  133  125  146  133  110  134  120  131  132  119  118  118  127  122  117  125  106  108  107  105  121  122  122  123  134  122  118  108  127  124    9
ch: 109  119  134  126  126  130  124  124  123  123  121  122  117  118  114  126  119  116  117  116  113  124  132  109  124  119  125  121  121  133  130  132   54
ch: 110  130  138  135  120  131  115  130  118  127  131  119  125  117  119  117  113  133  121  118  109  124  109  120  107  132  121  117  115  129  126  115    1
ch: 111  133  124  130  122  123  132  125  121  122  123  136  118  119  116  126  126  114  119  125  117  130  122  118  123  124  133  119  125  121  117  132   45
ch: 112  124  133  143  132  134  130  122  122  121  124  119  121  118  117  124  127  120  118  123  121  124  124  120  125  113  113  118  121  127  118  121   39
ch: 113  138  132  127  131  107  132  121  110  125  126  130  116  118  116  116  121  119  117  120  131  118  120  125  118  124  130  121  110  110  124  125   43
ch: 114  122  124  132  136  136  134  123  121  133  122  119  117  122  115  116  109  120  107  110  116  120  119  113  123  121  125  126  110  130  131  120    2
ch: 115  122  133  130  131  132  137  124  126  120  127  124  131  123  121  133  122  116  118  116  110  107  130  117  121  118  121  123  116  116  125  118   56
ch: 116  132  125  132  136  137  135  120  114  131  124  130  126  120  121  120  126  106  117  124  110  120  118  119  111  118  120  122  125  123  119  119    1
ch: 117  123  134  123  127  130  123  119  121  111  125  121  116  116  105  120  131  118  121  116  105  121  104  115  117  122  124  111  115  125  123  131   45
ch: 118  136  147  120  132  118  136  138  133  134  121  120  120  122  111  122  122  119  127   94  118  114  117  115  118  125  118  132  123  115  133  119    7
ch: 119  130  123  133  126  130  134  123  127  120  132  123  124  123  120  108  114  100  118  121  108  120  116  118  111  125  120  111  125  108  127  123   38
ch: 120  131  132  123  138  126  126  123  119  124  125  119  119  115  120  124  121  118  109  121  124  120  118  116  108  121  123  110  121  124  124  129    1
ch: 121  136  133  125  117  126  125  135  122  121  116  123  121  133  133  123  126  117  119  120  124  125  121  120  121   -1  116  121  126  130  120  107   46
ch: 122  132  119  126  129  123  109  131  119  124  121  122  119  118  124  118  118  122  118  132  123  118  110  120  118  107  131  120  123  117  122  114   -1
ch: 123  125  134  135  131  133  118  131  132  125  125  111  118  121  122  120  106  117  116  115  117  120  115  105  121  107  117  118  106  130  118  116   54
ch: 124  131  125  123  136  126  127  131  134  120  121  118  130  132  129  127  119  124  120  120  119  122  126  125  117  117  118  125  134  122  121  125   45
ch: 125  135  133  135  127  125  127  124  124  129  116  130  135  120  118  116  126  117  107  121  121  120  117  126  119  117  123  137  123  123  121  123   38
ch: 126  131  133  119  131  135  126  120  121  119  123  118  118  120  126  120  132  115  119  116  120  122  109  132  116  122  122  131  118  121  127  118   -1
ch: 127  124  136  120  137  130  123  125  137  115  118  126  117  116  108  122  102  108  120  108  121  107  116  105  109  121  119  106  122  122  107  118   41
