# ID XA-000-08-002-001-007-252-08
# Tag _trim_
# Date 240715_18:34:52
# Vref_p 55
# Vref_n 24
# Thr2_glb 38
# Vref_t 118
# Vref_t_range 1
# Pol 0
# ADC range 30-247
# FAST disc 30
ch:   0  134  136  125  132  120  134  124  120  121  115  107  126  123  110  121  120  103  115  105  117  104  106  104  119  115  110  106  114  107  109  107    9
ch:   1  136  126  121  135  124  133  132  137  122  119  118  131  129  134  124  123  130  118  132  123  119  102  122  122  125  113  116  127  135  127  125   16
ch:   2  132  146  138  120  138  134  124  124  124  123  116  122  121  122  132  127  121  116  116  108  120  116  116  120  119  106  120  106  115  111  117   23
ch:   3  135  118  131  127  136  127  123  122  131  125  123  137  117  134  119  132  119  116  115  124  117  121  131  116  125  120  122  126  118  124  106   24
ch:   4  123  124  139  126  124  133  124  122  118  125  125  120  131  124  120  118  116  126  122  122  109  126  122  115  116  115  111  102  116  117  115   33
ch:   5  124  133  136  132  123  128  134  122  123  134  127  119  132  126  123  123  116  138  112  123  118  115  121  121  116  133  119  117  134  122  115   47
ch:   6  136  119  122  134  131  119  122  124  122  120  121  121  117  123  117  120  118  118  117  115  108  116  105  114  116  115  114  109  119  110  110   40
ch:   7  132  132  138  134  134  136  132  119  132  126  140  125  126  131  124  118  131  131  135  119  118  123  134  118  109  125  131  124  120  132  119   37
ch:   8  120  126  138  124  136  135  131  133  117  122  116  116  121  120  132  121  125  120  123  115  118  118  121  107  114  107  118  132  124  115  110   31
ch:   9  136  141  133  132  140  133  130  136  141  133  133  138  120  126  130  123  127  149  136  115  132  126  121  125  124  139  119  125  119   -1  127   48
ch:  10  133  138  136  132  135  124  130  125  127  121  137  118  119  125  120  109  121  119  124  120  107  121  112  110  119  104  118  117  109  103  115   47
ch:  11  132  125  133  125  132  137  122  136  136  121  117  134  133  139  115  125  135  135  123  119  121  132  126  110  133  131  111  122  124  116  118   42
ch:  12  123  131  139  130  125  126  121  115  116  127  117  123  124  131  118  121  126  115  119  119  121  117  113  100  116  119  114  115  127  110  120   36
ch:  13  139  135  133  132  146  126  134  133  133  124  138  120  125  131  118  136  121  122  120  131  122  133  116  135  118  132  122  126  131  123  131   46
ch:  14  136  136  132  122  134  122  129  139  129  135  121  120  119  120  111  124  124  120  118  104  108  110  117  116  115  110  132  131  122  105  104   31
ch:  15  133  137  142  137  126  136  135  126  138  121  126  137  123  126  133  134  117  123  133  124  133  123  124  136  134  127  124  126  119  121  125   39
ch:  16  134  135  122  124  124  131  123  119  122  133  119  119  122  116  105  114  104  108  105  120  104  102  114  108  114  105  113  102  117  106  120   32
ch:  17  139  134  138  125  125  124  134  133  133  136  126  124  134  120  119  133  126  125  123  116  117  119  125  124  120  133  133  115  121  111  122   39
ch:  18  136  132  136  133  130  121  115  120  117  115  116  122  117  116  125  116  116  125  109  117  121  105  115  118  104  114  115  116  118  108  122   27
ch:  19  132  141  134  120  142  125  133  131  132  126  130  126  139  136  136  125  114  125  123  115  123  117  118  119  127  123  126  120  117  120  121   32
ch:  20  136  137  140  135  134  132  134  131  132  136  123  125  122  118  119  120  117  134  110  121  106  117  124  119  117  122  117  113  115  110  110   35
ch:  21  132  127  138  137  131  125  136  126  139  123  124  125  124  125  137  124  132  135  123  125  126  121  127  125  130  135  133  138  123  120  125   32
ch:  22  132  130  133  119  137  120  117  132  135  117  124  135  124  118  121  117  116  125  110  119  118  120  122  111  115  123  118  122  118  121  137   44
ch:  23  123  140  136  125  136  127  139  133  141  124  132  136  125  135  127  135  125  115  134  123  124  120  131  132  125  123  122  126  121  125  124   42
ch:  24  136  148  138  131  134  122  142  120  132  120  134  121  127  122  123  118  124  120  130  118  122  121  113  110  128  123  115  104  117  121  113   44
ch:  25  139  133  138  139  137  142  126  133  131  131  147  134  135  132  136  138  140  134  122  121  121  138  118  134  131  135  135  132  131  142  135   35
ch:  26  121  116  125  119  125  122  128  124  123  134  119  121  124  122  116  125  115  123  115  115  133  116  114  111  109  114  106  115  104  116  123   35
ch:  27  133  126  131  140  122  132  133  121  134  135  134  126  136  136  135  122  132  127  135  131  125  119  133  125  123  140  127  120  141  137  132   36
ch:  28  127  134  131  131  119  129  137  119  125  123  121  126  131  125  121  118  116  117  120  117  116  121  109  117  117  104  114  116  117  116  119   26
ch:  29  139  134  123  135  142  126  130  136  123  145  137  137  125  132  124  121  116  134  122  134  125  132  124  122  117  118  119  135  121  124  137   43
ch:  30  136  133  138  126  122  122  115  139  124  123  124  121  120  120  132  118  119  117  122  119  108  115  121  102  121  108  114  108  119  115  105   33
ch:  31  130  132  119  135  123  141  123  132  125  139  139  124  136  125  134  133  133  117  137  119  124  136  126  118  125  123  126  121  122  123  131   38
ch:  32  118  123  127  139  126  124  134  125  136  132  124  120  122  119  118  126  124  123  114  135  124  124  131  115  118  122  116  119  125  131  124   43
ch:  33  134  134  137  137  139  120  131  132  122  132  123  131  132  135  118  132  121  127  137  136  125  132  137  134  126  123  123  120  138  123  121   38
ch:  34  131  135  137  118  131  123  124  127  123  133  130  130  109  131  111  115  111  116  116  108  126  115  110  124  120  116  115  121  116  111  116   38
ch:  35  134  133  137  135  136  134  144  131  117  124  138  137  136  126  125  131  121  133  135  123  123  125  134  135  122  123  132  125  138  124  119   50
ch:  36  133  137  132  134  135  124  120  134  132  132  119  119  124  119  116  127  123  122  119  120  119  121  108  121  118  107  118  109  130  118  122   45
ch:  37  133  135  137  137  132  132  136  122  124  137  122  134  123  134  126  124  125  124  132  125  122  113  123  132  116  123  130  117  133  134  133   51
ch:  38  137  123  131  133  134  120  132  125  126  134  132  125  119  115  122  121  126  109  132  122  122  122  121  116  115  109  117  118  131  119  127   45
ch:  39  144  132  131  137  125  139  133  131  134  140  125  123  134  135  132  131  127  132  132  117  124  114  126  115  121  117  137  124  130  133  134   39
ch:  40  123  138  138  126  123  125  119  120  132  122  124  117  135  125  124  123  119  132  118  120  111  110  113  125  117  125  108  117  121  118  119   34
ch:  41  137  132  146  137  134  136  126  131  133  135  119  138  127  132  133  116  123  134  123  138  131  133  135  136  121  121  116  119  120  125  131   45
ch:  42  133  125  130  133  134  115  121  127  128  123  134  126  121  126  118  120  130  118  115  119  125  117  117  133  118  120  119  121  130  118  108   39
ch:  43  132  135  139  135  130  137  132  138  126  125  133  133  131  132  136  131  135  126  134  135  129  131  122  140  131  122  125  127  132  147  134   40
ch:  44  131  121  135  121  133  137  131  133  120  126  135  124  133  118  116  133  118  124  120  121  117  109  111  118  122  115  115  121  123  115  118   43
ch:  45  139  135  138  120  138  134  133  148  125  122  135  138  122  137  133  138  132  130  124  122  138  123  135  133  126  126  125  138  141  137  123   33
ch:  46  138  125  138  125  132  121  121  125  122  119  127  119  124  121  122  120  120  120  116  117  109  131  105  125  106  110  111  118  118  115  120   37
ch:  47  131  124  132  138  151  135  127  131  134  125  134  132  126  120  124  135  126  131  125  131  135  124  125  118  131  117  123  125  132  134  139   50
ch:  48  121  137  133  137  136  122  120  138  133  121  116  123  124  115  121  118  120  121  118  132  122  115  123  123  121  125  115  115  127  116  118   44
ch:  49  135  139  124  143  134  133  132  148  136  133  127  135  137  135  132  125  126  139  120  132  133  118  125  132  126  120  122  133  135  133  126   54
ch:  50  133  133  131  148  123  140  125  116  131  122  132  124  127  122  116  120  123  115  116  119  117  121  121  122  114  108  122  111  115  107  117   41
ch:  51  135  133  139  137  138  133  132  141  125  118  133  132  124  135  139  133  134  133  121  114  126  120  134  122  125  121  126  123  119  132  126   42
ch:  52  133  139  140  141  133  134  126  123  134  136  120  119  121  120  125  127  115  115  118  119  118  115  109  131  118  110  121  120  119  120  135   46
ch:  53  138  136  134  122  124  145  133  125  138  125  139  140  123  124  139  137  126  119  133  133  135  132  120  118  125  134  125  139  134  124  132   52
ch:  54  133  140  132  133  121  132  136  135  126  126  141  124  118  123  125  122  131  111  132  134  134  115  118  127  121  117  129  109  118  132  123   45
ch:  55  152  133  131  124  138  135  132  135  131  138  138  132  134  125  134  123  124  122  130  122  116  120  125  120  125  123  136  123  136  134  124   51
ch:  56  133  133  123  140  125  130  138  133  136  125  141  115  119  120  118  137  123  110  127  124  117  111  119  119  117  107  137  125  115  115  122   40
ch:  57  134  142  134  132  134  121  126  133  136  131  123  135  138  125  130  134  118  125  125  126  118  133  133  119  135  124  133  133  125  132  132   49
ch:  58  131  136  138  124  132  124  134  121  137  122  133  124  135  132  123  120  115  125  117  124  114  108  121  106  123  110  117  121  106  119  124   45
ch:  59  136  135  132  127  134  136  139  132  122  127  127  132  132  132  130  125  133  132  127  132  120  132  135  132  131  126  121  123  124  131  132   29
ch:  60  135  134  134  133  125  136  124  132  133  132  134  119  119  121  133  118  123  123  119  118  129  121  118  120  115  109  124  121  119  124  130   45
ch:  61  137  141  124  133  140  137  131  149  125  141  127  126  122  131  136  130  148  126  120  134  125  136  125  134  125  125  131  122  134  133  125   51
ch:  62  126  121  133  140  126  134  127  125  139  126  119  119  123  130  116  122  121  122  105  119  124  121  116  108  124  117  110  110  117  118  118   32
ch:  63  137  127  134  135  134  133  140  126  142  127  143  134  132  135  133  124  125  117  131  124  135  135  132  124  121  133  123  125  130  138  132   39
ch:  64  122  137  137  137  136  125  138  122  119  121  123  120  126  120  123  111  123  121  122  117  120  113  132  123  116  121  123  124  124  123  126   37
ch:  65  136  131  132  136  137  126  133  132  132  136  138  134  132  123  136  123  124  124  135  124  122  125  119  123  135  135  133  135  137  132  136   35
ch:  66  142  132  121  140  144  125  134  127  131  135  139  118  116  114  118  119  133  125  120  116  115  122  125  114  109  118  103  117  111  120  119   55
ch:  67  147  154  132  127  135  140  140  124  133  131  120  141  134  124  139  131  139  131  141  131  131  125  135  139  135  133  133  122  142  138  134   51
ch:  68  136  131  123  125  126  132  138  121  134  132  120  123  124  122  139  116  121  124  124  119  121  120  122  108  123  116  122  118  105  126  119   36
ch:  69  136  134  137  138  138  126  132  140  135  146  134  132  122  141  133  149  134  137  121  124  130  133  120  119  139  124  133  125  123  123  142   51
ch:  70  137  133  133  137  134  132  136  134  124  136  133  123  125  122  122  123  130  124  120  116  119  131  122  105  118  133  125  119  122  146  117   48
ch:  71  133  130  123  123  138  138  139  132  123  130  133  126  125  130  139  123  139  133  123  119  121  132  126  136  121  133  127  124  124  131  124   46
ch:  72  134  136  125  136  139  122  119  126  125  134  114  120  124  119  131  118  132  133  119  125  121  119  119  121  122  126  124  126  122  124  113   36
ch:  73  135  139  132  137  149  150  126  126  117  145  117  138  125  132  134  133  133  126  118  123  134  125  135  137  124  123  135  133  132  123  135   44
ch:  74  140  124  126  125  120  134  135  125  135  124  120  120  126  124  127  111  117  119  133  118  118   -1  116  114  111  110  109  121  104  115  119   44
ch:  75  134  138  135  136  138  138  137  138  124  136  133  122  124  126  131  134  131  140  139  123  138  137  137  126  124  136  123  135  135  123  138   40
ch:  76  134  134  133  131  131  135  139  135  133  137  130  122  133  122  123  120  134  121  120  122  116  119  120  123  116  119  131  120  120  121  122   36
ch:  77  135  132  138  146  141  135  139  124  135  131  137  121  138  126  131  138  123  143  132  123  135  138  134  135  140  133  133  132  134  141  134   34
ch:  78  129  118  133  133  131  121  131  127  118  117  124  117  122  123  134  122  118  121  125  115  107  117  119  106  120  121  121  110  108  119  114   45
ch:  79  126  131  140  135  131  135  131  136  125  139  134  132  131  138  130  131  123  127  135  124  133  135  132  124  133  138  134  147  147  133  138   38
ch:  80  132  132  124  122  116  124  125  136  136  131  132  121  120  124  125  125  124  123  123  123  109  132  116  115  123  126  121  118  133  123  119   36
ch:  81  139  142  140  133  137  134  125  138  126  139  134  134  133  137  130  137  132  137  134  133  122  137  125  133  133  132  137  126  123  132  139   38
ch:  82  139  136  136  133  124  134  119  134  133  126  123  123  126  130  133  122  119  122  124  132  132  113  123  120  116  123  121  116  121  120  132   49
ch:  83  147  140  135  140  118  123  135  140  132  136  134  121  134  134  122  118  134  136  137  132  133  125  124  119  134  123  125  138  133  137  139   39
ch:  84  133  138  138  132  124  122  123  132  133  117  125  134  124  120  124  124  133  121  136  104  126  135  133  116  118  118  120  122  120  118  121   34
ch:  85  140  137  141  138  133  133  135  140  134  132  139  119  138  119  133  147  135  123  126  121  117  135  138  134  132  138  126  135  126  124  126   47
ch:  86  145  122  133  124  121  127  135  125  131  123  118  135  118  127  124  120  127  127  120  123  120  121  118  122  110  119  118  109  120  116  118   42
ch:  87  136  135  137  125  132  132  135  136  131  138  134  125  125  132  135  139  132  137  123  141  133  135  126  136  126  137  133  139  135  125  124   39
ch:  88  134  126  125  122  135  135  123  134  124  124  125  126  126  120  136  123  122  118  123  134  129  116  105  121  116  117  119  108  109  119  113   44
ch:  89  140  122  133  137  123  123  134  140  133  133  131  123  138  126  123  126  132  139  141  137  123  130  131  125  138  126  132  116  131  138  121   39
ch:  90  125  125  132  137  120  126  125  140  123  140  123  118  123  115  138  126  125  117  118  118  118  120  115  108  118  121  105  123  119  117  116   39
ch:  91  134  148  139  136  135  133  141  133  140  135  139  153  135  123  132  127  119  124  127  123  120  130  132  136  126  137  135  133  122  138  139   37
ch:  92  123  124  125  118  134  132  130  136  133  126  116  122  121  122  135  123  133  116  114  132  117  116  122  106  122  114  115  118  121  137  115   47
ch:  93  126  123  136  123  133  124  133  134  140  137  125  127  126  122  118  123  133  141  140  125  119  126  135  130  118  123  122  125  119  134  121   45
ch:  94  122  123  121  138  121  132  133  125  133  127  131  141  123  120  127  121  124  116  117  123  120  114  121  132  115  115  122  122  125  122  121   31
ch:  95  141  132  134  137  133  135  133  123  138  121  131  137  133  115  120  134  136  131  132  135  138  134  132  125  132  138  131  135  135  136  139   47
ch:  96  135  148  120  132  124  125  121  121  120  121  121  125  129  118  122  121  115  117  118  116  121  126  124  118  116  121  115  116  116  117  123   46
ch:  97  138  147  134  142  124  135  132  124  141  123  137  133  134  131  119  125  133  135  145  135  134  134  139  131  124  134  132  132  140  135  137   39
ch:  98  133  133  137  123  132  120  133  126  127  131  123  126  125  124  119  121  122  123  121  132  105  120  111  125  120  105  121  116  126  109  117   34
ch:  99  142  125  139  136  133  137  138  135  138  135  120  132  132  124  134  132  136  125  120  127  134  125  133  134  142  124  126  123  134  122  132   26
ch: 100  133  140  124  132  141  130  130  130  140  118  129  124  122  123  124  121  132  114  121  132  123  118  123  109  109  125  125  126  117  121  123   50
ch: 101  132  136  134  120  133  134  125  127  127  123  126  133  123  127  133  130  120  133  121  135  124  124  136  126  119  123  116  134  133  116  133   23
ch: 102  125  133  124  133  121  134  139  136  120  132  134  122  125  119  118  123  120  105  119  119  121  124  115  122  115  122  117  141  118  120  124   41
ch: 103  132  136  131  124  136  139  134  138  124  138  136  131  127  127  134  139  124  135  133  132  138  134  130  133  136  138  125  118  124  140  125   35
ch: 104  134  141  118  130  137  115  132  117  126  132  131  135  118  131  133  123  124  119  124  131  118  111  123  111  118  106  116  132  117  125  117   39
ch: 105  122  138  135  139  139  135  135  136  122  121  138  135  137  126  122  123  124  135  125  131  132  126  131  122  145  115  121  126  129  125  124   38
ch: 106  141  136  135  132  137  135  119  131  136  134  124  122  127  131  117  119  116  119  127  116  118  116   -1  124  116  108  121  122  120  122  119   33
ch: 107  135  137  131  132  126  135  136  138  134  139  139  131  124  130  125  136  131  136  132  120  127  124  131  121  123  132  134  130  124  122  124   33
ch: 108  122  134  143  136  122  136  133  122  123  135  122  117  131  118  119  109  118  122  114  108  124  116  109  118  115  117  124  120  110  121  105   37
ch: 109  126  124  126  130  132  139  136  132  125  120  124  124  131  133  139  139  121  131  123  129  134  121  119  121  123  118  135  125  132  130  130   31
ch: 110  139  124  133  136  131  126  122  130  119  125  132  131  134  121  117  122  123  125  117  105  125  127  120  125  119  119  104  123  110  120  123   36
ch: 111  123  138  134  126  124  122  136  134  139  121  134  139  145  131  135  142  137  137  125  108  123  133  139  130  123  132  121  132  131  126  135   30
ch: 112  125  136  137  131  133  118  132  132  134  124  122  126  130  120  115  124  123  122  119  116  116  110  113  115  117  107  116  123  120  120  120   43
ch: 113  139  141  153  123  139  121  127  132  140  132  135  120  133  131  121  123  131  126  121  127  125  133  130  132  117  123  117  133  121  124  132   39
ch: 114  138  130  122  131  136  125  124  140  131  121  133  117  123  123  120  117  115  114  117  122  121  107  124  123  117  108  117  119  115  115  123   34
ch: 115  125  135  124  122  140  146  137  136  116  131  138  141  132  137  134  124  135  125  120  126  132  136  135  122  138  135  132  122  122  133  127   29
ch: 116  139  124  125  132  137  123  133  120  121  125  121  123  121  117  124  125  133  123  108  125  122  122  119  123  120  118  104  122  118  119  119   38
ch: 117  124  126  133  133  136  134  133  119  147  118  122  126  122  134  125  126  134  119  132  120  126  124  125  132  133  123  132  135  114  125  131   32
ch: 118  134  123  135  133  140  127  138  122  122  117  119  121  117  106  134  110  124  116  120  116  120  117  109  111  115  118  121  111  108  110  113   34
ch: 119  146  133  131  127  141  131  138  132  126  141  139  124  137  120  122  130  117  123  125  121  131  123  143  122  134  123  119  117  134  122  125   34
ch: 120  135  136  118  136  133  126  134  132  132  121  124  119  130  124  126  124  117  123  118  111  122  116  120  121  117  108  120  116  121  122  119   45
ch: 121  137  139  136  132  146  132  143  132  126  121  129  132  134  117  123  134  131  121  133  121  123  129  132  122  125  132  126  127  117  131  130   28
ch: 122  131  133  136  134  134  126  124  133  134  137  123  130  136  123  121  120  121  124  120  127  117  120  114  110  118  119  119  117  118  118  115   29
ch: 123  137  124  124  122  120  132  152  127  122  138  135  136  133  123  134  134  136  123  124  124  120  119  137  125  122  130  133  132  122  134  118   15
ch: 124  133  120  122  131  140  135  125  121  124  137  136  131  126  127  133  125  122  119  134  120  122  116  115  121  117  115  115  115  116  122  121    6
ch: 125  126  138  132  136  125  138  133  124  134  123  123  126  126  137  123  138  137  126  121  134  133  122  125  124  131  122  133  125  134  123  123   16
ch: 126  119  135  134  131  136  124  133  125  123  124  120  131  124  132  107  123  120  120  116  123  123  110  120  106  117  116  115  115  125  108  119   40
ch: 127  137  134  137  133  137  134  137  135  138  138  134  138  125  135  134  131  125  117  121  125  118  114  124  134  116  133  125  117  131  118  126   15
