# ID XA-000-08-002-000-001-061-10
# Tag _trim_
# Date 240618_11:22:13
# Vref_p 55
# Vref_n 24
# Thr2_glb 41
# Vref_t 118
# Vref_t_range 1
# Pol 0
# ADC range 30-247
# FAST disc 30
ch:   0  137  130  134  127  134  123  130  123  118  121  122  116  119  124  135  111  117  119  103  116  119  116  107  111  118  122  107  109  116  104  110   29
ch:   1  137  140  137  136  118  137  120  132  137  123  123  132  120  135  133  121  119  139  122  136  127  126  125  109  125  135  132  118  131  123  125   52
ch:   2  136  126  137  124  133  131  118  125  121  119  124  119  117  132  116  119  110  116  105  117  107  113  120  113  115  118  104  116  115  117  108   38
ch:   3  137  135  136  142  134  132  135  127  138  120  124  123  132  143  119  134  126  125  126  136  136  122  138  122  134  133  125  134  133  122  135   56
ch:   4  138  124  127  137  119  123  137  131  122  124  123  122  119  119  117  117  121  104  119  113  115  122  108  105  121  118  116  120  116  108  110   35
ch:   5  137  137  137  132  134  137  123  133  138  122  126  133  131  146  133  134  142  135  119  134  130  131  115  122  135  119  135  132  137  152  132   49
ch:   6  154  138  134  118  120  125  124  123  123  122  116  126  124  120  116  116  130  119  111  118  110  109  116  109  114  108  108  124  119  118  120   32
ch:   7  136  133  136  126  131  139  136  133  136  133  148  130  120  121  140  111  134  122  121  137  118  120  124  130  121  121  117  126  122  122  122   48
ch:   8  145  132  145  148  131  136  130  124  120  123  130  134  139  118  130  116  108  119  119  117  116  119  118  118  114  117  117  121  121  118  136   43
ch:   9  135  134  139  131  125  118  126  138  140  117  135  126  127  125  126  127  132  126  134  126  125  124  122  135  140  130  131  138  134  137  126   47
ch:  10  135  134  132  129  130  126  138  126  116  120  120  122  125  133  115  114  118  122  118  138  115  111  121  116  121  112  115  123  109  110  124   31
ch:  11  132  126  132  137  123  127  130  133  124  135  136  133  138  135  131  131  123  125  127  131  134  134  131  131  138  125  126  126  137  126  140   47
ch:  12  149  123  125  123  135  135  134  126  127  121  124  135  135  107  116  122  124  120  124  120  108  122  113  107  109  107  124  119  118  120  121   35
ch:  13  135  136  135  134  134  132  143  123  145  134  132  135  135  123  120  132  119  118  132  121  122  124  122  124  130  118  126  137  120  126  124   49
ch:  14  138  134  140  126  136  134  132  125  137  139  131  122  118  125  108  119  122  108  116  111  123  108  108  130  121  115  124  118  120  116  129   30
ch:  15  138  133  124  124  123  134  119  137  122  132  124  124  120  132  123  134  132  135  114  123  122  124  135  122  134  140  134  131  134  136  125   50
ch:  16  136  136  131  124  122  134  138  132  128  133  125  117  120  124  122  123  119  108  119  120  120  121  133  119  120  107  130  122  115  134  118   39
ch:  17  122  135  124  124  142  145  124  135  136  124  135  125  123  136  126  132  126  135  140  122  119  124  131  124  125  131  134  134  139  141  134   43
ch:  18  132  138  152  133  122  124  122  117  135  130  118  130  118  122  117  108  117  120  123  110  105  122  119  120  117  119  118  123  121  122  122   37
ch:  19  149  143  134  134  133  140  123  123  127  136  125  138  123  132  132  117  127  131  119  125  118  125  121  122  122  116  114  127  134  135  122   46
ch:  20  136  134  135  134  141  133  138  132  125  121  129  132  124  117  124  123  119  118  123  119  118  118  130  115  125  109  123  120  120  125  108   46
ch:  21  126  130  140  125  135  121  137  137  125  136  125  123  139  134  132  111  119  135  135  124  134  136  121  132  134  131  127  125  119  139  123   52
ch:  22  125  136  138  134  133  131  124  136  123  134  122  123  122  117  115  123  126  120  111  122  121  112  130  133  117  123  122  132  131  121  119   45
ch:  23  137  140  138  137  135  126  132  141  121  117  123  119  135  132  132  133  127  125  139  116  118  127  126  131  133  127  139  138  135  135  133   55
ch:  24  135  132  125  125  139  124  135  131  120  121  121  115  117  129  124  104  122  126  120  115  115  116  127  105  117  109  116  116  117  133  118   37
ch:  25  132  124  134  138  125  135  137  145  132  134  122  127  134  138  131  121  133  123  137  122  137  131  136  135  140  126  123  139  132  144  131   56
ch:  26  134  141  126  133  127  136  124  109  127  134  122  126  132  123  121  121  118  106  117  118  116  119  120  126  120  116  116  117  130  118  123   38
ch:  27  142  136  137   -1  131  137  120  125  124  125  138  126  131  135  135  120  132  130  133  132  123  131  121  126  135  141  133  121  135  127  134   49
ch:  28  131  131  132  135  134  124  135  126  120  125  125  124  116  124  126  116  120  123  119  125  104  125  117  123  118  105  114  119  114  108  120   33
ch:  29  133  122  141  135  137  143  132  126  137  126  125  126  134  131  134  131  124  134  131  120  131  125  131  134  135  134  124  137  132  120  131   56
ch:  30  140  137  135  134  131  126  123  123  123  134  135  121  122  117  114  123  120  107  118  122  118  108  120  121  108  118  115  132  106  116  118   42
ch:  31  132  146  133  136  140  134  131  134  122  136  137  133  126  127  139  122  134  125  132  124  114  137  135  136  122  135  134  135  146  140  138   44
ch:  32  134  134  130  123  132  140  123  126  118  123  121  106  131  116  121  126  120  113  119  125  108  121  108  121  126  114  119  118  119  115  136   34
ch:  33  132  137  133  141  135  135  133  137  131  135  137  121  119  124  125  129  139  123  130  132  123  126  110  123  134  135  130  135  124  125  138   46
ch:  34  141  131  138  118  133  133  122  124  132  115  126  126  118  117  125  119  117  121  121  110  125  118  117  119  116  109  117  111  110  125  127   35
ch:  35  147  139  140  138  124  135  134  131  132  138  121  132  139  133  124  137  125  126  122  124  116  125  136  124  124  126  121  131  134  131  133   56
ch:  36  122  132  151  138  124  139  124  124  123  123  120  125  121  117  122  132  123  124  122  121  118  109  119  119  107  120  130  116  120  122  120   30
ch:  37  137  138  139  118  132  137  136  141  126  125  124  135  125  120  126  124  137  133  126  132  123  135  125  137  134  136  122  133  131  134  146   46
ch:  38  142  135  124  131  137  124  124  131  132  126  135  137  114  118  138  113  122  120  116  123  111  118  120  120  115  124  127  118  118  125  105   42
ch:  39  135  124  138  127  137  136  136  133  138  131  138  136  141  119  134  130  135  137  132  138  127  126  124  121  133  138  139  136  132  126  139   56
ch:  40  132  139  133  136  140  119  123  123  113  116  123  122  126  104  120  119  118  117  107  120  118  117  120  124  133  125  118  124  120  120  121   27
ch:  41  132  137  149  134  127  134  123  126  126  131  145  138  138  138  136  133  124  138  134  120  136  126  108  122  136  132  125  132  133  131  126   56
ch:  42  127  137  134  120  132  132  116  123  118  117  119  125  123  124  120  123  118  125  120  117  115  118  126  109  117  125  119  120  131  132  119   29
ch:  43  125  137  131  138  140  135  134  141  126  133  133  124  131  125  131  123  132  136  139  133  132  136  134  136  125  138  124  127  134  137  139   48
ch:  44  142  133  134  122  130  132  125  118  116  123  131  123  137  120  117  117  123  117  118  124  120  119  132  123  122  126  121  116  119  124  122   36
ch:  45  149  135  140  142  139  135  132  137  134  130  122  141  133  117  124  124  121  133  138  126  140  136  141  136  134  134  119  134  135  141  137   48
ch:  46  134  123  135  135  137  123  121  134  117  138  123  117  117  118  123  127  122  120  111  107  119  125  120  115  114  119  106  121  120  125  117   41
ch:  47  140  135  148  136  124  134  126  140  139  133  134  134  139  131  124  135  138  144  125  141  123  137  135  136  140  136  131  138  138  127  145   56
ch:  48  134  123  134  132  137  122  124  135  127  119  130  125  107  124  121  119  133  126  121  135  122  119  131  133  124  132  135  132  135  126  136   50
ch:  49  132  138  137  139  125  123  138  134  133  124  139  138  133  136  131  138  142  125  124  133  136  121  122  141  132  130  137  126  147  139  148   56
ch:  50  124  137  134  135  136  138  119  132  110  122  122  121  120  122  125  118  107  116  121  108  122  121  117  107  118  116  124  108  118  112  119   37
ch:  51  138  137  137  126  138  137  134  147  138  127  133  132  124  135  135  126  130  139  148  148  139  123  132  125  136  138  138  150  136  146  140   55
ch:  52  145  134  132  122  116  135  126  120  136  150  132  120  131  113  133  119  109  122  124  108  123  123  118  118  118  115  118  116  116  108  120   28
ch:  53  150  134  134  133  148  137  133  124  134  123  141  134  130  137  126  136  135  125  123  126  138  135  130  130  135  126  136  134  135  125  121   56
ch:  54  133  138  136  133  135  132  133  124  133  124  125  135  125  127  133  124  120  117  118  114  119  109  134  124  121  118  123  118  117  118  119   33
ch:  55  123  140  139  125  137  135  140  131  137  133  121  125  123  136  138  134  124  136  135  119  134  136  138  125  138  139  131  140  139  135  132   56
ch:  56  137  141  126  126  126  132  124  132  117  120  136  122  135  124  131  122  124  133  121  124  124  121  126  126  119  121  133  123  116  118  123   38
ch:  57  139  138  133  136  141  133  133  123  137  134  143  123  137  132  132  126  138  132  137  136  140  131  133  138  137  149  139  124  138  137  132   44
ch:  58  136  134  131  131  124  124  135  141  134  133  122  135  124  119  126  131  123  125  122  123  135  131  124  129  121  108  125  131  124  120  132   33
ch:  59  126  138  137  139  132  125  131  135  127  134  135  126  139  122  136  121  123  131  136  119  130  126  134  121  137  133  146  132  132  135  134   42
ch:  60  134  139  126  132  135  126  130  131  132  124   -1  131  119  119  122  123  124  132  124  115  118  121  132  120  119  120  117  117  120  121  122   38
ch:  61  135  150  136  137  134  124  132  126  133  145  137  140  131  144  138  121  135  135  136  137  130  132  139  134  136  126  137  137  131  138  149   49
ch:  62  140  135  136  132  133  125  130  107  132  130  131  123  135  127  110  115  132   -1  115  127  128  125  109  116  122  109  123  126  132  131  127   37
ch:  63  139  139  137  133  134  137  133  137  122  140  137  131  149  136  135  135  131  120  127  139  127  124  138  131  135  140  137  134  149  135  148   56
ch:  64  125  138  130  122  131  149  123  135  123  123  130  133  126  133  132  135  120  123  123  118  116  132  133  125  121  126  123  123  131  134  131   38
ch:  65  135  153  150  141  133  131  137  131  126  134  126  121  133  131  137  137  137  138  126  130  126  132  136  134  137  133  132  134  125  137  134   56
ch:  66  148  126  125  133  121  122  135  136  126  131  132  124  122  119  134  126  116  118  118  116  116  116  117  122  121  119  121  126  116  118  120   43
ch:  67  141  136  135  133  125  153  131  140  138  124  125  131  135  146  136  131  130  134  140  123  135  119  132  132  138  138  137  126  138  140  136   55
ch:  68  131  121  132  135  134  119  125  134  121  126  135  119  122  115  120  121  110  116  113  120  125  116  107  118  120  118  122  122  117  117  135   40
ch:  69  141  133  132  130  126  132  122  132  140  133  137  123  140  138  127  136  132  131  134  132  126  134  127  137  134  122  138   -1  130  135  132   49
ch:  70  153  123  137  147  124  125  133  132  123  119  135  125  118  130  117  126  117  133  129  133  122  123  121  117  119  119  127  123  124  132  123   34
ch:  71  149  146  149  131  140  136  137  124  126  133  122  140  127  136  121  122  151  134  132  131  130  133  138  130  121  133  122  132  136  132  139   45
ch:  72  124  140  131  132  136  127  141  123  133  131  130  120  125  122  132  132  123  121  115  117  123  125  117  133  127  119  127  107  113  120  137   43
ch:  73  138  133  132  153  135  131  137  139  135  132  140  134  138  129  139  135  133  122  131  137  126  136  133  133  133  131  136  110  125  134  149   53
ch:  74  141  137  136  137  134  138  131  119  133  125  136  124  124  131  126  125  126  130  126  124  119  132  131  119  123  114  135  118  127  138  123   39
ch:  75  139  139  137  134  139  140  135  146  135  135  150  136  122  136  122  126  148  129  120  125  125  134  133  119  133  137  148  134  137  122  140   49
ch:  76  135  127  127  147  127  136  125  131  133  121  122  132  132  120  133  119  103  119  122  123  109  134  123  119  119  119  118  123  131  123  132   35
ch:  77  132  137  142  133  122  134  139  136  122  124  136  136  135  136  134  136  131  127  136  125  135  138  137  126  119  139  124  126  123  131  125   55
ch:  78  151  133  132  131   -1  118  132  124  134  124  127  108  117  117  126  115  134  125  120  119  131  123  131  126  115  120  116  118  113  121  122   45
ch:  79  133  123  131  130  131  135  139  148  125  130  140  150  140  133  131  126  139  131  137  123  122  125  138  122  137  135  131  138  142  126  138   56
ch:  80  126  136  135  135  138  124  132  121  126  135  125  117  121  141  120  121  120  126  121  120  123  131  122  118  130  131  116  131  122  132  123   42
ch:  81  124  136  134  135  136  132  120  137  137  125  126  126  135  126  140  131  137  137  125  148  124  136  120  136  140  136  126  136  127  130  137   56
ch:  82  126  131  133  137  133  133  125  142  132  119  110  124  124  116  122  117  130  122  106  120  118  119  117  127  118  124  108  114  130  117  120   41
ch:  83  138  137  121  127  135  132  138  136  136  132  139  135  136  122  122  126  133  132  134  138  138  133  138  132  137  132  133  133  134  136  131   55
ch:  84  127  137  135  134  124  138  121  131  135  123  124  131  122  124  126  120  124  135  119  122  137  125  116  118  124  119  124  136  132  132  132   38
ch:  85  136  150  140  132  134  149  146  132  137  120  138  142  125  123  125  134  126  122  121  122  142  123  124  123  121  126  117  134  134  126  141   51
ch:  86  135  124  120  138  134  134  123  124  124  131  121  131  128  133  132  120  125  132  122  126  125  123  126  121  123  122  118  122  120  123  131   35
ch:  87  145  136  133  137  136  136  133  132  137  124  135  136  121  134  132  133  135  132  132  122  135  130  136  134  121  126  131  125  132  136  133   53
ch:  88  133  138  130  133  123  136  137  125  133  125  119  125  127  123  120  125  120  109  125  122  124  116  124  122  116  117  122  121  124  131  121   42
ch:  89  125  135  135  137  140  136  133  132  122  136  124  117  131  132  135  135  120  133  137  131  138  120  122  120  132  131  123  132  134  134  150   54
ch:  90  136  135  133  120  132  126  125  134  126  126  131  123  122  123  122  109  117  132  121  134  118  108  132  119  121  125  114  124  106  122  119   36
ch:  91  136  147  135  132  131  126  133  126  123  122  125  120  132  133  124  136  129  133  125  136  125  122  124  136  131  121  123  126  125  120  134   53
ch:  92  139  127  141  123  125  118  125  132  134  138  119  125  124  117  125  126  124  117  118  122  120  118  120  123  120  111  124  131  122  119  119   52
ch:  93  132  145  136  140  123  140  137  139  135  138  139  127  134  127  120  131  125  134  122  131  137  123  134  141  123  139  134  131  142  127  136   52
ch:  94  130  131  137  124  119  118  133  122  131  133  121  121  119  132  121  120  127  125  120  123  117  121  123  121  122  118  119  123  122  108  116   40
ch:  95  136  136  134  151  139  131  123  133  132  123  118  126  125  115  136  125  133  129  132  134  135  133  127  130  124  125  120  126  139  140  137   51
ch:  96  134  142  126  126  118  119  121  122  138  131  136  123  132  117  117  124  119  115  123  130  124  108  120  118  113  109  122  116  126  119  120   37
ch:  97  141  133  125  149  146  131  138  126  133  133  124  122  126  126  131  132  134  131  138  124  124  132  132  137  134  136  125  116  133  130  125   56
ch:  98  122  133  140  148  132  135  124  140  123  121  124  121  122  134  116  133  119  133  117  119  120  119  115  123  133  122  120  115  110  131  118   41
ch:  99  137  138  133  125  132  123  138  138  134  148  138  132  133  125  118  125  137  132  136  132  134  132  132  131  125  125  137  139  131  138  143   56
ch: 100  124  136  123  126  134  136  134  135  130  133  118  120  109  118  126  119  126  120  115  121  121  131  119  115  122  118  120  120  118  133  122   33
ch: 101  138  136  135  129  139  124  131  134  132  126  123  125  121  136  135  127  121  123  134  118  123  136  125  120  125  130  124  123  124  140  131   55
ch: 102  132  132  131  139  131  134  135  134  125  125  121  120   -1  124  118  114  118  110  114  115  121  118  116  116  120  124  124  104  115  115  133   42
ch: 103  137  124  125  126  127  137  142  149  133  126  126  136  133  125  135  126  123  125  124  124  133  125  123  136  132  125  123  135  125  125  139   56
ch: 104  127  141  131  145  130  131  124  134  131  129  124  121  121  120  125  121  116  119  119  131  117  119  132  131  132  119  125  108  118  121  118   52
ch: 105  137  127  134  125  137  136  125  132  133  134  136  132  138  132  126  127  132  122  124  123  124  127  125  131  124  127  132  123  126  126  135   56
ch: 106  135  134  137  139  127  122  132  122  125  131  118  118  137  123  111  120  111  113  120  121  120  118  116  116  123  121  109  116  122  117  125   36
ch: 107  143  132  135  132  135  123  137  135  121  131  135  134  132  125  123  133  127  135  137  133  124  136  131  123  124  124  139  131  138  121  132   50
ch: 108  134  133  132  132  126  121  134  123  134  121  134  122  122  121  132  119  110  120  121  122  120  115  116  109  120  116  120  117  120  126  124   51
ch: 109  141  140  136  122  132  137  135  134  134  142  133  132  125  135  134  122  124  138  132  125  132  133  127  123  112  135  125  125  126  132  125   56
ch: 110  127  136  125  132  124  124  136  127  137  130  121  123  117  123  117  118  124  119  125  118  118  109  120  119  119  121  120  109  116  122  121   40
ch: 111  142  139  124  136  135  132  137  123  129  136  131  120  136  124  125  116  119  133  138  125  133  124  139  133  122  125  132  136  134  132  130   54
ch: 112  145  138  136  125  123  126  124  132  123  124  123  108  117  120  117  116  126  114  118  118  124  129  115  109  117  121  120  120  120  117  121   50
ch: 113  147  145  135  134  126  131  133  126  131  126  132  118  119  132  120  135  133  136  135  123  135  137  118  125  115  131  122  126  130  122  137   56
ch: 114  141  120  131  132  126  133  134  125  131  134  116  110  117  124  117  124  108  118  121  131  121  119  118  114  117  109  118  119  107  131  124   41
ch: 115  143  136  136  136  123  136  133  134  138  137  138  137  126  132  136  133  123  140  140  133  124  133  123  131  121  131  134  131  138  118  147   56
ch: 116  125  138  136  126  123  120  118  132  118  132  129  117  121  120  119  121  120  126  126  118  124  116  110  118  103  121  118  118  117  120  121   39
ch: 117  140  134  129  131  133  131  139  132  136  119  124  131  123  125  135  126  126  118  127  131  123  121  118  135  124  123  134  132  122  121  138   56
ch: 118  121  133  126  127  137  120  124  123  124  131  121  126  121  117  119  133  108  115  116  115  120  104  119  117  115  114  122  122  133  120  134   34
ch: 119  136  138  138  146  134  140  139  139  135  124  122  132  135  133  117  135  127  125  122  120  135  131  134  127  119  118  121  149  132  134  130   56
ch: 120  124  122  134  126  133  125  118  121  122  126  104  125  118  121  115  124  125  124  125  123  133  106  123  124  118  118  129  106  121  110  130   43
ch: 121  135  125  134  138  136  131  133  125  137  141  132  125  124  122  140  123  134  136  121  140  125  134  138  142  135  137  130  122  139  124  124   56
ch: 122  133  130  132  127  137  133  123  126  122  135  127  132  122  117  120  123  123  118  113  109  120  117  109  115  117  109  125  113  122  119  118   38
ch: 123  136  126  126  137  139  135  131  125  133  139  135  139  137  133  137  136  127  134  133  137  129  132  138  133  126  122  132  134  126  133  132   47
ch: 124  140  127  130  136  130  117  137  124  119  119  135  117  118  125  104  120  111  115  120  122  110  120  117  116  115  120  117  119  121  125  126   32
ch: 125  135  134  147  131  135  136  135  134  151  126  137  132  136  111  122  137  131  121  124  134  131  124  125  138  122  127  130  140  138  143  134   56
ch: 126  125  139  131  136  137  120  132  135  125  124  133  116  119  119  124  122  120  122  134  118  126  110  119  110  125  114  120  122  118  122  126   27
ch: 127  135  139  131  136  134  133  134  142  124  141  136  133  133  131  133  125  135  138  133  136  124  144  133  132  131  138  126  137  138  139  137   55
