ch    0:      0     0     0     0     0     0     0     0     0     0     0     0     0     0     0     0     0     0     0     0     0     0     8    51   535  2286 10089  6673 12811 11021  9764   576
ch    1:      0     0     0     0     0     0     0     0     0     0     0     0     0     0     0     0     0     0     0     0     1     8    61   233  1553  6611  6344  1712 11883 15503 15207  3747
ch    2:      0     0     0     0     0     0     0     0     0     0     0     0     0     0     0     0     0     0     0     0     0     0     0     0     0     0     0     0     0     0 10088     0
ch    3:      0     0     0     0     0     0     0     0     0     0     0     0     0     0     0     0     0     0     0     0     0     5    82   431  2198  9859  6802  7504 10348 10953 10602  6492
ch    4:      0     0     0     0     0     0     0     0     0     0     0     0     0     0     0     0     0     0     0     0     0     2    37   342  1485 11705  9992  8422  5398 11826  9623  8026
ch    5:      0     0     0     0     0     0     0     0     0     0     0     0     0     0     0     0     0     0     0     0     0     4    52   513  2745 10907 13222  8721  9986 11921  7507 13229
ch    6:      0     0     0     0     0     0     0     0     0     0     0     0     0     0     0     0     0     0     0     0     0     1    44   359  1863 11281  8846 11713  6158  9875 10543  3171
ch    7:      0     0     0     0     0     0     0     0     0     0     0     0     0     0     0     0     0     0     0     0     1     5    43   502  3153 12309  8633  9652  9044 11086 10871  6946
ch    8:      0     0     0     0     0     0     0     0     0     0     0     0     0     0     0     0     0     0     0     0     0     2    25   277  3229 12767 10836  8394 10103  4311 14440 11167
ch    9:      0     0     0     0     0     0     0     0     0     0     0     0     0     0     0     0     0     0     0     0     3     5    64   447  3903 16008  5949 10925  6681  7929  8615 12820
ch   10:      0     0     0     0     0     0     0     0     0     0     0     0     0     0     0     0     0     0     0     0     0     1    31   466  2613 16772  9389 11343 13911 13946  9563 17330
ch   11:      0     0     0     0     0     0     0     0     0     0     0     0     0     0     0     0     0     0     0     0     0     2    31   510  5209  6573 10658  7235 13493  9229  9698 17937
ch   12:      0     0     0     0     0     0     0     0     0     0     0     0     0     0     0     0     0     0     0     0     1     5    68   383  4181  6503 11189  9295 10924  8815 13223 12176
ch   13:      0     0     0     0     0     0     0     0     0     0     0     0     0     0     0     0     0     0     0     0     1     5    48   513  4850  6874  8792  5429 11913  4224 12639  2715
ch   14:      0     0     0     0     0     0     0     0     0     0     0     0     0     0     0     0     0     0     0     0     1     5    56   482  3354  7319 12300 15253 10312 10993 10250  8981
ch   15:      0     0     0     0     0     0     0     0     0     0     0     0     0     0     0     0     0     0     0     0     0     9    81   583  5616 12294  8186 11343  7770  5640 11689 12377
ch   16:      0     0     0     0     0     0     0     0     0     0     0     0     0     0     0     0     0     0     0     0     0     5    57   407  3905  8094  8288 14245 10257 10413 10888  7986
ch   17:      0     0     0     0     0     0     0     0     0     0     0     0     0     0     0     0     0     0     0     0     0    12    98   913  7176 14778  6357 13220  9998  9055  5938 15932
ch   18:      0     0     0     0     0     0     0     0     0     0     0     0     0     0     0     0     0     0     0     7     1     8    78   612  4438 14399 10881  9501  9278 15356  9300  7983
ch   19:      0     0     0     0     0     0     0     0     0     0     0     0     0     0     0     0     0     0     0     0     1    13   121   836  6403  2699 11258  7899  9241 12107 10335  7447
ch   20:      0     0     0     0     0     0     0     0     0     0     0     0     0     0     0     0     0     0     0     0     0     6   106   543  5258 13627  7736  9041 13692  6917  5158 12969
ch   21:      0     0     0     0     0     0     0     0     0     0     0     0     0     0     0     0     0     0     0     0     1    14   167  1249  8402  4668 11566 11529 11968 10149  9154 16972
ch   22:      0     0     0     0     0     0     0     0     0     0     0     0     0     0     0     0     0     0     0     0     0     1    89   951  4574 14509 14548  8113 13119 13844  9236  8155
ch   23:      0     0     0     0     0     0     0     0     0     0     0     0     0     0     0     0     0     0     0     0     1    12   166  1500  8986  7575 13543  8358  9924 11497  8595 12400
ch   24:      0     0     0     0     0     0     0     0     0     0     0     0     0     0     0     0     0     0     0     0     0    12   109   737  7761  4536 10659  8623  9441  6889 10114 15179
ch   25:      0     0     0     0     0     0     0     0     0     0     0     0     0     0     0     0     0     0     0     0     2    18   169  1308 11364 12170  8118  7673  9271 12828 12849 13561
ch   26:      0     0     0     0     0     0     0     0     0     0     0     0     0     0     0     0     0     0     0     0     1    10   106  1045  7166 10354  9320 11137 13933 10084  7701 11589
ch   27:      0     0     0     0     0     0     0     0     0     0     0     0     0     0     0     0     0     0     0     0     1    10   170  1982 13839  9489 10919 10953 10531  9625 11679  5130
ch   28:      0     0     0     0     0     0     0     0     0     0     0     0     0     0     0     0     0     0     0     0     1    14   110  1152 10416  9544  9445  9218 10399 10163 10441  3289
ch   29:      0     0     0     0     0     0     0     0     0     0     0     0     0     0     0     0     0     0     0     1     3    21   210  1822 12897 12896 16957  8854  6214 10668 12482  8824
ch   30:      0     0     0     0     0     0     0     0     0     0     0     0     0     0     0     0     0     0     0     0     1     8   101   996 10400  5780 11168 17145 15005  7335  8112 12824
ch   31:      0     0     0     0     0     0     0     0     0     0     0     0     0     0     0     0     0     0     0     0     1    24   248  2030 13836 10295  8601 10797 10466 12797  8748 17998
ch   32:      0     0     0     0     0     0     0     0     0     0     0     0     0     0     0     0     0     0     0     0     0    20   137  1374 12689  7544 14056  9435  6851  8786  9230 16111
ch   33:      0     0     0     0     0     0     0     0     0     0     0     0     0     0     0     0     0     0     0     0     3    17   244  1565 15670  7360 11102 13425  7790 12702  5887 11562
ch   34:      0     0     0     0     0     0     0     0     0     0     0     0     0     0     0     0     0     0     0     0     0     8   115  1373  8347  5107 10302  7225  9237  5976  7530 11510
ch   35:      0     0     0     0     0     0     0     0     0     0     0     0     0     0     0     0     0     0     0     0     1    23   271  2291 14448  8373  9496 10698 13040 13287 12673  2187
ch   36:      0     0     0     0     0     0     0     0     0     0     0     0     0     0     0     0     0     0     0     0     2    17   178  1313 13183 14858 11309  9496  8616 14599  7950  2574
ch   37:      0     0     0     0     0     0     0     0     0     0     0     0     0     0     0     0     0     0     0     0     2    20   293  2121 13792 14011 11976 11318 10842 14811 12006  5843
ch   38:      0     0     0     0     0     0     0     0     0     0     0     0     0     0     0     0     0     0     0     0     1    18   154  1638 11039 10067 13292  7793  9801  6140  5553 13525
ch   39:      0     0     0     0     0     0     0     0     0     0     0     0     0     0     0     0     0     0     0     0     2    42   319  3449 14921 10138 10637 11344 10894  5876  7661 17656
ch   40:      0     0     0     0     0     0     0     0     0     0     0     0     0     0     0     0     0     0     0     0     1    17   186  1657 10253 10131 11838 13439 11294 15698  7289  5436
ch   41:      0     0     0     0     0     0     0     0     0     0     0     0     0     0     0     0     0     0     0     0     4    20   403  2151 13046 12926  8063 10694 10168 14706  8721 13159
ch   42:      0     0     0     0     0     0     0     0     0     0     0     0     0     0     0     0     0     0     0     0     1    15   188  1799 14250 11590 11348 14036 15827 14044 10789  7438
ch   43:      0     0     0     0     0     0     0     0     0     0     0     0     0     0     0     0     0     0     0     0     1    48   396  2739 12305  8526 11971  8230  8592 13502  9029  6195
ch   44:      0     0     0     0     0     0     0     0     0     0     0     0     0     0     0     0     0     0     0     0     1    20   228  1769 12552  8676 13666 11754  7623  6813  8835 11083
ch   45:      0     0     0     0     0     0     0     0     0     0     0     0     0     0     0     0     0     0     0     1     4    38   327  2484 10910  9153 13611  7567  9218 11427  9539  9531
ch   46:      0     0     0     0     0     0     0     0     0     0     0     0     0     0     0     0     0     0     0     0     0    19   226  2023 12841  8492 11828  9917  8791 14151  8790 17792
ch   47:      0     0     0     0     0     0     0     0     0     0     0     0     0     0     0     0     0     0     0     0     5    20   233  2453 16950 10611 12747  9267  7416  7008 10686 11615
ch   48:      0     0     0     0     0     0     0     0     0     0     0     0     0     0     0     0     0     0     0     1     3    37   237  1655 15268  9569 11585 11490 14580  9851  6548 12401
ch   49:      0     0     0     0     0     0     0     0     0     0     0     0     0     0     0     0     0     0     0     0     3    37   270  2579  9595 13015  8819 10917  8934 10405 11656 19322
ch   50:      0     0     0     0     0     0     0     0     0     0     0     0     0     0     0     0     0     0     0     0     2    13   203  2810 12495 13512  9852  8947 11477 10747  9012  9162
ch   51:      0     0     0     0     0     0     0     0     0     0     0     0     0     0     0     0     0     0     0     0     4    33   449  3173 12623 13736 10828  7912 11652 12751 11600  4956
ch   52:      0     0     0     0     0     0     0     0     0     0     0     0     0     0     0     0     0     0     0     0     2    25   248  1765 14930 13174  7716  8287 10395  6462 10870  5047
ch   53:      0     0     0     0     0     0     0     0     0     0     0     0     0     0     0     0     0     0     0     1     2    21   299  3543  2618 10200  8309  8596 13300  6296 11670  1410
ch   54:      0     0     0     0     0     0     0     0     0     0     0     0     0     0     0     0     0     0     0     0     0    15   159  2716 12328 10948 14241 12591  5849 13189 12265  3907
ch   55:      0     0     0     0     0     0     0     0     0     0     0     0     0     0     0     0     0     0     1     1     3    28   544  2907  3931 10791 12293 11168 10112 10783 11235 12492
ch   56:      0     0     0     0     0     0     0     0     0     0     0     0     0     0     0     0     0     0     0     0     1    22   259  2191 15563  8202 13987 10800 10716  9639  5854 15663
ch   57:      0     0     0     0     0     0     0     0     0     0     0     0     0     0     0     0     0     0     0     0     0    27   306  3714  5516  8314 14668 11870  3037 14540 11093 15363
ch   58:      0     0     0     0     0     0     0     0     0     0     0     0     0     0     0     0     0     0     0     1     3    24   197  2344 12024  9184  8940 15087  9591  8828 14923  5643
ch   59:      0     0     0     0     0     0     0     0     0     0     0     0     0     0     0     0     0     0     0     1     3    45   329  2976 10307  8515 12987 15410  9612 10338 11410  6590
ch   60:      0     0     0     0     0     0     0     0     0     0     0     0     0     0     0     0     0     0     0     0     3    38   336  3420  3604  8613 11629 10167  6742  8194  8252 17052
ch   61:      0     0     0     0     0     0     0     0     0     0     0     0     0     0     0     0     0     0     0     0     1    30   272  4011 11017 11348  8541  8502 10368  9768  8342 19780
ch   62:      0     0     0     0     0     0     0     0     0     0     0     0     0     0     0     0     0     0     0     0     1    13   215  2237 12028  8966 10726 10565 13187 10121 11147 13987
ch   63:      0     0     0     0     0     0     0     0     0     0     0     0     0     0     0     0     0     0     0     0     5    39   376  3669  3831 10844 13279  6598  7585  6898  8175 18130
ch   64:      0     0     0     0     0     0     0     0     0     0     0     0     0     0     0     0     0     0     0     0     2    24   196  2484 14512  6499 10535 13871 13288  8947  9418 13174
ch   65:      0     0     0     0     0     0     0     0     0     0     0     0     0     0     0     0     0     0     0     0     1    30   414  3083  8823 13573  5302  9084 12165 10866 13927  8015
ch   66:      0     0     0     0     0     0     0     0     0     0     0     0     0     0     0     0     0     0     0     0     1    21   285  2384  4183  5851  9332  6830  9249 10485  7875 16928
ch   67:      0     0     0     0     0     0     0     0     0     0     0     0     0     0     0     0     0     0     0     0     2    25   355  3286  7632  8436  3325 11979 10026  7886  8501 15387
ch   68:      0     0     0     0     0     0     0     0     0     0     0     0     0     0     0     0     0     0     0     0     1    34   289  2944  4026  7026  9968  8277  8478 10651 15101  9810
ch   69:      0     0     0     0     0     0     0     0     0     0     0     0     0     0     0     0     0     0     0     2     3    51   478  3360  7898  7717  8915  9203  7916  4524  8993  7314
ch   70:      0     0     0     0     0     0     0     0     0     0     0     0     0     0     0     0     0     0     0     0     2    19   188  2421 15307  6085  4635 10439 16217 14497 12053 15948
ch   71:      0     0     0     0     0     0     0     0     0     0     0     0     0     0     0     0     0     0     0     0     1    37   301  3672  9122  7756 12308 11179 12253 10123 13321 16860
ch   72:      0     0     0     0     0     0     0     0     0     0     0     0     0     0     0     0     0     0     0     1     1    36   272  2524  9445  9663  9595  8208  6372 14465  6005 15695
ch   73:      0     0     0     0     0     0     0     0     0     0     0     0     0     0     0     0     0     0     0     1     4    23   350  3428 10434  9405 13340 15164 10260 12378 11110 12351
ch   74:      0     0     0     0     0     0     0     0     0     0     0     0     0     0     0     0     0     0     0     1     3    34   280  2574  9248  8465  9194  8855 13539 15040  8916 15574
ch   75:      0     0     0     0     0     0     0     0     0     0     0     0     0     0     0     0     0     0     0     0     1    41   464  4817 12329  9215  7264 11055  8902 11537  9634  7267
ch   76:      0     0     0     0     0     0     0     0     0     0     0     0     0     0     0     0     0     0     0     0     2    23   340  3034  7428  9741  9576  9809 12060 12071  8804 12183
ch   77:      0     0     0     0     0     0     0     0     0     0     0     0     0     0     0     0     0     0     0     0     3    34   482  4402 12647 12083  7571  8552  9744 11319 11438 12113
ch   78:      0     0     0     0     0     0     0     0     0     0     0     0     0     0     0     0     0     0     0     0     1    24   254  3108  2715  7394  9785 13810  8847  9758 10745 17406
ch   79:      0     0     0     0     0     0     0     0     0     0     0     0     0     0     0     0     0     0     0     1     2    55   498  4125 16568  7868  9661 12193 11965  7816  7745  9143
ch   80:      0     0     0     0     0     0     0     0     0     0     0     0     0     0     0     0     0     0     0     0     2    34   410  2214 11831  8579  6246 12995 13907 13932  6328 15369
ch   81:      0     0     0     0     0     0     0     0     0     0     0     0     0     0     0     0     0     0     0     0     3    40   422  3902 10470  8419  7480  7084 10674 13826  8793  4947
ch   82:      0     0     0     0     0     0     0     0     0     0     0     0     0     0     0     0     0     0     0     0     2    24   313  3148  5429  3404  9052  6411  7066  9763 11249 16186
ch   83:      0     0     0     0     0     0     0     0     0     0     0     0     0     0     0     0     0     0     0     1     5    27   526  4770  7435  8433  9497  7613 11417 12315  8911 15943
ch   84:      0     0     0     0     0     0     0     0     0     0     0     0     0     0     0     0     0     0     0     0     3    29   325  2955 13044 10859  8742  7951  7443 11511 12087  4169
ch   85:      0     0     0     0     0     0     0     0     0     0     0     0     0     0     0     0     0     0     0     0     5    56   489  4838  5187 14469 13668  7015 14134  8107  6514  4516
ch   86:      0     0     0     0     0     0     0     0     0     0     0     0     0     0     0     0     0     0     0     0     2    38   258  2481  8571  9925 11261  9763 11121  9470 10571 11333
ch   87:      0     0     0     0     0     0     0     0     0     0     0     0     0     0     0     0     0     0     0     0     5    44   427  4181  8485 10164 12774 11686  6741 12234 15449 18495
ch   88:      0     0     0     0     0     0     0     0     0     0     0     0     0     0     0     0     0     0     0     0     1    29   269  3276  6087 11251  7934 11739 11279  8075 10844 12674
ch   89:      0     0     0     0     0     0     0     0     0     0     0     0     0     0     0     0     0     0     0     0     1    42   252  5026 16735 10640 13390  9461 13196  7577  7805  8291
ch   90:      0     0     0     0     0     0     0     0     0     0     0     0     0     0     0     0     0     0     0     0     0    16   181  3036 15985 12852  9631 10789  8494  9464 11005 17780
ch   91:      0     0     0     0     0     0     0     0     0     0     0     0     0     0     0     0     0     0     0     0     3    47   497  3952 14854  9386 10808 13815  9710  9186  8546 12077
ch   92:      0     0     0     0     0     0     0     0     0     0     0     0     0     0     0     0     0     0     0     0     2    39   310  2724 12051  7963 11319 11816 14215  8993  8210  8663
ch   93:      0     0     0     0     0     0     0     0     0     0     0     0     0     0     0     0     0     0     0     0     5    45   421  4468  9552 11863  8590 11544  9411  7903 10048 16063
ch   94:      0     0     0     0     0     0     0     0     0     0     0     0     0     0     0     0     0     0     0     0     0    13   217  2835  3240 12574  9043  4295 12648  5093 10194 11853
ch   95:      0     0     0     0     0     0     0     0     0     0     0     0     0     0     0     0     0     0     0     0     3    59   591  5948 13861 14814 13014  8906 12828  7069 13477 16003
ch   96:      0     0     0     0     0     0     0     0     0     0     0     0     0     0     0     0     0     0     0     0     1    23   346  2853  6491 11477 10973 12895  6581 13897 12720 12938
ch   97:      0     0     0     0     0     0     0     0     0     0     0     0     0     0     0     0     0     0     0     0     2    50   365  4495 11253 10571  6714  9048  5002  9748  8205 10993
ch   98:      0     0     0     0     0     0     0     0     0     0     0     0     0     0     0     0     0     0     0     1     4    28   258  2568  9338  6397 10484 13086 10509 10202  7254 18204
ch   99:      0     0     0     0     0     0     0     0     0     0     0     0     0     0     0     0     0     0     0     0     2    35   315  3473 10334 10579 12933  6101 16270 11891 11610  9759
ch  100:      0     0     0     0     0     0     0     0     0     0     0     0     0     0     0     0     0     0     0     0     2    21   281  2592  6000  9884 12139 11704 11996 12286 10004  3567
ch  101:      0     0     0     0     0     0     0     0     0     0     0     0     0     0     0     0     0     0     0     0     6    20   428  4703  6808 10183 10209  9481 12944  8321  9007  5620
ch  102:      0     0     0     0     0     0     0     0     0     0     0     0     0     0     0     0     0     0     0     0     1    35   273  2660 11308 10897  7501 14335 12764  4453  6439  5261
ch  103:      0     0     0     0     0     0     0     0     0     0     0     0     0     0     0     0     0     0     0     0     1    40   616  4259 11977 10112  8675  6832 11512 13199  5806 16383
ch  104:      0     0     0     0     0     0     0     0     0     0     0     0     0     0     0     0     0     0     0     0     2    28   270  3421 12025  7754  9081 13466 11424 13608  8278 10391
ch  105:      0     0     0     0     0     0     0     0     0     0     0     0     0     0     0     0     0     0     0     0     4    28   449  4342  9201 10552  8717  8000 11985 13080 11302 10909
ch  106:      0     0     0     0     0     0     0     0     0     0     0     0     0     0     0     0     0     0     0     0     4    31   255  3674  2914 10041 11876  8089  6963  7874  6536  3635
ch  107:      0     0     0     0     0     0     0     0     0     0     0     0     0     0     0     0     0     0     0     0     4    50   505  4803 16730  9640  7031  9560  7905 10178  7411  5064
ch  108:      0     0     0     0     0     0     0     0     0     0     0     0     0     0     0     0     0     0     0     0     1    11   228  2668 10686 11105  9124 11712  8957 13194 10289  7326
ch  109:      0     0     0     0     0     0     0     0     0     0     0     0     0     0     0     0     0     0     0     1     4    36   477  4525  6272  7415 13730  9680 12100 10601 12354 10919
ch  110:      0     0     0     0     0     0     0     0     0     0     0     0     0     0     0     0     0     0     0     0     0    19   227  2885  8949  7935  6251  9293 10439 10904 11618  6185
ch  111:      0     0     0     0     0     0     0     0     0     0     0     0     0     0     0     0     0     0     0     0     2    31   348  5718 14472  9525 13700 10808 11519  7827  9731  9726
ch  112:      0     0     0     0     0     0     0     0     0     0     0     0     0     0     0     0     0     0     0     0     4    32   209  2526  4800 10411 16055 12684  6415  8391 10672  6482
ch  113:      0     0     0     0     0     0     0     0     0     0     0     0     0     0     0     0     0     0     0     0     1    21   487  6420 14640 11528  8312  5162 13239  9431 10403 10337
ch  114:      0     0     0     0     0     0     0     0     0     0     0     0     0     0     0     0     0     0     0     0     1    18   175  2966 11204  6542 15074  7813  9151 13255 14592 12667
ch  115:      0     0     0     0     0     0     0     0     0     0     0     0     0     0     0     0     0     0     0     0     2    40   469  3866  8055  9249  8524  8301  6113  8373 10870  7320
ch  116:      0     0     0     0     0     0     0     0     0     0     0     0     0     0     0     0     0     0     0     0     2    18   320  3596 10659 12128 10350  8666 11766  8706 10118  4718
ch  117:      0     0     0     0     0     0     0     0     0     0     0     0     0     0     0     0     0     0     0     0     3    33   436  4072 12514  6936  5833  9281 15136 11699 12431 14727
ch  118:      0     0     0     0     0     0     0     0     0     0     0     0     0     0     0     0     0     0     0     0     1    21   247  2904  5617  8953  7704 12175  8148 14080 12887 14747
ch  119:      0     0     0     0     0     0     0     0     0     0     0     0     0     0     0     0     0     0     0     0     0    27   425  4182  6163 10938 11579 12259 16446 10279 12884 19172
ch  120:      0     0     0     0     0     0     0     0     0     0     0     0     0     0     0     0     0     0     0     0     3    12   270  3700 12936  9619 13704 11397  7769 11717 11687 14523
ch  121:      0     0     0     0     0     0     0     0     0     0     0     0     0     0     0     0     0     0     0     0     1    18   385  5500 13788  9980  9243  7791  6997 13391  7065 13447
ch  122:      0     0     0     0     0     0     0     0     0     0     0     0     0     0     0     0     0     0     0     0     0    10   190  2306  8633 12929 15394  8819  5763 12372 13365 12819
ch  123:      0     0     0     0     0     0     0     0     0     0     0     0     0     0     0     0     0     0     0     0     0    10   288  5154 11053 10677  8594 11338 11372  7908 13976 12853
ch  124:      0     0     0     0     0     0     0     0     0     0     0     0     0     0     0     0     0     0     0     0     2    11   178  2368  8840 13028 12849 12066  6185  8644 12607  3413
ch  125:      0     0     0     0     0     0     0     0     0     0     0     0     0     0     0     0     0     0     0     0     0    14   223  2722 10775 13724 11686  8837 10839  9769  7903 15240
ch  126:      0     0     0     0     0     0     0     0     0     0     0     0     0     0     0     0     0     0     0     0     0     1    37  1865 18526 12600 10112  8634  8096 10258  9057  4009
ch  127:      0     0     0     0     0     0     0     0     0     0     0     0     0     0     0     0     0     0     0     0     1    14   214  2702 15468 13138 11377  9737 11666  5732 11174  7125
