ch    0:      0     0     0     0     0     0     0     0     0     0     0     0     0     0     0     0     0     0     0     0     0     0    12   132   820  4773  6620  6758 11436 12045 14029  1213
ch    1:      0     0     0     0     0     0     0     0     0     0     0     0     0     0     0     0     0     0     0     0     0     5    28   278  1627  9072 15739 11662 10758 12166 11312   766
ch    2:      0     0     0     0     0     0     0     0     0     0     0     0     0     0     0     0     0     0     0     0     0     0    24   206  1429  8395 12106 11660  9869  7077 13353  4395
ch    3:      0     0     0     0     0     0     0     0     0     0     0     0     0     0     0     0     0     0     0     0     0     9    69   347  2913 15548  9551  9400 12595 11530 10457  1294
ch    4:      0     0     0     0     0     0     0     0     0     0     0     0     0     0     0     0     0     0     0     0     0     5    46   248  2572 14387  9384  9429 13941  8383 11319  3656
ch    5:      0     0     0     0     0     0     0     0     0     0     0     0     0     0     0     0     0     0     0     0     0     7    60   605  3585  8442  9526 11344 13750  6537 11604  3636
ch    6:      0     0     0     0     0     0     0     0     0     0     0     0     0     0     0     0     0     0     0     0     0     3    49   365  2758 15562 10985 11601  9683 11347  6191  5560
ch    7:      0     0     0     0     0     0     0     0     0     0     0     0     0     0     0     0     0     0     0     0     0     6    72   611  6380 14182  9659 11100  9221 10121  9280  3644
ch    8:      0     0     0     0     0     0     0     0     0     0     0     0     0     0     0     0     0     0     0     0     1     4   104   588  4393  3929  9861  9780  9738 15479 11764 10340
ch    9:      0     0     0     0     0     0     0     0     0     0     0     0     0     0     0     0     0     0     0     0     0     5    63   775  4731 15338  9158 17380  6654  9922 11148  2730
ch   10:      0     0     0     0     0     0     0     0     0     0     0     0     0     0     0     0     0     0     0     0     0     9    86   754  5799  9758 10310  9086 11757  6547  9330 10224
ch   11:      0     0     0     0     0     0     0     0     0     0     0     0     0     0     0     0     0     0     0     0     0     7   152  1271  9679  9917 16155 12165 10356 10475 11255  1645
ch   12:      0     0     0     0     0     0     0     0     0     0     0     0     0     0     0     0     0     0     0     0     0     9   132   896  7269 16469 13913  8720  8510  9973 12695  9921
ch   13:      0     0     0     0     0     0     0     0     0     0     0     0     0     0     0     0     0     0     0     0     1     7   172  1381  9480 14322  8853 11541  9742  8076  9973  3224
ch   14:      0     0     0     0     0     0     0     0     0     0     0     0     0     0     0     0     0     0     0     0     1    16   143  1396  9456 14338  8738 11164  5787  8076 13644 16854
ch   15:      0     0     0     0     0     0     0     0     0     0     0     0     0     0     0     0     0     0     0     0     1    11   177  1251  9380 13722  7745  2427  9731 13579 13806  9444
ch   16:      0     0     0     0     0     0     0     0     0     0     0     0     0     0     0     0     0     0     0     0     1    15   160  1480 10309 12373 13531 14649  8652 15011  7213 19450
ch   17:      0     0     0     0     0     0     0     0     0     0     0     0     0     0     0     0     0     0     0     0     0    13   230  1928 11105 10045 13754  7081  9051 13682 12357  5488
ch   18:      0     0     0     0     0     0     0     0     0     0     0     0     0     0     0     0     0     0     0     0     2    12   127  1514 13211  7619  9401  6741 15911  8660 11272  5344
ch   19:      0     0     0     0     0     0     0     0     0     0     0     0     0     0     0     0     0     0     0     0     0    22   156  1914 16618  5151 11576 10883  7287  9300  5540  5020
ch   20:      0     0     0     0     0     0     0     0     0     0     0     0     0     0     0     0     0     0     0     0     0    12   217  1930 16543  9308 11774  8585  9448 12096  9122 13009
ch   21:      0     0     0     0     0     0     0     0     0     0     0     0     0     0     0     0     0     0     0     0     1    13   233  2107 16107  6240 16399  8416  7030 15776  6950  1004
ch   22:      0     0     0     0     0     0     0     0     0     0     0     0     0     0     0     0     0     0     0     1     3    25   197  2419 17063 13708  9380 10194 10725 10422 14998 11327
ch   23:      0     0     0     0     0     0     0     0     0     0     0     0     0     0     0     0     0     0     0     0     2    40   235  2453 15788 11097 14815 12707 10536  8363 13062  6488
ch   24:      0     0     0     0     0     0     0     0     0     0     0     0     0     0     0     0     0     0     0     0     1    27   286  2688 16207  9064 12151  7575 14588 12220  2624 17790
ch   25:      0     0     0     0     0     0     0     0     0     0     0     0     0     0     0     0     0     0     0     0     3    23   304  3330 14835 11087 12426 11688 12971  5684 12213 17980
ch   26:      0     0     0     0     0     0     0     0     0     0     0     0     0     0     0     0     0     0     0     0     1    23   387  2353 17565  9812 11573 11695  2970 10427 11300  4413
ch   27:      0     0     0     0     0     0     0     0     0     0     0     0     0     0     0     0     0     0     0     0     3    24   339  2542  4640  6072 11865 15744 11125  9506  8183  5821
ch   28:      0     0     0     0     0     0     0     0     0     0     0     0     0     0     0     0     0     0     0     0     2    39   377  3524  5984 17640 13623 10279 10610  9790  7126 16401
ch   29:      0     0     0     0     0     0     0     0     0     0     0     0     0     0     0     0     0     0     0     1     4    35   339  2489 17165  8715 11102 10931 13763 15538 12009 15038
ch   30:      0     0     0     0     0     0     0     0     0     0     0     0     0     0     0     0     0     0     0     0     1    36   349  2388  1057 10614  7147 13091  6045  9731  9558  5261
ch   31:      0     0     0     0     0     0     0     0     0     0     0     0     0     0     0     0     0     0     0     0     4    53   338  3689  2532 13453  6192 12009 10597  8998  9601  9623
ch   32:      0     0     0     0     0     0     0     0     0     0     0     0     0     0     0     0     0     0     0     0     1    20   498  3522  4981  8216 15008 11727  6082 14651  9154 10192
ch   33:      0     0     0     0     0     0     0     0     0     0     0     0     0     0     0     0     0     0     0     0     2    20   406  4087  9636  6632  9840 14038 11350 14993  9503  4890
ch   34:      0     0     0     0     0     0     0     0     0     0     0     0     0     0     0     0     0     0     0     0     1    45   490  4106  8554  3877  6317  5027  8186 11349  7937  4806
ch   35:      0     0     0     0     0     0     0     0     0     0     0     0     0     0     0     0     0     0     0     0     5    44   359  4135  7381  9731  9704  9787  8147 11800  9729  7793
ch   36:      0     0     0     0     0     0     0     0     0     0     0     0     0     0     0     0     0     0     0     0     5    40   450  4419  6860 13594  9936  6897  8199  8555 11036  1128
ch   37:      0     0     0     0     0     0     0     0     0     0     0     0     0     0     0     0     0     0     0     0     2    26   450  5716  8972  8998  6384 14197  6408  7972 11486  7804
ch   38:      0     0     0     0     0     0     0     0     0     0     0     0     0     0     0     0     0     0     0     1     8    39   659  4572 12415 12590 12854 13144 13329 11327  6162  9355
ch   39:      0     0     0     0     0     0     0     0     0     0     0     0     0     0     0     0     0     0     0     0     8    63   601  6636 14892  4006 12497 14226  8438  8996  4862 10780
ch   40:      0     0     0     0     0     0     0     0     0     0     0     0     0     0     0     0     0     0     0     0     6    47   588  4393 12481  5941 11805  4142 15638 10439 14936  7393
ch   41:      0     0     0     0     0     0     0     0     0     0     0     0     0     0     0     0     0     0     0     0     6    48   765  4248 16347 10076 17778 15078  8968 15591 11102 14364
ch   42:      0     0     0     0     0     0     0     0     0     0     0     0     0     0     0     0     0     0     0     0    10    91   762  4881 14400  7991 11459 10748  6329 12425 15320  4281
ch   43:      0     0     0     0     0     0     0     0     0     0     0     0     0     0     0     0     0     0     0     0     9    71   774  7203 10570 11449 11647  6187 15333 12364 11591  8899
ch   44:      0     0     0     0     0     0     0     0     0     0     0     0     0     0     0     0     0     0     0     0     5    72   605  7249  3168  6834 14985  5527  8240  7688 13369 12473
ch   45:      0     0     0     0     0     0     0     0     0     0     0     0     0     0     0     0     0     0     1     1     4    84   700  6274 12988 12175  9281 12007 10820  9352 11517 14451
ch   46:      0     0     0     0     0     0     0     0     0     0     0     0     0     0     0     0     0     0     0     0     2    53   751  4935 18976  7831  9415  8585  9601  8332  5414  7827
ch   47:      0     0     0     0     0     0     0     0     0     0     0     0     0     0     0     0     0     0     0     0     5    89   867  5525  5182  3939  7245 10921  5660  7195 11331 16594
ch   48:      0     0     0     0     0     0     0     0     0     0     0     0     0     0     0     0     0     0     0     2     3    81   798  5498  4007 11045  8014 10374 11238  6071  8271  7771
ch   49:      0     0     0     0     0     0     0     0     0     0     0     0     0     0     0     0     0     0     0     0     5    86  1120 10344  7849  6157 10038  6426  8595  7965 10035  2785
ch   50:      0     0     0     0     0     0     0     0     0     0     0     0     0     0     0     0     0     0     0     0     6    87   808  5473 10621  9558 11404 12310  7526 11575  6448  3548
ch   51:      0     0     0     0     0     0     0     0     0     0     0     0     0     0     0     0     0     0     0     1     5   115   940  7541  5634  5514  4892 10757 11586  8929 14631 19205
ch   52:      0     0     0     0     0     0     0     0     0     0     0     0     0     0     0     0     0     0     0     0     9   131   968  5531 14697 14920  9909  7622  9783 15244 12289  7464
ch   53:      0     0     0     0     0     0     0     0     0     0     0     0     0     0     0     0     0     0     0     0     5    99   932  5902 11357 14731  9619  8843 12827  9675 11290 11505
ch   54:      0     0     0     0     0     0     0     0     0     0     0     0     0     0     0     0     0     0     0     0     7   119   908  8562  1404  9744 13107  8209 13136 13650  6680  5485
ch   55:      0     0     0     0     0     0     0     0     0     0     0     0     0     0     0     0     0     0     0     1    13   126   934  8300 12849  8362 11984  9606  8130  9855 15405 15772
ch   56:      0     0     0     0     0     0     0     0     0     0     0     0     0     0     0     0     0     0     0     0     9    94   939  6462  7061  6278 12657  6541  7946  8316  9427 15359
ch   57:      0     0     0     0     0     0     0     0     0     0     0     0     0     0     0     0     0     0     0     0     4    93   801  7213  6684  7558 10296 11696  5487  9571 11148 17236
ch   58:      0     0     0     0     0     0     0     0     0     0     0     0     0     0     0     0     0     0     0     0     8    68  1323  7127 15525 10196 11288  3483 12038 11165  8916  6119
ch   59:      0     0     0     0     0     0     0     0     0     0     0     0     0     0     0     0     0     0     0     0     6   163  1324  8535 19256  6790  8567  4832 12111 12145 13921  7137
ch   60:      0     0     0     0     0     0     0     0     0     0     0     0     0     0     0     0     0     0     0     0    12   104  1207  7813  7649 10672  7350 10157  9611 14382  9495 10134
ch   61:      0     0     0     0     0     0     0     0     0     0     0     0     0     0     0     0     0     0     0     0     7    95  1152 10524 14917  8568 11887  6060  7971 12703 11143  6827
ch   62:      0     0     0     0     0     0     0     0     0     0     0     0     0     0     0     0     0     0     0     1    17   120  1234 10044  4543 10002 14345  7061 10349  8034 11136  8384
ch   63:      0     0     0     0     0     0     0     0     0     0     0     0     0     0     0     0     0     0     0     0     4   129  1139  9059 11090 13659  9832  7276  9623 10182 12266 18662
ch   64:      0     0     0     0     0     0     0     0     0     0     0     0     0     0     0     0     0     0     0     1    16   173  1168 12622  9948  9467  7427 11665 10563  7949  8119 13797
ch   65:      0     0     0     0     0     0     0     0     0     0     0     0     0     0     0     0     0     0     0     2    15   129  1779  9081 13631 11659  9684 12010  5941  9183  9689 14483
ch   66:      0     0     0     0     0     0     0     0     0     0     0     0     0     0     0     0     0     0     0     0     7    90  1387  7518  2723 12221 10949 13813  7544 10278  8739  2599
ch   67:      0     0     0     0     0     0     0     0     0     0     0     0     0     0     0     0     0     0     1     2    11   146  1637 10339 12618 10191 13371 10066 11992 11087  7524 13036
ch   68:      0     0     0     0     0     0     0     0     0     0     0     0     0     0     0     0     0     0     0     0    15   161  1190 13259 13552  9174  7581 13023 13182  9380 11359 10500
ch   69:      0     0     0     0     0     0     0     0     0     0     0     0     0     0     0     0     0     0     0     1    10   147  1762 11767  8962 10691  6097 10954 12101  7982 11613  5086
ch   70:      0     0     0     0     0     0     0     0     0     0     0     0     0     0     0     0     0     0     0     1    15   159  1330 12079 11717  9280 14912  8547  8347 10140  9984 16896
ch   71:      0     0     0     0     0     0     0     0     0     0     0     0     0     0     0     0     0     0     0     0    12   205  1666 13793 13784 11624  6855  9688  5676 11501 11203  2456
ch   72:      0     0     0     0     0     0     0     0     0     0     0     0     0     0     0     0     0     0     0     1    15   107  1374 10696 11080 12696  8148 11475  6486  8587  5870 11290
ch   73:      0     0     0     0     0     0     0     0     0     0     0     0     0     0     0     0     0     0     0     0    29   158  1466 13323 16797  8716 11540 10055  8075  5824 14171  4304
ch   74:      0     0     0     0     0     0     0     0     0     0     0     0     0     0     0     0     0     0     0     0    24   141  1194 10378 10872 13931 15102  7813 15134  6415 14068  8576
ch   75:      0     0     0     0     0     0     0     0     0     0     0     0     0     0     0     0     0     0     0     4    23   143  1863 11402  3552 13253  7720 12386  7594 13427  8953 12250
ch   76:      0     0     0     0     0     0     0     0     0     0     0     0     0     0     0     0     0     0     0     2     9   100   987 13787  6874  9011 11819 13947 12698  8581 13373 16213
ch   77:      0     0     0     0     0     0     0     0     0     0     0     0     0     0     0     0     0     0     0     0    17   165  1644 15030 11241 12443  9434  9486  8869 10197 11931 10755
ch   78:      0     0     0     0     0     0     0     0     0     0     0     0     0     0     0     0     0     0     0     0    12   148  1274 11180  7685 12171 14163 13297 13044 11345  9263  5124
ch   79:      0     0     0     0     0     0     0     0     0     0     0     0     0     0     0     0     0     0     1     2    22   197  2119 15968  6779 11763 10764 11924 13925 11690  8988  7992
ch   80:      0     0     0     0     0     0     0     0     0     0     0     0     0     0     0     0     0     0     0     0     5   118  1423 11805  8802  6109  6491 12951 13594 10368  9859 17922
ch   81:      0     0     0     0     0     0     0     0     0     0     0     0     0     0     0     0     0     0     0     0    13   169  1867 12920 17488 12093 14890 10032 12637 10388  7213 18940
ch   82:      0     0     0     0     0     0     0     0     0     0     0     0     0     0     0     0     0     0     0     1     9   139  1116 10518 11929  6488  6604  9459 12410 12267  7933 12752
ch   83:      0     0     0     0     0     0     0     0     0     0     0     0     0     0     0     0     0     0     1     5    19   164  1639 13807 15326 10364  7768 10600 10709  5576  9755  8145
ch   84:      0     0     0     0     0     0     0     0     0     0     0     0     0     0     0     0     0     0     0     3    15   130  1707 12811  9511 11928 13000  8035  7985  8835 16790  4267
ch   85:      0     0     0     0     0     0     0     0     0     0     0     0     0     0     0     0     0     0     0     2    22   221  2143 13521 17073 10298  7159  6867 12783  8398 10960 18416
ch   86:      0     0     0     0     0     0     0     0     0     0     0     0     0     0     0     0     0     0     0     0    20   120  1667 13314  7142 13328 11936  8955 12047  7322  5356 17429
ch   87:      0     0     0     0     0     0     0     0     0     0     0     0     0     0     0     0     0     0     0     3    25   210  1726 12103  3193  7761  6528 11340  9629  7335  9100 18502
ch   88:      0     0     0     0     0     0     0     0     0     0     0     0     0     0     0     0     0     0     0     1    10   160  2029 13821 14990 10354 13124 13573 11477 13996 12075 11228
ch   89:      0     0     0     0     0     0     0     0     0     0     0     0     0     0     0     0     0     0     0     2    20   136  2121 17250  9455  9967  9739 11416 11005  5029  9630 13621
ch   90:      0     0     0     0     0     0     0     0     0     0     0     0     0     0     0     0     0     0     0     2    15   134  1891 17776  9782  9786 14263  9811  9541  5995 12644 11355
ch   91:      0     0     0     0     0     0     0     0     0     0     0     0     0     0     0     0     0     0     0     1     9   216  2240 15542 14361 13266  6754 13147  9409  5607  8857  4717
ch   92:      0     0     0     0     0     0     0     0     0     0     0     0     0     0     0     0     0     0     0     1    16   224  1514 16140  8121  9041 11031  6921  6057  8768  4525  4517
ch   93:      0     0     0     0     0     0     0     0     0     0     0     0     0     0     0     0     0     0     0     2    15   160  2075 12549  8656  9466  5075 11705 12171 11836  7911 14398
ch   94:      0     0     0     0     0     0     0     0     0     0     0     0     0     0     0     0     0     0     0     2    17   119  1769 11184 14478 11651 13700 12877  6544 14961 11142  4368
ch   95:      0     0     0     0     0     0     0     0     0     0     0     0     0     0     0     0     0     0     0     3    15   214  2451 15191  7949 13522 12781  6418  6197 10151 15353  1542
ch   96:      0     0     0     0     0     0     0     0     0     0     0     0     0     0     0     0     0     0     0     2    22   220  1539 12453  6721  8439 10001  8761  9466 12667  8012 12928
ch   97:      0     0     0     0     0     0     0     0     0     0     0     0     0     0     0     0     0     0     0     0    15   137  1636  9471 15882  7048 10058 12659 11741 10766 10713 13678
ch   98:      0     0     0     0     0     0     0     0     0     0     0     0     0     0     0     0     0     0     0     0    21   214  1688 10947  6586 12710 10959 13717  9796  9345  6202  4942
ch   99:      0     0     0     0     0     0     0     0     0     0     0     0     0     0     0     0     0     0     0     2    12   197  1757 12137 15095  9988  9185  3872 13466 10131 10355  6144
ch  100:      0     0     0     0     0     0     0     0     0     0     0     0     0     0     0     0     0     0     0     0    10   145  1903 11124 10060 13909 11006  9737 14011  3197  6567 17743
ch  101:      0     0     0     0     0     0     0     0     0     0     0     0     0     0     0     0     0     0     0     1    25   223  2363 16674 10399 14508 11684 12940 14986 12492 11470  5604
ch  102:      0     0     0     0     0     0     0     0     0     0     0     0     0     0     0     0     0     0     0     1    13   170  1794 12849  9874  6638 10170 10239  8135 10112  8071  2805
ch  103:      0     0     0     0     0     0     0     0     0     0     0     0     0     0     0     0     0     0     0     0    25   197  1766 15122 10999 10495 11787 11683 14526 12709  7473 11637
ch  104:      0     0     0     0     0     0     0     0     0     0     0     0     0     0     0     0     0     0     1     4    24   180  2198 16815  5490 11942 12729  6897  8787 10703  8353  4205
ch  105:      0     0     0     0     0     0     0     0     0     0     0     0     0     0     0     0     0     0     0     1    19   253  2118 15299 17058 12082  6437 10972 11522 16132 10286 15608
ch  106:      0     0     0     0     0     0     0     0     0     0     0     0     0     0     0     0     0     0     0     3    16   198  1748 17228  6668 12210 10909 14666 10654 16413  7365  8609
ch  107:      0     0     0     0     0     0     0     0     0     0     0     0     0     0     0     0     0     0     0     0    18   185  1810 14457 14931  4805  7937  8817  8895 12195  6356 13250
ch  108:      0     0     0     0     0     0     0     0     0     0     0     0     0     0     0     0     0     0     0     1    11   188  2087 16612 17334 13076  5910 11749  9596  8450  7533 10425
ch  109:      0     0     0     0     0     0     0     0     0     0     0     0     0     0     0     0     0     0     0     2    13   181  1630 15968 15422  9436 10270 13108 11449  5454  5292  4481
ch  110:      0     0     0     0     0     0     0     0     0     0     0     0     0     0     0     0     0     0     0     2    15   228  1964 16494  4174 10427 12521  9113 11176 11445  9755  8584
ch  111:      0     0     0     0     0     0     0     0     0     0     0     0     0     0     0     0     0     0     0     2    28   256  3146 14966  5760 16219  7249 13274 11165 10317 10951 10226
ch  112:      0     0     0     0     0     0     0     0     0     0     0     0     0     0     0     0     0     0     0     0    17   158  1724 14372  4165 12698 11856  8774 12263  5923  5660  1632
ch  113:      0     0     0     0     0     0     0     0     0     0     0     0     0     0     0     0     0     0     1     3    24   189  2546 17920 15223 10516  8721  8203  8895  5878  9139  6901
ch  114:      0     0     0     0     0     0     0     0     0     0     0     0     0     0     0     0     0     0     0     1    12   167  1542 10854 14370 11015 11427  8141  8000 10557 11380 15487
ch  115:      0     0     0     0     0     0     0     0     0     0     0     0     0     0     0     0     0     0     0     2    31   264  2044 18252 10817 13263  8144  8998  9622  9514 14267 11977
ch  116:      0     0     0     0     0     0     0     0     0     0     0     0     0     0     0     0     0     0     0     0    20   163  1903 16147 12199 13480 11980 10117 10891  7486  7789 18594
ch  117:      0     0     0     0     0     0     0     0     0     0     0     0     0     0     0     0     0     0     0     1    16   267  2150 16854  5153  8844 11249  7180  7999 13169 16863  8395
ch  118:      0     0     0     0     0     0     0     0     0     0     0     0     0     0     0     0     0     0     0     1    16   181  1467 16644 14814  9292  6299  9433 11082  6111 11568 14626
ch  119:      0     0     0     0     0     0     0     0     0     0     0     0     0     0     0     0     0     0     0     0    27   223  2325 16941 13046  6477 13743 13963 12554 13394 13331 11456
ch  120:      0     0     0     0     0     0     0     0     0     0     0     0     0     0     0     0     0     0     0     1    17   307  2468 16441  7266 11018 13293 14464  8923 14384 10307  7320
ch  121:      0     0     0     0     0     0     0     0     0     0     0     0     0     0     0     0     0     0     0     3    28   261  2929  3295  5660  9481  9980 12333  9996 14617 12927  4286
ch  122:      0     0     0     0     0     0     0     0     0     0     0     0     0     0     0     0     0     0     0     0    21   135  2226 15823 17863 11277 14157  6429 15489  8752 13687 16971
ch  123:      0     0     0     0     0     0     0     0     0     0     0     0     0     0     0     0     0     0     0     4    26   236  2611  2547 10141 10998  8191  6778  8711  8755 12319 19470
ch  124:      0     0     0     0     0     0     0     0     0     0     0     0     0     0     0     0     0     0     0     1    16   201  1579 13807  8139  9899 14400 11414  7923  8294  7512 17609
ch  125:      0     0     0     0     0     0     0     0     0     0     0     0     0     0     0     0     0     0     0     0     9   189  2643  2346  9413 10985  9469 12137  8318  8919  7025  4958
ch  126:      0     0     0     0     0     0     0     0     0     0     0     0     0     0     0     0     0     0     0     1    11   177  1238 14800 15514 12833 10277  5236  2654 17912 11861 10951
ch  127:      0     0     0     0     0     0     0     0     0     0     0     0     0     0     0     0     0     0     0     1    26   257  2399  5613 11952 10203 14875 12569  9029  9240  8407  9834
