ch    0:      0     0     0     0     0     0     0     0     0     0     0     0     0     0     0     0     0     0     0     0     0     3    23   148   923  5490 12554 11630 11376 10764 12651  1317
ch    1:      0     0     0     0     0     0     0     0     0     0     0     0     0     0     0     0     0     0     0     0     0     6    42   350  1831  8896  7604  9458 12533 11331  7555  9026
ch    2:      0     0     0     0     0     0     0     0     0     0     0     0     0     0     0     0     0     0     0     0     0     6    68   438  2696 10861 10231  9890  8978 10320 10630  7773
ch    3:      0     0     0     0     0     0     0     0     0     0     0     0     0     0     0     0     0     0     0     0     2    11    99   580  3144 13361 10777 11755 13668  8213  8129 14824
ch    4:      0     0     0     0     0     0     0     0     0     0     0     0     0     0     0     0     0     0     0     0     1    10    66   576  2821 12521 10060  6771  9349 10213 12454 11021
ch    5:      0     0     0     0     0     0     0     0     0     0     0     0     0     0     0     0     0     0     0     0     2     9    67   732  3983 14299 10165 14153  5415 11335 13685 12175
ch    6:      0     0     0     0     0     0     0     0     0     0     0     0     0     0     0     0     0     0     0     0     0    10    86   706  4253 12322 10016  6167  6173  9940 15084 15769
ch    7:      0     0     0     0     0     0     0     0     0     0     0     0     0     0     0     0     0     0     0     0     1    11   156  1066  5186  7099 13236  6695 10252  8282  6649  9717
ch    8:      0     0     0     0     0     0     0     0     0     0     0     0     0     0     0     0     0     0     0     0     2    18   139  1074  5687 13116  9813  9009 10528 12622 12526  9831
ch    9:      0     0     0     0     0     0     0     0     0     0     0     0     0     0     0     0     0     0     0     0     0    17   138  1182  6244 10860  5028 10459 12195 11727 13049 15427
ch   10:      0     0     0     0     0     0     0     0     0     0     0     0     0     0     0     0     0     0     0     1     3    28   199  1183  9492 10981 14861 10294  8099  8294 12056 12624
ch   11:      0     0     0     0     0     0     0     0     0     0     0     0     0     0     0     0     0     0     0     0     0    15   165  1776  6943  7456  9264  9857  9714  4256  2614 11180
ch   12:      0     0     0     0     0     0     0     0     0     0     0     0     0     0     0     0     0     0     0     0     6    38   192  1139  8337 14783  8801 13215  5741 12175 12435 10655
ch   13:      0     0     0     0     0     0     0     0     0     0     0     0     0     0     0     0     0     0     0     1     4    26   284  1518 10883  4899 11674 14553 11181 10654  6638 18239
ch   14:      0     0     0     0     0     0     0     0     0     0     0     0     0     0     0     0     0     0     0     0     5    23   246  1809  9280  8899  8588 12321  7497  4849  8421 14119
ch   15:      0     0     0     0     0     0     0     0     0     0     0     0     0     0     0     0     0     0     0     0     5    34   256  1922 10314 13315 13667  9794  7097  7503  6649  1847
ch   16:      0     0     0     0     0     0     0     0     0     0     0     0     0     0     0     0     0     0     0     0     4    20   256  1584 12025 11494 12940 14082 12148 15845 10708 13436
ch   17:      0     0     0     0     0     0     0     0     0     0     0     0     0     0     0     0     0     0     0     0     8    52   422  2278 13111 12389 11357  7506 12662 10175  6609  7940
ch   18:      0     0     0     0     0     0     0     0     0     0     0     0     0     0     0     0     0     0     0     0     1    40   251  2442 12127 15446  9681 12884 10835  6914  7837 16657
ch   19:      0     0     0     0     0     0     0     0     0     0     0     0     0     0     0     0     0     0     0     0     8    57   397  3085 15651  2771 10723  8420 10868 14807 11842 16259
ch   20:      0     0     0     0     0     0     0     0     0     0     0     0     0     0     0     0     0     0     0     0     3    49   356  2123 12241 12497  6441 12944 13893  9269 13558  8721
ch   21:      0     0     0     0     0     0     0     0     0     0     0     0     0     0     0     0     0     0     0     1     6    63   467  2692 15072  6112 10365  7436  9156 13298  9107  4106
ch   22:      0     0     0     0     0     0     0     0     0     0     0     0     0     0     0     0     0     0     0     0     4    81   418  2857 15743  4271 11898  7722 10596  5739  9706 18326
ch   23:      0     0     0     0     0     0     0     0     0     0     0     0     0     0     0     0     0     0     0     0     6    98   764  3587 18491 14464  6126 11041  8393 13598 11932  6201
ch   24:      0     0     0     0     0     0     0     0     0     0     0     0     0     0     0     0     0     0     0     0    10    62   562  3605 17314 18026 10929  7098 11967  6153 12182  7584
ch   25:      0     0     0     0     0     0     0     0     0     0     0     0     0     0     0     0     0     0     0     0    13    98   680  3841  1346  9950  9640 13365 10495  6935  7481 13121
ch   26:      0     0     0     0     0     0     0     0     0     0     0     0     0     0     0     0     0     0     0     4     9    86   698  3906  2238 11842  3493  9118 14097  8076  7341  7289
ch   27:      0     0     0     0     0     0     0     0     0     0     0     0     0     0     0     0     0     0     1     3    19   190  1364  8310  8346  8209  9515  9689 10010 13518  6857  9907
ch   28:      0     0     0     0     0     0     0     0     0     0     0     0     0     0     0     0     0     0     0     0     0     0     0     0     0     0     0     0     0    14 14865     0
ch   29:      0     0     0     0     0     0     0     0     0     0     0     0     0     0     0     0     0     0     0     4    20   237  1040  8676 17024 10230  8089  9634  9860  4039  7409  8135
ch   30:      0     0     0     0     0     0     0     0     0     0     0     0     0     0     0     0     0     0     0     1    15   115  1024  5285  8760 12134  5226 12967  8838 11136 10774 10040
ch   31:      0     0     0     0     0     0     0     0     0     0     0     0     0     0     0     0     0     0     0     1    18   163  1018  6041 12205  9010 13441  9042 12082  6930 10316 10387
ch   32:      0     0     0     0     0     0     0     0     0     0     0     0     0     0     0     0     0     0     0     0     8    95   883  4543  6588 14277  7294  4652 11286 13215  9765  7297
ch   33:      0     0     0     0     0     0     0     0     0     0     0     0     0     0     0     0     0     0     0     1     8    96   870  5235 13749 10941 12825 11636 12911  9138  5515 15462
ch   34:      0     0     0     0     0     0     0     0     0     0     0     0     0     0     0     0     0     0     0     0    13   129   832  5269  4788 10647  7930  6341 10389 13484  7714  7982
ch   35:      0     0     0     0     0     0     0     0     0     0     0     0     0     0     0     0     0     0     0     1    12   150  1338  7444 12518  8054  3384 14593  9583 10344 10243  6462
ch   36:      0     0     0     0     0     0     0     0     0     0     0     0     0     0     0     0     0     0     0     1    13   105   977  7810  7100 11087  7581  6575 11264  8946 10449 13381
ch   37:      0     0     0     0     0     0     0     0     0     0     0     0     0     0     0     0     0     0     0     2    12    81   652  6629 12429 14942  7732 11142 13775 11670 15031  4569
ch   38:      0     0     0     0     0     0     0     0     0     0     0     0     0     0     0     0     0     0     0     2    16    83   938  5603  8454  8235  3238  4916  8239  5731  8084  3617
ch   39:      0     0     0     0     0     0     0     0     0     0     0     0     0     0     0     0     0     0     0     3    14   145  1154  6438 18720 11373 14072  7006  6545  7007 12133 15605
ch   40:      0     0     0     0     0     0     0     0     0     0     0     0     0     0     0     0     0     0     0     2    18   110   725  7934 16524  6514  5390 11411  9968  7097  8299  6400
ch   41:      0     0     0     0     0     0     0     0     0     0     0     0     0     0     0     0     0     0     0     2    18   124   813  7530 17190  7237 11647 10116 11137  8478  8204 16249
ch   42:      0     0     0     0     0     0     0     0     0     0     0     0     0     0     0     0     0     0     0     1    13   130  1071  5832 16162  5704  9924 13077  6802  7068  8826 13646
ch   43:      0     0     0     0     0     0     0     0     0     0     0     0     0     0     0     0     0     0     1     1    12   192  1109  9216 19055  9959 12756  6328  8839 10959 10617 11084
ch   44:      0     0     0     0     0     0     0     0     0     0     0     0     0     0     0     0     0     0     0     0     9    92   762  5813  4364  8036  9726 11951  9825  8976 15766  4811
ch   45:      0     0     0     0     0     0     0     0     0     0     0     0     0     0     0     0     0     0     0     2     8   171  1178  8243  8447  6381 10955 11035  7495  9963  5653 16648
ch   46:      0     0     0     0     0     0     0     0     0     0     0     0     0     0     0     0     0     0     0     0     8    94   730  6837 19271  8457 12672  9741  8567 10699 10928 13118
ch   47:      0     0     0     0     0     0     0     0     0     0     0     0     0     0     0     0     0     0     0     1    23   144  1874  8959 16742 12583 15730  6491 10200 10903 10398 13318
ch   48:      0     0     0     0     0     0     0     0     0     0     0     0     0     0     0     0     0     0     0     2    13   175   975  8749 15503 11402 12994  8763  8641 17097  8132  5658
ch   49:      0     0     0     0     0     0     0     0     0     0     0     0     0     0     0     0     0     0     0     1    25   221  1602  8856  6142  8873 12055 11429 12593 10751 11697 11660
ch   50:      0     0     0     0     0     0     0     0     0     0     0     0     0     0     0     0     0     0     0     0    15   131  1274  6236 12762  6971  7185 12764 12847 12767 11765 17868
ch   51:      0     0     0     0     0     0     0     0     0     0     0     0     0     0     0     0     0     0     0     2    26   282  1517 14785 10597 12975 13334 14130  7833 13044 10290 13607
ch   52:      0     0     0     0     0     0     0     0     0     0     0     0     0     0     0     0     0     0     0     1    17   133  1305  7704  7744  6248 13411  8774 14890 15511 12353 16939
ch   53:      0     0     0     0     0     0     0     0     0     0     0     0     0     0     0     0     0     0     0     0    21   175  1711  8603 13813 10503 10241 12843 13767  8517  7922  7410
ch   54:      0     0     0     0     0     0     0     0     0     0     0     0     0     0     0     0     0     0     1     2    17   187  1266  8351 15284 12721  8686  9522  9884 11022 14064 15875
ch   55:      0     0     0     0     0     0     0     0     0     0     0     0     0     0     0     0     0     0     0     4    23   243  1250 10840 15931  9504 11682 13598 10526 10722  6736 15999
ch   56:      0     0     0     0     0     0     0     0     0     0     0     0     0     0     0     0     0     0     0     3    24   205  1546  9008  9861  8357  9793  9278 11868 10787  9397  4357
ch   57:      0     0     0     0     0     0     0     0     0     0     0     0     0     0     0     0     0     0     0     1    32   189  1327 12522 10925  9510 11319 10438  3058  7571  8978 11040
ch   58:      0     0     0     0     0     0     0     0     0     0     0     0     0     0     0     0     0     0     0     1    17   200  1218  8308 18314 12496 11571  9942  9356  8837  9393  8549
ch   59:      0     0     0     0     0     0     0     0     0     0     0     0     0     0     0     0     0     0     0     2    28   220  2326 10511 16593 11494 10441 12142  6932  9990 12983  8660
ch   60:      0     0     0     0     0     0     0     0     0     0     0     0     0     0     0     0     0     0     0     3    24   217  1691  9912  4570 14087  9693 12164 10582 12556 13789 13924
ch   61:      0     0     0     0     0     0     0     0     0     0     0     0     0     0     0     0     0     0     0     0    18   234  1598 11585  6400  7815 13081 14174 13511  5367  9093  7888
ch   62:      0     0     0     0     0     0     0     0     0     0     0     0     0     0     0     0     0     0     0     4    20   333  1925 11930  6843 11908 11228 12022 11618  9093 11918  9069
ch   63:      0     0     0     0     0     0     0     0     0     0     0     0     0     0     0     0     0     0     0     4    30   339  1838 15518 11535 15579  9864  9359  8650 12783 12412  9110
ch   64:      0     0     0     0     0     0     0     0     0     0     0     0     0     0     0     0     0     0     1     4    26   297  1874 11934  8400  8171 10173 11216  6578 10423  9697 13083
ch   65:      0     0     0     0     0     0     0     0     0     0     0     0     0     0     0     0     0     0     0     0    32   291  2143 18098  5361  8454 17163 11104 10057 14910  6713 11253
ch   66:      0     0     0     0     0     0     0     0     0     0     0     0     0     0     0     0     0     0     0     3    36   228  1834 10775  9529  9283  9818 10202 11590  9331  7873 10618
ch   67:      0     0     0     0     0     0     0     0     0     0     0     0     0     0     0     0     0     0     0     2    23   239  2365 15536 10288  6954 10496  8443  6335  6791  7714  7714
ch   68:      0     0     0     0     0     0     0     0     0     0     0     0     0     0     0     0     0     0     0     1    24   267  1982 12808  4947 11863  6454 12038 11642  9592 14433 15257
ch   69:      0     0     0     0     0     0     0     0     0     0     0     0     0     0     0     0     0     0     0     2    36   338  2109 14938  8526 12794  8251  7461 10312  7432 11768 11228
ch   70:      0     0     0     0     0     0     0     0     0     0     0     0     0     0     0     0     0     0     0     5    31   246  2208 12130  2325 12692  6129  9436  8407  6792 14831 14937
ch   71:      0     0     0     0     0     0     0     0     0     0     0     0     0     0     0     0     0     0     0     1    48   384  2145 14024  1708 11059  8328 10644  2562 15909 13146  8857
ch   72:      0     0     0     0     0     0     0     0     0     0     0     0     0     0     0     0     0     0     0     0    30   286  1908 14870 11500 10665 13507 10692 14661  3062 12799 14839
ch   73:      0     0     0     0     0     0     0     0     0     0     0     0     0     0     0     0     0     0     0     2    17   252  2230 13332  7845 10183 13083 11473 10867 13042  8534  6139
ch   74:      0     0     0     0     0     0     0     0     0     0     0     0     0     0     0     0     0     0     0     5    26   283  2388 12982  9602  8848  8991  6741  5555 12696 12334 11957
ch   75:      0     0     0     0     0     0     0     0     0     0     0     0     0     0     0     0     0     0     1     5    45   312  2439 15220  7028 13903  8685  9985 12649 10174  8520 11293
ch   76:      0     0     0     0     0     0     0     0     0     0     0     0     0     0     0     0     0     0     0     4    33   219  1903 13137  4014  9047 11955  6046  8090  7656 13129 11669
ch   77:      0     0     0     0     0     0     0     0     0     0     0     0     0     0     0     0     0     0     0     7    37   312  2207 15733 11381 10059 10966 14268 11470 12874 10561  7635
ch   78:      0     0     0     0     0     0     0     0     0     0     0     0     0     0     0     0     0     0     0     2    23   190  2136 11043  2388 11235  9065  6107 12766 12113  7735  4371
ch   79:      0     0     0     0     0     0     0     0     0     0     0     0     0     0     0     0     0     0     0     6    53   519  1979 15649 15946  9479  9538  6045 11478  8312 10493  9613
ch   80:      0     0     0     0     0     0     0     0     0     0     0     0     0     0     0     0     0     0     0     6    50   328  2430 14619 15995 10293  6813 10465 13502 10780  8014 11998
ch   81:      0     0     0     0     0     0     0     0     0     0     0     0     0     0     0     0     0     0     0     2    47   426  2330   816  5821  8469 12740  9091  8825  9258 10731  8540
ch   82:      0     0     0     0     0     0     0     0     0     0     0     0     0     0     0     0     0     0     0     3    40   237  1875 10546 17974  8755 12496 12237  8193  9196 10236  6899
ch   83:      0     0     0     0     0     0     0     0     0     0     0     0     0     0     0     0     0     0     1     2    29   266  2620 15339 13571  7018 12417 12371 13723 12202  7471 10926
ch   84:      0     0     0     0     0     0     0     0     0     0     0     0     0     0     0     0     0     0     1     6    46   365  3584 15658  1674  6425 12102  7042 14328 10279 14209 10529
ch   85:      0     0     0     0     0     0     0     0     0     0     0     0     0     0     0     0     0     0     0     4    59   358  2243 16687 10881  9350 12844 12100  8284  6762  9297  9080
ch   86:      0     0     0     0     0     0     0     0     0     0     0     0     0     0     0     0     0     0     0     2    42   417  2038 18427  5262  7397 13259 10026  9186 15804 10135  8938
ch   87:      0     0     0     0     0     0     0     0     0     0     0     0     0     0     0     0     0     0     0     3    49   412  2686 16478 17586  8219 15099 15989 10265 12064 10233 11369
ch   88:      0     0     0     0     0     0     0     0     0     0     0     0     0     0     0     0     0     0     1     2    67   420  3361 15935 18782 11135 10059  9744 11905  7103 11179  4937
ch   89:      0     0     0     0     0     0     0     0     0     0     0     0     0     0     0     0     0     0     0     1    46   380  2178 18379  4911 12154 12882 11548 10149 10551  6269 12143
ch   90:      0     0     0     0     0     0     0     0     0     0     0     0     0     0     0     0     0     0     0     3    53   461  2663 18490 11796 12876 11402  7899 12405  9340  6636 12650
ch   91:      0     0     0     0     0     0     0     0     0     0     0     0     0     0     0     0     0     0     0     2    42   298  3399 15860 15026 10161 11857 11638  9063 14090 15271 10417
ch   92:      0     0     0     0     0     0     0     0     0     0     0     0     0     0     0     0     0     0     0     5    69   363  2791 19158  8941  8616  8221 11874 11612  7473  5744  4541
ch   93:      0     0     0     0     0     0     0     0     0     0     0     0     0     0     0     0     0     0     0     5    68   501  3352 17914  5511  9597  8621  8841  6608  7879 11977 12205
ch   94:      0     0     0     0     0     0     0     0     0     0     0     0     0     0     0     0     0     0     0     2    46   426  2635  1693  4099 10986 10298 15913 13652 14564 13974  8182
ch   95:      0     0     0     0     0     0     0     0     0     0     0     0     0     0     0     0     0     0     0     3    73   498  3560  1715  7973  7035  8841  9849  9792 13864  8212  9300
ch   96:      0     0     0     0     0     0     0     0     0     0     0     0     0     0     0     0     0     0     0     4    40   385  4211 19490 18754  9241  7266  8251 15167  9341 14416 14243
ch   97:      0     0     0     0     0     0     0     0     0     0     0     0     0     0     0     0     0     0     1     3    34   504  3670  2447 11396 11701  8795  9376 10170  9175  7723  8799
ch   98:      0     0     0     0     0     0     0     0     0     0     0     0     0     0     0     0     0     1     1     6    32   405  2320 17666 11639  4759  8477  5627  9956  9800 10745 13514
ch   99:      0     0     0     0     0     0     0     0     0     0     0     0     0     0     0     0     0     0     1     4    42   374  3619 19924 14453 15739 17230 12314  8946  9740 12534  7924
ch  100:      0     0     0     0     0     0     0     0     0     0     0     0     0     0     0     0     0     0     1     4    57   390  2893 17005 17531  6249  7382  9446  9565  8788  7773 10489
ch  101:      0     0     0     0     0     0     0     0     0     0     0     0     0     0     0     0     0     1     1     7    51   400  3124  6289  2230  8584 16868 13717  6557  9173  3793  8188
ch  102:      0     0     0     0     0     0     0     0     0     0     0     0     0     0     0     0     0     0     0     0    36   451  4172 17920  9150  8293  7350  9184  8866  9678  8539  8259
ch  103:      0     0     0     0     0     0     0     0     0     0     0     0     0     0     0     0     0     0     2     4    73   543  4187  3874 12544  9425 11155 14635  6218 10119 15373 12384
ch  104:      0     0     0     0     0     0     0     0     0     0     0     0     0     0     0     0     0     0     0     1    39   526  3248  4686  7989 10735 13534 15803 12950  9395  8070  6232
ch  105:      0     0     0     0     0     0     0     0     0     0     0     0     0     0     0     0     0     0     2     9    84   509  3855   804  9087 11415 14551 12825 10592  6517 13545 13017
ch  106:      0     0     0     0     0     0     0     0     0     0     0     0     0     0     0     0     0     0     1     7    29   313  2717 18544  2192  9963  7853  9852  9032  5846 12039  5067
ch  107:      0     0     0     0     0     0     0     0     0     0     0     0     0     0     0     0     0     0     1     5    74   492  3769  5057  5148 10088 10144  3921 11435  9950 12160  6335
ch  108:      0     0     0     0     0     0     0     0     0     0     0     0     0     0     0     0     0     0     1     6    49   565  3812  4663 16893  8522 13133 11457  8439  6886 12523 10865
ch  109:      0     0     0     0     0     0     0     0     0     0     0     0     0     0     0     0     0     0     0     5    58   517  2487  4495 15269  7669  8212 11524 13792  9638 11180 13826
ch  110:      0     0     0     0     0     0     0     0     0     0     0     0     0     0     0     0     0     0     0     5    44   420  4035  2562  9379 14340 10753  8767  6955  8552  9991  9111
ch  111:      0     0     0     0     0     0     0     0     0     0     0     0     0     0     0     0     0     0     0     4    49   629  3100  1671  4357  8656 10708  7757  9497 11763  3218  8243
ch  112:      0     0     0     0     0     0     0     0     0     0     0     0     0     0     0     0     0     0     0     5    41   362  2576 17115 14739  6811  8554 10881 10683  8047  5842  4879
ch  113:      0     0     0     0     0     0     0     0     0     0     0     0     0     0     0     0     0     0     1     4    47   407  3523 19327 15471 10422  9655 10541 13441  9027  9713 12051
ch  114:      0     0     0     0     0     0     0     0     0     0     0     0     0     0     0     0     0     0     0     6    54   322  3237 17487 11503  9125 11819 12315 11793  6196  8678 17151
ch  115:      0     0     0     0     0     0     0     0     0     0     0     0     0     0     0     0     0     0     0     9    51   586  4946  4126  9554 12765  7084  9803  7756 13680 15716 11976
ch  116:      0     0     0     0     0     0     0     0     0     0     0     0     0     0     0     0     0     0     0     7    56   520  3968  4945 17239  7592 11290  6282 10235 12348  6560  8318
ch  117:      0     0     0     0     0     0     0     0     0     0     0     0     0     0     0     0     0     0     0     3    45   478  3200  3819 11486  8481 15404 12338 14146  8798 13001 14829
ch  118:      0     0     0     0     0     0     0     0     0     0     0     0     0     0     0     0     0     0     1     3    41   416  3983  8427  9099 10651  9278  5037 14554  7022 11383 12205
ch  119:      0     0     0     0     0     0     0     0     0     0     0     0     0     0     0     0     0     0     0     5    66   592  5037  5057 12477 14603  5328  9064 14535  7569 10261 12614
ch  120:      0     0     0     0     0     0     0     0     0     0     0     0     0     0     0     0     0     0     1     6    55   344  4139  4662 15819  8806  8831 10333  9724  6704  8764  6521
ch  121:      0     0     0     0     0     0     0     0     0     0     0     0     0     0     0     0     0     0     0     4    59   671  3856  5404 10276 14883 13282 12168 10637  4845 13510 10476
ch  122:      0     0     0     0     0     0     0     0     0     0     0     0     0     0     0     0     0     0     1     5    31   293  2812 16882 13461 13752 11322  9214  8945 13259 15689 11916
ch  123:      0     0     0     0     0     0     0     0     0     0     0     0     0     0     0     0     0     0     1     4    66   464  4864 19532  8065  9870  9101  7120 10525  5544 10336  2783
ch  124:      0     0     0     0     0     0     0     0     0     0     0     0     0     0     0     0     0     0     0     7    72   774  5482  9435  6518 10226  8850  7340  7505 11641 10344 10715
ch  125:      0     0     0     0     0     0     0     0     0     0     0     0     0     0     0     0     0     0     0     3    86   570  4037 12286  7561  9395  7818  7725 14559 13250 13220 11999
ch  126:      0     0     0     0     0     0     0     0     0     0     0     0     0     0     0     0     0     0     0     1    51   651  3948  5986  4999 10225 11733  9086 12210  9206  8780  9088
ch  127:      0     0     0     0     0     0     0     0     0     0     0     0     0     0     0     0     0     2     2    14   117   848  5786 19578 18304  5857 11431  9266 13637 10908 10470 16092
