# ID XA-000-08-002-000-005-164-01
# Tag _trim_
# Date 240717_16:17:59
# Vref_p 57
# Vref_n 24
# Thr2_glb 55
# Vref_t 118
# Vref_t_range 1
# Pol 0
# ADC range 30-247
# FAST disc 30
ch:   0  111  117  125  122  103  120  121  114  115  109  121  112  113   -1  120  122  118  122  120  118  110  130  105  108  118  122  110  127  124  122  121    5
ch:   1  123  123  125  120  119  133  126  126  127  122  134  118  121  125  120  124  129  125  117  120  121  133  123  133  137  136  133  136  138  139  143   56
ch:   2  119  119  121  134  108  115  116  117  119  115  115  119  119  117  108  117  120  116  115  124  109  122  123  119  124  123  130  133  116  131  119   12
ch:   3  130  117  117  115  119  120  131  123  124  132  126  121  115  135  132  122  130  132  131  136  123  120  130  135  134  122  125  146  138  133  138   56
ch:   4  114  123  118  124  121  116  122  119  122  122  122  117  106  116  118  120  115  119  119  109  117  120  124  118  121  125  120  120  124  132  124   39
ch:   5  132  119  131  116  125  125  115  121  122  110  123  123  134  132  131  116  124  125  113  120  125  115  124  126  132  140  134  137  136  124  136   56
ch:   6  123  108  127  111  120  113  114  120  120  120  119  124  115  117  119  110  118  119  119  103  114  117  125  117  119  123  119  118  119  131  125   56
ch:   7  117  122  120  132  122  119  125  133  125  114  121  137  118  123  126  122  120  123  131  125  124  124  125  138  133  122  124  122  122  132  148   56
ch:   8  115  107  116  124  126  123  119  132  118  119  124  118  121  119  117  115  116  124  118  120  109  116  118  121  113  120  121  122  125  126  125   56
ch:   9  123  126  119  122  123  126  120  121  132  120  121  131  133  132  120  123  121  121  131  122  123  122  119  130  124  132  133  136  120  124  124   56
ch:  10  132  122  117  126  125  115  110  122  117  119  119  116  123  124  113  125  122  114  116  120  117  132  120  115  121  125  118  133  122  122  125   56
ch:  11  119  119  118  123  121  106  127  116  117  130  133  125  119  118  123  123  124  119  114  122  125  119  118  120  126  122  132  125  134  133  132   56
ch:  12  121  115  133  117  117  134  116  119  115  117  119  126  131  117  120  111  121  119  118  108  110  124  120  120  121  114  114  108  126  126  132   52
ch:  13  131  131  133  121  125  124  123  124  131  117  118  107  120  127  119  110  132  127  116  118  119  122  127  124  124  119  117  133  127  120  136   56
ch:  14  115  109  120  105  123  110  123  125  118  116  117  111  116  119  117  125  132  125  121  134  131  130  125  120  117  122  118  135  122  133  137   39
ch:  15  122  123  115  116  118  119  119  120  122  117  118  126  133  139  135  135  124  117  136  139  126  120  131  121  139  125  140  134  132  134  127   56
ch:  16  107  116  131  120  124  122  126  115  122  122  110  118  115  121  115  107  125  122  116  114  121  114  111  115  106  116  126  124  131  133  133   40
ch:  17  138  139  117  124  126  119  115  127  116  111  125  133  127  121  126  122  124  132  137  136  130  134  123  136  135  124  146  124  122  126  139   56
ch:  18  126  118  127  127  121  126  123  120  116  120  129  117  122  115  124  123  120  123  126  118  117  109  122  113  119  126  134  118  125  124  141   53
ch:  19  121  122  122  116  133  107  119  114  120  121  120  120  123  120  120  115  118  111  122  127  136  115  123  118  137  126  126  119  126  136  133   56
ch:  20  121  120  110  115  122  122  121  111  122  125  126  122  117  120  116  123  126  120  114  122  111  111  126  117  132  122  123  124  124  127  122   39
ch:  21  114  120  120  125  133  124  119  135  110  117  130  131  130  118  123  122  125  133  125  122  134  116  125  125  139  132  134  137  139  142  137   56
ch:  22  122  121  120  124  133  121  123  115  117  126  116  125  119  124  121  108  122  136  115  120  118  115  125  120  118  123  131  125  124  122  135   48
ch:  23  133  118  133  121  124  121  133  116  132  125  121  121  136  133  121  133  119  137  125  125  127  126  119  124  139  123  132  137  135  140  132   56
ch:  24  111  127  106  115  123  121  116  120  126  119  125  124  132  124  120  121  119  123  115  119  119  125  120  126  119  132  120  124  123  125  126   56
ch:  25  132  120  121  125  119  122  118  123  119  131  135  122  120  124  126  130  139  116  134  119  136  130  120  130  121  127  133  135  138  136  132   56
ch:  26  117  124  127  122  120  111  117  120  118  121  118  121  122  118  120  115  116  130  121  117  119  134  123  126  111  132  139  120  138  116  137   48
ch:  27  134  119  126  121  122  138  115  124  123  125  124  120  137  124  119  123  115  121  131  118  133  135  121  133  123  125  132  126  136  124  133   56
ch:  28  121  106  115  120  131  118  124  119  122  110  122  131  134  132  131  115  125  120  122  132  132  124  126  121  125  133  126  136  135  135  135   54
ch:  29  117  123  121  124  122  133  133  122  138  119  135  136  137  124  132  135  123  119  123  132  124  136  120  131  135  138  137  135  145  124  137   56
ch:  30  122  125  134  116  120  122  121  121  120  122  118  117  125  119  116  122  125  136  119  131  124  126  124  127  136  124  128  131  132  125  132   48
ch:  31  119  116  138  121  117  108  140  120  122  150  139  132  137  137  134  136  134  133  131  132  133  134  125  134  125  140  135  133  134  141  134   56
ch:  32  123  111  133  119  116  125  122  126  125  132  111  122  126  119  118  118  123  115  113  105  119  132  134  121  117  125  123  116  125  121  130   56
ch:  33  120  118  123  121  115  118  122  133  139  126  117  134  139  132  138  119  135  121  122  133  131  123  134  142  132  136  119  138  139  136  139   56
ch:  34  119  118  135  126  132  124  121  118  129  126  123  114  121  117  124  110  124  124  123  126  111  122  119  120  116  125  139  119  124  126  123   39
ch:  35  120  123  132  132  122  120  125  135  141  123  130  134  134  126  123  132  135  137  136  130  137  140  138  132  126  140  135  136  132  132  143   56
ch:  36  119  119  114  117  114  122  121  110  132  123  122  134  117  133  117  110  118  105  119  108  115  120  116  123  109  119  124  122  123  134  133   44
ch:  37  125  115  134  124  125  118  123  125  119  136  126  135  127  143  140  139  141  133  132  124  138  123  133  131  148  142  137  139  146  150  154   56
ch:  38  117  122  135  117  116  131  145  121  124  116  119  125  134  116  126  119  125  118  125  109  126  133  134  120  126  132  132  131  141  137  142   53
ch:  39  121  118  122  127  132  131  121  134  123  123  119  125  130  121  119  133  132  135  136  122  136  132  137  145  132  135  126  141  151  135  147   56
ch:  40  116  117  117  123  135  115  121  114  119  124  120  117  120  114  120  123  134  109  118  117  123  122  109  118  135  121  124  135  121  134  123   53
ch:  41  118  125  124  124  123  121  120  125  121  138  134  122  138  125  123  126  136  131  132  132  134  123  121  136  137  148  140  136  133  151  140   56
ch:  42  119  123  115  122  125  118  122  120  131  125  117  123  121  122  120  122  132  119  123  120  122  134  131  122  122  125  131  123  137  140  138   48
ch:  43  134  132  122  124  123  117  116  133  119  132  134  123  136  124  123  141  126  124  123  138  133  126  135  139  140  132  146  133  134  133  152   56
ch:  44  125  117  118  122  124  125  123  120  125  132  118  131  124  122  122  118  123  124  122  134  118  137  123  122  132  125  124  139  137  137  149   44
ch:  45  132  134  135  137  121  132  131  121  122  126  135  129  126  120  134  137  124  141  126  133  123  133  139  137  136  139  147  122  148  155  149   56
ch:  46  120  117  117  122  116  117  119  124  121  118  120  119  125  120  119  124  125  117  122  121  127  115  135  124  124  118  132  137  123  138  139   39
ch:  47  124  124  119  134  138  133  133  131  136  137  134  134  126  134  133  137  134  136  126  145  131  141  137  127  131  138  141  143  139  136  148   56
ch:  48  122  116  120  122  116  120  132  120  120  114  126  120  126  111  123  116  132  119  130  119  124  114  139  132  121  120  125  132  122  138  123   33
ch:  49  120  118  134  137  125  129  117  134  120  123  126  134  137  131  126  127  124  135  136  132  124  125  134  146  148  130  139  134  124  139  155   56
ch:  50  118  120  122  119  132  125  124  122  131  120  130  123  121  131  115  122  116  124  125  136  123  121  126  119  141  124  130  132  110  123  135   41
ch:  51  127  135  121  124  124  118  123  139  138  125  123  122  122  132  126  133  132  133  139  132  119  137  123  146  125  133  136  133  132  136  136   56
ch:  52  117  132  127  121  136  122  123  116  133  125  126  120  114  120  116  125  120  119  118  126  123  116  120  125  133  124  124  122  124  126  134   46
ch:  53  120  124  120  125  127  134  120  126  132  134  139  125  135  125  121  133  136  137  139  136  125  132  126  135  135  141  134  125  142  139  149   56
ch:  54  120  125  127  125  120  124  121  122  125  124  108  116  114  122  122  121  131  126  122  117  120  121  123  117  134  131  128  134  137  136  138   38
ch:  55  126  122  126  121  119  134  132  121  124  127  125  121  131  133  121  134  136  116  132  132  135  132  136  122  134  142  142  133  143  135  142   56
ch:  56  116  115  133  121  118  117  116  125  132  124  121  116  118  119  127  118  125  123  123  132  126  110  114  140  123  134  121  136  135  135  111   26
ch:  57  118  116  124  118  127  123  136  130  115  117  131  121  123  131  126  134  132  136  119  124  136  135  133  141  115  136  137  132  137  137  140   56
ch:  58  122  122  132  135  127  124  120  133  119  116  115  120  139  116  126  119  133  122  110  130  133  119  132  119  122  131  123  135  139  125  134   39
ch:  59  117  124  135  122  132  123  108  122  134  111  134  133  118  121  122  135  123  114  126  125  125  115  136  127  135  124  125  134  134  132  136   56
ch:  60  118  119  133  109  121  121  116  128  121  118  120  126  125  133  117  122  121  130  122  137  120  132  131  119  124  125  125  119  137  134  134   32
ch:  61  123  125  124  131  118  124  121  134  134  126  115  133  129  142  133  125  122  133  132  134  131  131  126  135  115  121  132  138  134  135  138   56
ch:  62  126  115  115  111  123  132  123  124  125  133  124  127  119  124  138  124  110  118  119  133  117  121  121  125  118  121  133  120  133  120  134   33
ch:  63  133  125  121  123  137  122  126  124  122  132  126  125  121  123  126  126  122  123  134  117  134  135  133  127  134  137  137  134  147  146  133   56
ch:  64  123  119  126  116  120  117  122  118  115  122  126  117  136  134  137  123  134  130  134  124  123  132  135  134  137  126  126  127  120  138  132   43
ch:  65  122  117  140  122  132  121  122  124  133  139  133  133  124  130  137  139  137  126  137  138  140  124  126  136  135  139  146  145  137  135  133   56
ch:  66  109  135  110  123  119  124  121  120  132  123  119  124  113  135  135  116  134  123  136  123  107  120  121  117  122  122  133  122  134  135  121   25
ch:  67  119  124  122  124  115  123  131  118  110  133  124  132  126  118  119  126  123  133  125  122  126  135  116  119  124  137  136  136  134  124  134   56
ch:  68  116  136  130  133  121  124  119  122  124  121  123  124  133  115  125  126  122  123  124  121  115  126  116  135  133  136  122  135  132  137  131   28
ch:  69  122  121  123  126  117  120  130  125  125  124  118  122  121  131  134  121  125  122  126  139  133  122  126  133  122  123  138  132  136  143  133   56
ch:  70  121  117  110  122  132  119  117  118  123  123  123  126  121  126  125  123  132  137  130  122  124  119  134  135  122  125  129  134  135  135  134   35
ch:  71  122  125  116  134  117  118  124  118  126  122  132  122  134  122  125  124  133  126  125  123  120  131  132  141  140  124  145  140  135  139  140   56
ch:  72  135  134  120  123  120  120  124  134  117  125  136  121  132  118  115  132  123  121  125  123  110  126  122  126  116  132  138  132  138  139  132   35
ch:  73  121  117  119  136  120  121  131  120  133  133  125  142  136  131  138  121  135  141  125  120  117  136  127  131  137  138  141  138  137  132  145   56
ch:  74  121  123  132  123  122  119  136  118  120  132  125  125  119  134  118  136  139  124  122  134  124  124  118  138  123  135  132  124  132  130  134   32
ch:  75  131  134  122  126  120  124  126  130  124  133  125  138  139  119  125  123  123  126  134  137  131  123  123  140  136  133  139  132  126  141  134   56
ch:  76  123  118  124  133  133  133  116  124  120  134  119  117  124  121  117  123  120  132  133  116  122  134  117  119  125  123  126  131  126  135  132   39
ch:  77  115  123  138  126  130  127  131  132  140  136  132  133  124  126  121  124  135  132  132  132  124  136  124  132  135  132  143  141  139  136  147   56
ch:  78  121  123  126  119  126  119  133  132  117  119  126  132  126  122  126  120  133  122  120  118  122  134  118  123  130  126  119  134  124  132  124   41
ch:  79  124  131  124  120  121  127  135  120  122  132  133  119  120  146  117  123  146  136  134  137  131  115  125  127  124  126  135  137  126  141  137   56
ch:  80  115  122  124  119  120  131  122  114  124  126  137  125  134  120  119  118  120  132  118  121  135  123  109  121  124  139  133  120  131  134  135   27
ch:  81  124  132  131  116  122  135  121  134  122  132  125  121  134  124  117  125  135  122  118  134  139  134  125  137  120  137  125  126  137  126  131   56
ch:  82  117  125  122  118  124  121  121  116  119  123  120  115  117  120  125  120  124  117  124  126  123  118  125  132  122  134  136  127  135  133  137   29
ch:  83  132  135  134  134  123  133  124  123  135  124  122  134  125  132  134  135  126  117  123  125  123  124  138  136  133  141  147  139  127  145  148   56
ch:  84  134  132  132  132  122  121  125  119  119  120  122  114  132  121  120  131  124  119  117  134  118  115  111  123  123  134  132  124  125  135  125   34
ch:  85  133  131  116  116  126  121  121  135  123  121  133  123  123  117  124  120  133  121  133  121  125  133  125  132  125  142  123  141  139  138  140   56
ch:  86  122  137  120  118  133  114  123  123  116  125  124  116  119  135  121  124  133  125  136  123  123  120  115  117  123  133  134  118  123  132  133   28
ch:  87  139  116  120  129  110  136  134  131  121  134  125  131  125  121  121  126  130  136  139  124  125  133  131  134  134  133  131  135  131  134  136   56
ch:  88  125  133  132  121  134  123  122  114  122  116  125  112  124  117  122  115  130  133  139  122  134  133  114  118  124  124  125  141  126  120  137   29
ch:  89  134  119  133  116  123  131  139  134  136  133  132  109  125  122  131  133  120  134  122  126  127  126  123  136  133  133  122  136  141  132  139   56
ch:  90  123  133  120  125  126  126  122  136  122  124  117  130  121  134  126  123  130  121  124  124   -1  122  122  134  127  131  131  133  125  134  126   35
ch:  91  117  123  119  121  122  126  133  133  137  131  124  125  138  139  124  124  137  137  139  148  131  136  138  135  140  136  134  146  135  136  141   56
ch:  92  115  120  133  124  135  114  124  123  119  125  125  123  122  134  130  118  121  116  120  119  126  131  120  137  136  122  127  134  124  119  136   35
ch:  93  125  137  121  122  133  107  124  133  121  134  119  120  136  124  132  135  124  140  130  136  137  124  126  130  127  124  138  138  137  137  134   56
ch:  94  116  122  125  126  133  113  121  123  120  132  130  118  115  124  121  115  114  122  110  125  109  125  110  124  115  126  132  118  136  135  120   32
ch:  95  122  137  132  116  125  126  125  126  121  121  124  119  126  133  133  132  120  137  124  139  134  134  134  131  139  139  138  148  142  140  133   56
ch:  96  117  125  120  133  124  122  126  127  136  123  120  118  123  135  115  118  119  139  125  119  145  134  121  131  125  117  136  122  123  123  137   30
ch:  97  123  132  123  125  132  135  124  120  124  119  123  124  125  123  141  125  132  123  131  121  120  121  127  134  138  124  135  140  132  137  131   56
ch:  98  127  125  120  121  126  124  115  122  122  123  125  110  110  111  122  117  117  122  118  136  115  121  117  123  116  140  114  138  118  122  126   17
ch:  99  136  123  125  131  117  134  133  132  117  136  136  134  121  138  131  136  124  121  133  138  133  140  117  134  123  137  141  136  138  148  143   56
ch: 100  133  120  123  120  125  119  124  114  121  124  120  119  117  117  115  129  126  116  135  126  120  115  137  121  123  121  118  130  132  124  138   26
ch: 101  124  125  127  123  134  121  121  129  119  124  118  136  121  125  131  137  134  125  123  126  121  122  122  122  131  124  142  130  131  132  149   56
ch: 102  123  127  123  125  122  116  117  120  119  120  132  118  119  111  116  119  119  121  131  116  109  118  127  131  122  121  122  123  121  127  123   19
ch: 103  133  124  126  126  131  138  115  123  136  124  126  120  120  124  137  122  127  139  125  115  135  124  120  125  135  122  122  123  142  141  142   56
ch: 104  123  117  119  133  135  124  133  121  119  124  125  120  123  131  134  129  132  139  132  116  116  134  134  123  122  132  130  147  141  135  132   23
ch: 105  127  123  124  118  119  117  123  118  132  119  132  126  124  123  118  122  134  124  123  131  146  120  133  120  135  120  140  134  131  140  142   56
ch: 106  120  117  117  125  121  110  115  122  126  125  119  119  116  118  110  132  119  120  116  120  117  117  110  122  118  132  123  132  119  138  139   22
ch: 107  117  120  131  132  120  139  137  125  131  123  119  120  131  136  125  119  124  114  124  125  126  131  133  126  125  119  125  126  122  132  137   56
ch: 108  119  124  121  131  120  120  126  124  124  118  122  122  110  122  107  117  126  114  123  133  116  110  126  125  119  121  122  133  150  120  122   19
ch: 109  121  119  120  117  121  117  117  126  118  124  121  132  134  117  131  118  131  117  119  116  133  134  133  123  123  132  125  132  123  126  136   56
ch: 110  136  120  133  114  123  137  108  124  115  123  123  118  122  114  125  122  118  135  120  134  106  125  123  120  140  122  131  134  134  124  123   32
ch: 111  122  121  125  120  135  124  139  122  123  122  125  131  109  124  125  123  126  121  133  137  122  136  131  132  124  127  124  132  126  131  137   56
ch: 112  121  125  139  120  122  132  124  124  139  132  134  126  131  125  118  116  119  132  120  142  119  125  123  124  133  126  133  117  125  133  135   32
ch: 113  134  123  134  134  125  122  124  115  133  123  122  123  137  121  135  135  129  127  134  140  133  126  141  132  138  127  123  124  137  133  133   56
ch: 114  135  126  114  121  125  117  118  137  132  121  121  121  138  121  124  115  134  127  132  126  121  121  109  120  119  123  120  123  134  140  127   22
ch: 115  134  116  126  116  127  120  130  119  135  122  133  126  139  126  121  125  138  125  133  131  133  118  122  125  122  138  133  139  127  137  138   56
ch: 116  121  114  124  121  123  121  126  118  121  118  135  120  120  118  120  116  133  122  116  121  123  124  118   -1  133  125  117  132  132  125  126   33
ch: 117  122  118  133  117  124  120  114  122  136  132  114  125  121  135  125  122  121  116  110  135  122  131  136  123  122  124  124  134  121  143  134   56
ch: 118  123  133  116  121  134  122  118  117  119  133  119  122  123  117  126  115  135  123  121  108  131  121  117  116  125  116  122  123  119  132  132   38
ch: 119  125  125  123  131  122  131  130  124  118  118  123  122  141  118  131  135  131  134  117  119  122  140  126  123  127  133  133  123  125  140  140   56
ch: 120  121  110  131  133  114  114  121  132  116  114  136  118  125  120  118  117  119  124  124  124  119  125  121  121  136  122  121  124  126  124  133   30
ch: 121  125  125  120  134  122  134  134  136  140  133  124  131  124  119  119  122  139  117  120  130  133  135  136  132  130  126  125  119  132  125  132   56
ch: 122  109  115  135  121  131  118  133  124  116  126  117  124  121  123  117  125  120  124  123  117  122  120  120  132  124  133  114  122  124  139  124   20
ch: 123  122  134  124  133  122  132  132  134  121  126  134  131  120  121  125  141  121  134  137  133  125  125  148  133  135  136  147  139  132  140  147   50
ch: 124  125  123  116  119  116  133  123  124  123  117  117  116  122  117  126  118  119  125  134  123  111  138  124  120  124  123  123  118  133  126  124    3
ch: 125  121  116  123  127  118  123  138  140  123  123  131  133  138  121  124  132  132  122  127  119  119  123  134  130  134  143  133  136  132  136  138   35
ch: 126  116  126  123  117  126  119  131  116  117  123  123  122  122  122  119  120  116  124  117  119  117  123  131  116  123  125  126  127  139  135  123   48
ch: 127  130  123  137  119  122  136  136  132  120  124  121  139  132  132  132  120  123  136  139  135  126  139  133  133  123  131  135  126  136  131  121   38
