ch    0:      0     0     0     0     0     0     0     0     0     0     0     0     0     0     0     0     0     0     0     0     0     4     8    12    26   329  3312  6364  9288 14510 14063   954
ch    1:      0     0     0     0     0     0     0     0     0     0     0     0     0     0     0     0     0     0     0     0     0     1     1     9    43   546  6135 10384  5261 11219  8335  1829
ch    2:      0     0     0     0     0     0     0     0     0     0     0     0     0     0     0     0     0     0     0     0     1     6    17    32    86   453  8891  6228 10271 13495 14353  1419
ch    3:      0     0     0     0     0     0     0     0     0     0     0     0     0     0     0     0     0     0     0     0     0     0     3    23   125  1045 19516 14163  9413 10355 15461  5463
ch    4:      0     0     0     0     0     0     0     0     0     0     0     0     0     0     0     0     0     0     0     0     0     3    12    35   114  1428 15047  9604  7978  4409 10985  1209
ch    5:      0     0     0     0     0     0     0     0     0     0     0     0     0     0     0     0     0     0     0     0     0     1     5    22   117  1631  4966  6534  9503  7597 11603 12393
ch    6:      0     0     0     0     0     0     0     0     0     0     0     0     0     0     0     0     0     0     0     0     1     2    13    65   179  1632  2052  6452  9533 13045  6484  1507
ch    7:      0     0     0     0     0     0     0     0     0     0     0     0     0     0     0     0     0     0     0     0     0     1     5    41   196  1907  1715 12326  9123  6558  4639 15168
ch    8:      0     0     0     0     0     0     0     0     0     0     0     0     0     0     0     0     0     0     0     0     0     4    26    79   202  1803 16187  6058  4683 10759 12086  2062
ch    9:      0     0     0     0     0     0     0     0     0     0     0     0     0     0     0     0     0     0     0     0     0     0     4    35   202  2840 11252  7775 15117 12846 11086 14994
ch   10:      0     0     0     0     0     0     0     0     0     0     0     0     0     0     0     0     0     0     0     0     1     5    34   102   245  2420  8903  6215  6860 14217 10352  2228
ch   11:      0     0     0     0     0     0     0     0     0     0     0     0     0     0     0     0     0     0     0     0     0     2     8    45   221  2462 15506 10428  8621  9707  9951  7049
ch   12:      0     0     0     0     0     0     0     0     0     0     0     0     0     0     0     0     0     0     0     0     1     5    43   106   324  3743 13839  8494  7865 14122  8213  3027
ch   13:      0     0     0     0     0     0     0     0     0     0     0     0     0     0     0     0     0     0     0     0     0     4    10    39   282  3800 10443  9187 13550  9169  9585  2951
ch   14:      0     0     0     0     0     0     0     0     0     0     0     0     0     0     0     0     0     0     0     0     2     9    44   122   350  3532 15071  8405 12017  7305  5232  2700
ch   15:      0     0     0     0     0     0     0     0     0     0     0     0     0     0     0     0     0     0     0     0     0     3    15    64   388  4442  4279  8849  5522 13687 11662  3931
ch   16:      0     0     0     0     0     0     0     0     0     0     0     0     0     0     0     0     0     0     0     0     1    11    53   129   298  3794  5574  6055 12437 12581  9257  2647
ch   17:      0     0     0     0     0     0     0     0     0     0     0     0     0     0     0     0     0     0     0     0     0     2    15    69   298  3824 13473  9496 11151  7418 13596  3927
ch   18:      0     0     0     0     0     0     0     0     0     0     0     0     0     0     0     0     0     0     0     0     2    24    65   166   516  5974 14129  9853 11457  6442 14564  3342
ch   19:      0     0     0     0     0     0     0     0     0     0     0     0     0     0     0     0     0     0     0     0     0     4    16    74   839  8727 10769  9387 10664 15255 10987 10866
ch   20:      0     0     0     0     0     0     0     0     0     0     0     0     0     0     0     0     0     0     0     0     1    11    61   184   501  4411 13237  6756 10953  9110 13221  4436
ch   21:      0     0     0     0     0     0     0     0     0     0     0     0     0     0     0     0     0     0     0     0     0     2    11   115   317  9269  5727  8667 11941  6215 11925 12229
ch   22:      0     0     0     0     0     0     0     0     0     0     0     0     0     0     0     0     0     0     0     0     4    14    68   228   531  6767  7993 11268 13117 12406 10261  4683
ch   23:      0     0     0     0     0     0     0     0     0     0     0     0     0     0     0     0     0     0     0     0     0     2    20   125   858 11191 12215  8944  8831  9086  9113  6407
ch   24:      0     0     0     0     0     0     0     0     0     0     0     0     0     0     0     0     0     0     0     0     0    10    87   193   483  3993 13882 14855  8637 11203 10185  3823
ch   25:      0     0     0     0     0     0     0     0     0     0     0     0     0     0     0     0     0     0     0     0     0     1    21    91   657 11232  7521  8000 11893 15270  9113 11325
ch   26:      0     0     0     0     0     0     0     0     0     0     0     0     0     0     0     0     0     0     0     0     0    11    76   229   665  6343 11370  5429  8471  4860 11402  3927
ch   27:      0     0     0     0     0     0     0     0     0     0     0     0     0     0     0     0     0     0     0     0     0     7    24   123   642 10603  6154  3610 11507 11954 11180 10437
ch   28:      0     0     0     0     0     0     0     0     0     0     0     0     0     0     0     0     0     0     0     0     2    25   102   242   645  6997  9644  8550 10380  6824  8778  4347
ch   29:      0     0     0     0     0     0     0     0     0     0     0     0     0     0     0     0     0     0     0     0     0     0    15   141   797 12551 12068  6623  7251  9245 13116 11085
ch   30:      0     0     0     0     0     0     0     0     0     0     0     0     0     0     0     0     0     0     0     0     3    30   100   250   844  6771 10479 11130  8406  9612  8327  4118
ch   31:      0     0     0     0     0     0     0     0     0     0     0     0     0     0     0     0     0     0     0     0     0     5    22   127   934 10481 12559 12610  8097 13324 10272 10078
ch   32:      0     0     0     0     0     0     0     0     0     0     0     0     0     0     0     0     0     0     0     0     2    14    87   294   770 11567  9624  9394  9106  8616 13158  2584
ch   33:      0     0     0     0     0     0     0     0     0     0     0     0     0     0     0     0     0     0     0     0     0     5    23   145   707 12117 10312 10397  8462 11199  9140  9442
ch   34:      0     0     0     0     0     0     0     0     0     0     0     0     0     0     0     0     0     0     0     0     8    19   119   320   775  7041  9459 11472  9537 10567  9619  3513
ch   35:      0     0     0     0     0     0     0     0     0     0     0     0     0     0     0     0     0     0     0     0     0     5    37   191  1085 17916  7823 12201 11696 12286  9642 11085
ch   36:      0     0     0     0     0     0     0     0     0     0     0     0     0     0     0     0     0     0     0     0     3    17   121   308  1065  8569 12853  9851 10018  5377 11762  4888
ch   37:      0     0     0     0     0     0     0     0     0     0     0     0     0     0     0     0     0     0     0     0     0     1    27   153  1027 10648 11653 11167  6534  9070  9857 16681
ch   38:      0     0     0     0     0     0     0     0     0     0     0     0     0     0     0     0     0     0     0     0     2    16   125   318   979  7092 11315 10807  9582  8538 11798  4024
ch   39:      0     0     0     0     0     0     0     0     0     0     0     0     0     0     0     0     0     0     0     0     1     9    45   169   851 17087  6178  4929  9242 10074 10003  7868
ch   40:      0     0     0     0     0     0     0     0     0     0     0     0     0     0     0     0     0     0     0     1     4    24   139   328  1058 16389  8666  8439  9789  8084 10244  4824
ch   41:      0     0     0     0     0     0     0     0     0     0     0     0     0     0     0     0     0     0     0     0     0     4    36   197  1377  5182  5880 10103 16838  9297  8796  8346
ch   42:      0     0     0     0     0     0     0     0     0     0     0     0     0     0     0     0     0     0     0     2     4    23   136   328  1078 13595 15889 14135 10941  7879 11565  4327
ch   43:      0     0     0     0     0     0     0     0     0     0     0     0     0     0     0     0     0     0     0     0     0     4    40   209  1103  8801 14095  8540  9867 11674  7948  8680
ch   44:      0     0     0     0     0     0     0     0     0     0     0     0     0     0     0     0     0     0     0     1     1    31   153   426  1190  3611  8835 13942 11220 12086  8160  3781
ch   45:      0     0     0     0     0     0     0     0     0     0     0     0     0     0     0     0     0     0     0     0     0     6    51   239  1920 10273 10337 11309 11130 10097  8446 16154
ch   46:      0     0     0     0     0     0     0     0     0     0     0     0     0     0     0     0     0     0     0     0     4    37   165   448  1336 14882 12372 10125  9468  9469  6845  5166
ch   47:      0     0     0     0     0     0     0     0     0     0     0     0     0     0     0     0     0     0     0     0     0     6    35   192  1324  5228  8415 12742  7722  9312  6983 14511
ch   48:      0     0     0     0     0     0     0     0     0     0     0     0     0     0     0     0     0     0     0     1     4    41   166   409  1316 16127  9995 10062  7019 10614  6949  4584
ch   49:      0     0     0     0     0     0     0     0     0     0     0     0     0     0     0     0     0     0     0     0     0     6    43   190  1359  4998  9872  6828  9314 12050  8029  4728
ch   50:      0     0     0     0     0     0     0     0     0     0     0     0     0     0     0     0     0     0     0     0     5    37   139   472  1216 15185 12500  9232  8650  6762 10090  4345
ch   51:      0     0     0     0     0     0     0     0     0     0     0     0     0     0     0     0     0     0     0     0     0     4    57   245  1550  2940  7694  8844 11673 10188 12454  4172
ch   52:      0     0     0     0     0     0     0     0     0     0     0     0     0     0     0     0     0     0     0     0    15    45   190   499  1388 15100 15379 11235  8431 10366  8583  6028
ch   53:      0     0     0     0     0     0     0     0     0     0     0     0     0     0     0     0     0     0     0     0     0     2    31   244  1407 17675  6642 13710  6116 13438  8543  7659
ch   54:      0     0     0     0     0     0     0     0     0     0     0     0     0     0     0     0     0     0     2     0     2    36   186   460  1918 15096 12615 13170 11063  7649  9642  5247
ch   55:      0     0     0     0     0     0     0     0     0     0     0     0     0     0     0     0     0     0     0     0     0     5    43   205  1654  4799  8087 13272  8011 10265  9635  4177
ch   56:      0     0     0     0     0     0     0     0     0     0     0     0     0     0     0     0     0     0     1     2    10    60   202   526  1763 15974  9478  6973  7896 11304  8230  4449
ch   57:      0     0     0     0     0     0     0     0     0     0     0     0     0     0     0     0     0     0     0     0     0     6    49   254  1622 15361 10307  7901 11623 11799 10593  7613
ch   58:      0     0     0     0     0     0     0     0     0     0     0     0     0     0     0     0     0     0     0     1     4    47   164   580  1456  4333 11151 11975  4489 12549 14594  5384
ch   59:      0     0     0     0     0     0     0     0     0     0     0     0     0     0     0     0     0     0     0     0     0     7    55   333  2085 11460  9815 11457 11583 12458 12507 10556
ch   60:      0     0     0     0     0     0     0     0     0     0     0     0     0     0     0     0     0     0     0     1     6    58   228   571  1525 15455  9506  7468  8540 14127  8134  4881
ch   61:      0     0     0     0     0     0     0     0     0     0     0     0     0     0     0     0     0     0     0     0     1     5    69   292  2009 14421  7491  9622 11801 13735  7636  4208
ch   62:      0     0     0     0     0     0     0     0     0     0     0     0     0     0     0     0     0     0     0     3     4    54   195   532  1663  2249 11311 12877 10314 14323 13739  5554
ch   63:      0     0     0     0     0     0     0     0     0     0     0     0     0     0     0     0     0     0     0     0     3    10    71   347  2620  3055 11954  7513 11162  9014 10816  5491
ch   64:      0     0     0     0     0     0     0     0     0     0     0     0     0     0     0     0     0     0     1     2     7    62   241   559  1803 10276  7457  8356 12461 10759  6185  6822
ch   65:      0     0     0     0     0     0     0     0     0     0     0     0     0     0     0     0     0     0     0     0     1     7    50   302  1648  7176 12044 11545 15380  7943 10844 11851
ch   66:      0     0     0     0     0     0     0     0     0     0     0     0     0     0     0     0     0     0     0     0    10    56   193   600  2314  8062  7358 10730 10882 10678  8036  5557
ch   67:      0     0     0     0     0     0     0     0     0     0     0     0     0     0     0     0     0     0     0     0     0     7    46   238  2300 18269  7013  8498 11375 10789 12366 14657
ch   68:      0     0     0     0     0     0     0     0     0     0     0     0     0     0     0     0     0     0     0     1     5    55   217   578  2122  8271 10106  8889 13997 10663  8591  5557
ch   69:      0     0     0     0     0     0     0     0     0     0     0     0     0     0     0     0     0     0     0     0     0     8    51   324  1693  1568  8646 13636  7970  8276  7275  3071
ch   70:      0     0     0     0     0     0     0     0     0     0     0     0     0     0     0     0     0     0     0     0     7    46   246   617  1987 19442  8327  8536 12685  9625  8955  5110
ch   71:      0     0     0     0     0     0     0     0     0     0     0     0     0     0     0     0     0     0     0     1     4    16    90   315  1949  9002  8969 13053  5908  8261 12946  3205
ch   72:      0     0     0     0     0     0     0     0     0     0     0     0     0     0     0     0     0     0     0     0     1    37   218   728  1950  1409  8077 12993 13647  7173 11133  6828
ch   73:      0     0     0     0     0     0     0     0     0     0     0     0     0     0     0     0     0     0     0     0     1     5    58   358  3261 17208  9664 12264  9625 12728 14287 12979
ch   74:      0     0     0     0     0     0     0     0     0     0     0     0     0     0     0     0     0     0     0     0    10    64   240   698  2596  7981  7961 10635  8588  7211 13486  5681
ch   75:      0     0     0     0     0     0     0     0     0     0     0     0     0     0     0     0     0     0     0     0     0     7    86   331  1514 16016  9000 12628  6635  8585  9954  7836
ch   76:      0     0     0     0     0     0     0     0     0     0     0     0     0     0     0     0     0     0     0     0     7    65   283   680  1956  6618 14672  6032  8477  5739  6883  6889
ch   77:      0     0     0     0     0     0     0     0     0     0     0     0     0     0     0     0     0     0     0     1     1    11    69   318  2844 13741 12734  7162 14366  8051  6186 11196
ch   78:      0     0     0     0     0     0     0     0     0     0     0     0     0     0     0     0     0     0     0     2     7    57   271   751  2251  4342  5165  4616  5915  8494 10402  5373
ch   79:      0     0     0     0     0     0     0     0     0     0     0     0     0     0     0     0     0     0     0     0     0     4    58   311  2000  4980 10679  9495 15022  6488  6622 13906
ch   80:      0     0     0     0     0     0     0     0     0     0     0     0     0     0     0     0     0     0     0     2    14    56   304   870  2757  4048  5382  7755  6398 10186 11015  5689
ch   81:      0     0     0     0     0     0     0     0     0     0     0     0     0     0     0     0     0     0     0     0     1     2    62   326  3470  4300  9910 12445 12635  9621 13371 16205
ch   82:      0     0     0     0     0     0     0     0     0     0     0     0     0     0     0     0     0     0     0     0     3    62   253   781  2163  2881  6415 13322  5603  7407 12848  6030
ch   83:      0     0     0     0     0     0     0     0     0     0     0     0     0     0     0     0     0     0     0     0     0     9    69   354  2450  2536  6378  8756  7196 12701  7087 15932
ch   84:      0     0     0     0     0     0     0     0     0     0     0     0     0     0     0     0     0     0     0     2    18    61   277   840  2855  6055  7934  9120  5425  9709 14176  4728
ch   85:      0     0     0     0     0     0     0     0     0     0     0     0     0     0     0     0     0     0     0     0     0    10    46   372  2179 11114 11171  8126  9427 11339  9350 14875
ch   86:      0     0     0     0     0     0     0     0     0     0     0     0     0     0     0     0     0     0     0     0    12    40   222   792  2415  2822 13263  8284  8987 12491  8319  4638
ch   87:      0     0     0     0     0     0     0     0     0     0     0     0     0     0     0     0     0     0     0     0     1    11    64   398  3241  8134 12862 13156  4447 10929  9472 15304
ch   88:      0     0     0     0     0     0     0     0     0     0     0     0     0     0     0     0     0     0     0     3     8    66   265   713  2444 10083  7400  8917 10504 11998 12626  5389
ch   89:      0     0     0     0     0     0     0     0     0     0     0     0     0     0     0     0     0     0     0     0     2    15    74   338  2811  4322 11420 13738 10962 10670 11285  4676
ch   90:      0     0     0     0     0     0     0     0     0     0     0     0     0     0     0     0     0     0     0     1     7    66   262   798  3210  9557  7888  8123  7012 10805 10594  8619
ch   91:      0     0     0     0     0     0     0     0     0     0     0     0     0     0     0     0     0     0     0     0     2     9   104   411  3650 18273 10379  8909  6458 13688 11245 14853
ch   92:      0     0     0     0     0     0     0     0     0     0     0     0     0     0     0     0     0     0     0     0    10    52   269   598  3141  5566 12503  6324  9835  3213  7717  6465
ch   93:      0     0     0     0     0     0     0     0     0     0     0     0     0     0     0     0     0     0     0     0     0    19    76   386  2797  5893  9576  6956 11973  5345 11581 14797
ch   94:      0     0     0     0     0     0     0     0     0     0     0     0     0     0     0     0     0     0     0     0    14    68   293   898  2983 19468 13216  9835 10853 16310 10508  7709
ch   95:      0     0     0     0     0     0     0     0     0     0     0     0     0     0     0     0     0     0     0     0     0    11    73   410  3381  3382  7821 15508 12704  9422 11080  7596
ch   96:      0     0     0     0     0     0     0     0     0     0     0     0     0     0     0     0     0     0     0     1    13    55   246   727  2603 10723  9470 11909 11690  6320  9023  5736
ch   97:      0     0     0     0     0     0     0     0     0     0     0     0     0     0     0     0     0     0     0     1     2    13    59   479  3277 17250  9940  8569  3664  6058 11149  8718
ch   98:      0     0     0     0     0     0     0     0     0     0     0     0     0     0     0     0     0     0     0     0    10    54   290   749  2676 11510 14225 10854 11923  8120  9011  8070
ch   99:      0     0     0     0     0     0     0     0     0     0     0     0     0     0     0     0     0     0     0     0     2     8   112   440  2777  9336 10066 11542 13664 12373  9247  7892
ch  100:      0     0     0     0     0     0     0     0     0     0     0     0     0     0     0     0     0     0     0     1     6    45   328   787  2242  9344  9855  7812 11574 11498  9489  9284
ch  101:      0     0     0     0     0     0     0     0     0     0     0     0     0     0     0     0     0     0     0     0     1     5    62   374  2898  1868 12219  8828 11086  6414  9986  8727
ch  102:      0     0     0     0     0     0     0     0     0     0     0     0     0     0     0     0     0     0     0     2    12    59   335   990  3055 15021 14126 13275 11789 11994  9629  7866
ch  103:      0     0     0     0     0     0     0     0     0     0     0     0     0     0     0     0     0     0     0     0     2     7    49   388  2961  9766  9022  9347  6971  7307 12984  6172
ch  104:      0     0     0     0     0     0     0     0     0     0     0     0     0     0     0     0     0     0     0     0     5    73   346   865  3111  8163 11641  8907 16020 12150 10698  8877
ch  105:      0     0     0     0     0     0     0     0     0     0     0     0     0     0     0     0     0     0     0     0     0    12    76   488  3765  8870 16446  8501  7111 10122  8254  6495
ch  106:      0     0     0     0     0     0     0     0     0     0     0     0     0     0     0     0     0     0     0     1    10    76   288  1088  4722  7301 17494  7393  6391 11393 12127 11256
ch  107:      0     0     0     0     0     0     0     0     0     0     0     0     0     0     0     0     0     0     0     0     1     9    61   387  4744  5024 12061 11675 10431 10453  7028 14230
ch  108:      0     0     0     0     0     0     0     0     0     0     0     0     0     0     0     0     0     0     0     2     5    59   353   985  3613 14333  7019  8217  8694  8849  9978  9606
ch  109:      0     0     0     0     0     0     0     0     0     0     0     0     0     0     0     0     0     0     0     0     1    10    79   334  2318  2792  9311 11325 10596 12941 10899  5091
ch  110:      0     0     0     0     0     0     0     0     0     0     0     0     0     0     0     0     0     0     0     1     8    56   304   927  3008 14094 11432  7749  8036  8271  9354  7236
ch  111:      0     0     0     0     0     0     0     0     0     0     0     0     0     0     0     0     0     0     0     0     1    11    75   505  3111 17519  8641 10134  9634 10395  9267  8826
ch  112:      0     0     0     0     0     0     0     0     0     0     0     0     0     0     0     0     0     0     0     0    10    60   367   933  3618 16510  5935  7904 10424  6798 11303  8515
ch  113:      0     0     0     0     0     0     0     0     0     0     0     0     0     0     0     0     0     0     0     0     0     9    73   516  3617 18352 12787  3406  6997 10601  7693  7006
ch  114:      0     0     0     0     0     0     0     0     0     0     0     0     0     0     0     0     0     0     0     2    13    73   355  1002  3515  2256  9494  6521 15283 11202  8228 10728
ch  115:      0     0     0     0     0     0     0     0     0     0     0     0     0     0     0     0     0     0     0     0     0    21    78   446  3136  5295 10535 10959 11986 12303  8324 14259
ch  116:      0     0     0     0     0     0     0     0     0     0     0     0     0     0     0     0     0     0     0     1    13    73   278   855  3531  3937 11064  8815  8627 10246  9196  8583
ch  117:      0     0     0     0     0     0     0     0     0     0     0     0     0     0     0     0     0     0     0     0     0    12    71   392  2556  4381  9427 11596  7105 11023  5749 12980
ch  118:      0     0     0     0     0     0     0     0     0     0     0     0     0     0     0     0     0     0     0     1    12    79   306   929  3352  4230 14073  9960  7983  9670 12652  9398
ch  119:      0     0     0     0     0     0     0     0     0     0     0     0     0     0     0     0     0     0     0     0     2    13    83   466  3521 10025  9934 13911  6659 13070  5180  5723
ch  120:      0     0     0     0     0     0     0     0     0     0     0     0     0     0     0     0     0     0     0     0     9    58   389  1118  3071 16562 11188  8347  8438  7337 14902 12014
ch  121:      0     0     0     0     0     0     0     0     0     0     0     0     0     0     0     0     0     0     0     0     0     3    69   362  2538 14357  8996  7515  6167  9020  6520  4092
ch  122:      0     0     0     0     0     0     0     0     0     0     0     0     0     0     0     0     0     0     0     0    14    57  1957   986  2706  4589 11171  9334 10970  8883 12653 11611
ch  123:      0     0     0     0     0     0     0     0     0     0     0     0     0     0     0     0     0     0     0     0     2    11    83   564  3683  7415 14200  9377 15499 11091 12453  5294
ch  124:      0     0     0     0     0     0     0     0     0     0     0     0     0     0     0     0     0     0     0     1    26   131   537  1129  4008 12271  8305  9882  8966  4333 11840   131
ch  125:      0     0     0     0     0     0     0     0     0     0     0     0     0     0     0     0     0     0     0     0     0     9    97   532  3676 10966  8286 10299 13110  9042 11805 17154
ch  126:      0     0     0     0     0     0     0     0     0     0     0     0     0     0     0     0     0     0     0     5    27   168   594  1363  3705 15970  8941  8810  3966  6451 11024 14614
ch  127:      0     0     0     0     0     0     0     0     0     0     0     0     0     0     0     0     0     0     0     0     0     6    80   632  3968  8003 13326  5179  6524  7127 12452 18015
