# ID XA-000-08-002-002-008-068-14
# Tag _trim_
# Date 240617_17:27:44
# Vref_p 58
# Vref_n 24
# Thr2_glb 41
# Vref_t 118
# Vref_t_range 1
# Pol 0
# ADC range 30-247
# FAST disc 30
ch:   0  109  115  100  110  120  108  109  115  117  110  109  103  119  108  115  108  103  107  107  105  118  115  106   93  104  107  106  117  115  107  111   40
ch:   1  113  124  118  105  108  116  107  116  111   94  104  108  107  100  108  107  103  108  112  100  107  100   93  107  108  108  118  108  109  112  100   56
ch:   2  108  115  113  122  119  114  108  122   97  117  116  122   98  106   92   94  107  104  110  108  100  111   99  105  105  115  103  103  108  102  120   -1
ch:   3  111  100  105  105  118  102  106  103  101  117  115  102  106  107  101  114  113  114  113  107  109  105  117  106   99  107  117  115  104  113  107   55
ch:   4  101  104  107  120  109  118  116  120  108  114  108  105   -1  116  110  117  104  107  118  116  104  119  118  108  120  115  122  119  109  120  116   32
ch:   5  121  111  123  125  118  114  124  111  106  119  113  104  117  115  108  106  120  113  118  117  133  124  117  106  116  122  118  125  107  115  124   38
ch:   6  120  108  111  118  109  122  110  121  116  104  114  113  114  110  117  117  119  103  120  122  115  115  117  106  107  120  117  108  119  117  125   30
ch:   7  107  109  107  118  116  121  108  114  125  116  126  120  123  103  120  123  115  108  114  113  124  116  126  122  109  117  115  130  120  135  125   55
ch:   8  120  120  118  119  122  110  107  124  107  111  131  121  109  108  114  120  130  108  118  119  106  116  116  110  108  114  106  130  122  120  118   27
ch:   9  119  125  117  120  118  127  118  119  122  124  109  115  111  116  130  110  104  115  110  115  117  110  110  132  106  118  123  115  122  122  126   55
ch:  10  117  119  122  126  120  103  107  117  112  117  117  116  115  103  121  118  122  118  115  121  118  117  106  119  117  123  126  119  125  124  123   24
ch:  11  110  127  110  118  116  118  120  121  122  108  113  119  122  118  119  109  113  132  116  121  113  126  118  122  120  122  122  130  125  131  119   43
ch:  12  121  103  125  119  108  105  107  122  117  121  117  118  116  114  116  121  116  114  122  122  121  116  116  121  139  126  130  121  123  130  124   34
ch:  13  126  123  107  106  113  115  118  123  109  117  130  123  105  120  116  114  119  109  123  111  122  129  115  126  106  122  116  121  120  115  122   48
ch:  14  118  109  117  116  118  115  114  111  105  119  133  118  113  118  119  127  123  121  117  122  121  124  122  120  119  136  106  121  122  120  137   28
ch:  15  116  123  116  115  107  120  107  120  116  120  123  115  127  124  123  125  121  113  103  118  116  125  118  119  122  120  119  123  133  137  140   41
ch:  16  110  125  123  116  125  124  126  131  118  119  117  122  123  124  120  131  120  120  124  121  123  135  128  138  120  118  133  138  133  126  120   44
ch:  17  118  121  122  124  118  123  117  106  117  120  118  123  122  124  117  122  129  122  117  118  129  122  125  110  123  118  129  119  136  125  122   41
ch:  18  115  116  109  119  116  115  110  115  126  123  117  131  116  119  109  116  116  125  125  126  102  116  104  116  125  127  122  124  120  132  123   37
ch:  19  112  109  120  123  113  116  120  106  115  127  128  124  120  122  118  108  118  121  125  121  119  126  118  124  118  130  133  126  119  134  123   36
ch:  20  116  109  119  122  116  131  119  121  130  126  117  122  126  124  136  114  116  130  134  118  121  122  123  132  130  132  137  121  138  133  133   37
ch:  21  122  126  109  116  115  136  116  115  118  109  118  119  117  122  122  118  125  115  122  122  134  138  121  121  141  124  115  136  132  124  133   51
ch:  22  119  119  118  125  119  117  123  120  118  121  123  111  117  119  132  120  119  120  135  131  122  126  131  124  134  124  134  127  137  133  125   25
ch:  23  123  117  124  122  104  114  121  118  118  114  118  119  120  123  134  125  115  116  131  124  125  124  115  125  134  135  131  130  126  117  132   49
ch:  24  113  120  119  119  115  119  109  109  118  124  119  134  127  121  116  116  124  130  135  123  135  131  134  134  117  123  130  117  132  132  133   37
ch:  25  117  125  111  117  123  108  122  119  117  118  107  125  118  110  135  121  118  115  120  124  130  123  117  119  130  126  117  124  138  140  139   47
ch:  26  120  120  114  118  125  109  120  123  125  130  130  120  138  125  110  130  133  125  120  118  131  120  132  133  131  141  137  135  135  139  141   33
ch:  27  105  131  108  109  109  119  126  109  103  124  121  117  113  110  117  115  110  121  117  134  126  122  121  134  124  119  120  130  130  131  124   44
ch:  28  120  116  118  132  123  116  127  128  126  133  123  122  129  113  124  119  123  126  130  121  133  132  140  131  117  134  134  139  126  136  140   35
ch:  29  117  126  118  115  115  123  124  125  117  118  132  124  131  121  120  122  126  122  120  121  134  134  136  126  132  135  125  131  130  133  138   40
ch:  30  122  121  114  123  120  130  123  119  131  122  123  126  133  120  122  116  124  122  126  137  141  134  136  132  135  136  132  135  135  141  139   42
ch:  31  122  120  118  110  121  106  131  115  125  117  117  121  131  119  122  124  116  127  132  133  122  126  133  119  126  139  121  127  137  137  141   43
ch:  32  114  121   -1  133  133  121  125  131  127  120  124  126  134  126  136  126  135  133  118  130  131  130  137  133  136  137  137  130  134  136  141   33
ch:  33  122  123  125  120  115  121  116  140  117  119  113  136  119  130  116  120  126  118  120  130  123  121  126  139  142  125  126  136  133  134  140   42
ch:  34  120  118  124  131  126  124  131  131  126  116  126  114  140  122  126  134  132  133  130  134  117  137  131  134  124  127  133  135  140  136  143   32
ch:  35  120  115  122  119  116  120  125  123  131  121  116  116  126  121  117  138  119  116  131  122  139  127  120  122  140  137  132  136  131  142  137   42
ch:  36  116  117  117  118  120  124  122  117  124  126  118  130  131  131  133  135  135  133  141  124  141  132  137  136  126  126  133  141  136  142  149   33
ch:  37  113  126  121  119  107  120  123  118  119  123  130  129  130  138  131  124  125  123  127  129  133  132  136  123  134  132  137  137  132  130  137   41
ch:  38  119  124  125  123  125  136  119  120  107  119  132  132  132  123  123  126  124  130  134  132  132  137  125  132  127  126  135  147  137  135  138   33
ch:  39  110  117  131  124  130  120  125  119  125  124  131  121  117  134  122  140  140  133  135  131  137  137  134  137  135  136  141  134  137  138  148   37
ch:  40  132  121  132  114  104  125  122  125  117  127  124  125  125  131  122  124  126  136  131  138  136  132  133  130  133  147  138  133  134  147  126   32
ch:  41  117  119  125  117  104  117  130  119  116  121  125  125  136  123  127  124  131  125  124  124  132  123  124  137  131  142  134  140  133  148  138   46
ch:  42  122  123  116  121  112  118  116  124  121  122  125  125  126  115  124  132  121  131  126  132  116  121  130  132  124  127  136  131  136  132  133   41
ch:  43  123  115  116  126  109  125  122  117  126  130  131  107  120  119  120  124  124  123  137  131  137  124  137  126  139  132  135  132  140  148  150   43
ch:  44  123  114  113  121  121  138  122  129  124  125  125  136  119  136  131  123  133  115  137  139  137  133  132  138  142  134  147  142  137  137  140   32
ch:  45  121  107  132  110  126  117  111  117  135  126  121  116  123  125  133  122  122  125  141  134  138  135  127  139  140  117  134  136  132  131  136   45
ch:  46  132  123  119  123  124  118  119  120  127  130  130  125  123  127  122  126  127  122  123  118  132  133  120  132  123  136  135  138  135  136  139   35
ch:  47  114  108  120  115  123  118  133  120  122  132  118  134  135  134  122  121  130  136  133  132  135  126  122  122  149  134  145  126  150  143  134   49
ch:  48  109  120  119  125  122  111  119  117  117  122  110  121  121  107  135  130  126  121  131  124  133  134  132  134  127  140  126  136  143  142  132   37
ch:  49  116  118  122  132  132  121  116  121  115  124  123  120  123  123  118  134  120  133  125  124  130  137  120  132  141  139  134  131  134  138  127   44
ch:  50  119  108  118  115  137  123  126  126  125  133  131  124  117  122  123  124  126  123  121  133  124  127  131  116  136  138  133  139  132  130  139   47
ch:  51  115  134  121  120  103  116  132  111  131  119  125  125  117  123  123  124  123  123  133  126  139  124  121  125  134  134  125  126  140  143  135   53
ch:  52  114  120  115  122  115  116  125  122  125  124  117  122  126  123  125  131  129  130  126  133  135  135  134  126  134  136  129  125  137  140  125   34
ch:  53  120  131  107  121  124  118  116  118  133  125  121  125  110  133  135  132  130  141  121  121  132  141  133  133  134  126  141  151  160  134  135   44
ch:  54  126  124  120  115  115  130  120  117  124  118  122  119  130  122  130  126  132  123  124  123  126  133  122  127  125  117  134  126  135  137  138   41
ch:  55  115  118  125  124  120  121  130  121  139  118  132  119  132  133  122  137  121  130  132  137  132  134  124  120  136  135  149  136  142  138  156   44
ch:  56  125  121  116  117  131  120  118  120  120  119  121  129  121  126  139  121  125  124  126  124  119  133  135  131  134   -1  133  125  132  123  130   32
ch:  57  115  115  122  126  117  122  119  125  127  122  131  127  125  119  130  123  131  130  122  132  135  140  135  148  126  136  139  142  146  141  140   42
ch:  58  123  114  118  114  119  125  123  116  135  121  122  124  130  119  118  120  124  138  134  126  120  118  125  136  135  131  126  133  139  149  139   44
ch:  59  118  126  118  123  135  138  117  124  127  126  125  119  126  122  122  119  125  123  130  135  124  123  139  125  132  133  140  141  132  141  140   48
ch:  60  115  123  121  118  108  132  122  119  119  119  126  130  111  118  132  134  133  122  131  122  124  130  123  135  120  132  132  131  132  124  136   41
ch:  61  122  120  134  108  107  121  119  118  121  123  130  118  124  118  134  131  123  130  131  129  120  146  131  125  126  135  125  137  139  142  135   42
ch:  62  110  124  122  121  108  126  118  116  124  119  118  117  119  123  136  117  133  119  116  125  124  124  132  125  134  134  121  126  136  136  123   36
ch:  63  117  121  118  132  119  135  116  129  125  121  114  124  123  130  120  132  131  127  132  140  135  138  135  134  123  133  135  140  141  142  144   38
ch:  64  131  114  108  126  121  126  123  114  121  116  116  118  135  125  126  129  122  131  130  133  125  125  125  124  134  119  119  134  126  141  132   37
ch:  65  118  110  114  117  131  107  117  124  118  122  117  122  123  121  130  123  130  124  127  123  132  126  138  134  139  132  134  131  132  134  150   50
ch:  66  108  120  117  109  116  120  125  136  123  133  125  121  122  117  122  132  123  118  123  118  135  135  122  119  126  120  133  131  120  118  135   34
ch:  67  117  117  120  130  118  118  115  116  131  134  126  120  135  133  130  110  129  131  126  134  134  131  130  150  138  137  143  136  137  149  137   56
ch:  68  110  115  125  122  117  109  118  117  124  126  123  122  123  118  108  118  114  123  125  118  124  119  116  131  135  121  123  139  120  135  121   34
ch:  69  134  118  121  119  118  124  131  120  130  130  122  137  126  121  125  123  120  136  134  129  128  130  142  134  142  122  138  140  136  140  141   49
ch:  70  115  126  116  120  124  120  122  124  106  114  138  121  124  125  123  130  108  107  134  128  120  122  126  126  127  137  125  136  135  123  132   41
ch:  71  121  122  127  138  109  124  134  128  134  132  123  121  115  120  126  118  123  131  127  127  135  136  131  126  140  137  148  136  149  137  151   53
ch:  72  121  119  119  111  116  120  122  108  116  111  118  122  122  120  118  119  120  123  126  123  126  125  133  121  123  125  119  120  134  137  121   34
ch:  73  123  116  122  125  125  110  124  123  134  127  121  123  131  122  121  131  120  120  131  135  135  123  121  133  147  138  138  138  148  131  137   52
ch:  74  109  116  123  120  110  124  133  118  123  122  118  130  120  123  124  122  122  122  116  123  127  116  120  126  123  146  121  125  147  137  134   47
ch:  75  116  118  123  119  110  107  123  123  124  121  133  118  109  125  136  125  137  134  127  133  136  139  140  133  132  135  132  138  135  132  147   49
ch:  76  121  111  123  118  123  116  122  125  119  110  110  104  121  119  117  109  119  121  119  118  121  126  136  119  119  116  118  127  117  135  125   40
ch:  77   -1  135  117  133  123  123  123  122  123  133  118  119  122  131  136  116  137  122  134  135  131  130  136  135  123  134  143  140  141  132  147   41
ch:  78  119  119  115  118  121  119  108  123  114  118  121  117  121  124  123  121  106  124  115  118  118  126  120  125  124  126  117  110  124  117  130   38
ch:  79  124  124  120  124  130  133  127  117  130  118  123  121  133  132  135  148  134  137  134  125  142  137  140  132  139  135  149  149  142  154  135   52
ch:  80  108  108  117  114  110  114  123  112  108  109  111  116  116  120  112  122  125  116  118  105  115  113  116  118  118  118  118  121  110  122  133   28
ch:  81  116  130  122  114  118  123  125  121  124  127  136  126  126  110  124  132  126  136  131  126  126  139  136  136  119  132  136  135  137  134  138   46
ch:  82  108  110  123  120  120  118  122  105  117  118  119  115  117  116  117  114  107  127  107  108  119  122  113  122  121  118  119  118  115  122  117   35
ch:  83  126  120  130  107  121  111  127  134  126  140  114  120  127  124  124  119  122  120  118  136  138  122  127  133  135  124  138  133  134  139  142   38
ch:  84  110  108  110  116  114  111  100  122  114  117  116  115  126  119  119  117  119  115  118  115  116  121  122  116  116  115  126  123  114  121  123   37
ch:  85  112  119  121  133  117  119  118  132  110  126  126  130  133  118  132  121  131  119  114  123  121  129  135  114  134  126  131  134  135  146  136   38
ch:  86  103  115  110  121  119  118  113  107   99  120  117  119  101  116  120  107  120  135  120  108  119  120  115  121  125  124  114  119  130  126  122   28
ch:  87  101  135  120  117  135  136  111  132  135  121  131  126  124  123  126  132  120  135  126  122  131  125  135  125  126  142  131  136  134  150  140   40
ch:  88  110  118  106  122  113  117  119  110  107  117  116  116  114  114  118  121  118  119  111  119  112  111  118  121  123  121  117  117  109  111  123   44
ch:  89  121  124  118  115  122  122  121  115  130  124  130  120  122  125  126  121  137  132  119  120  133  133  126  122  138  120  132  138  140  130  131   46
ch:  90  118  110  102  109  124  108  118  119  121  114  121  116  102  117  116  107  121  123  117  110  118  106  116  103  121  123  118  118  125  120  130   44
ch:  91  108  120  122  119  113  108  110  125  109  119  124  122  132  133  120  109  122  125  139  135  137  119  123  136  122  124  140  130  142  132  131   41
ch:  92  120  115  117  116  111  107  112  118  114  116  107  108  114  114  117  117  121  119  111  124  110  120  102  123  120  109  120  116  110  118  122   36
ch:  93  118  120  121  118  127  125  115  120  127  123  127  127  119  121  118  122  119  131  119  137  136  134  135  133  131  134  122  133  125  126  120   40
ch:  94  119  115  123  110  118  119  126  118  110  106  112  108  110  120  116  109  119  108  108  118  112  107  104  108  126  107  131  125  121  120  121   33
ch:  95  120  122  118  114  120  132  116  121  115  121  110  117  120  125  120  119  116  121  122  133  123  131  132  123  124  133  129  134  134  125  136   41
ch:  96  115  105  108  120  123  106  110  117  115  119  104  118  119  106  110  115  116  112  107  124  115  120  103  104  116  118  118  110  106  118  108   31
ch:  97  135  110  117  131  121  124  130  134  125  126  126  129  123  132  123  130  117  122  126  138  120  122  130  131  131  127  120  131  134  134  148   45
ch:  98  124  113  109  116  115  115  114  126  110  103  106  108  117  106  117  117  109  118  114  116  112  110  107  114  110  109  110  127  116  118  120   31
ch:  99  115  116  120  118  121  116  124  117  120  124  121  121  141  119  119  122  122  125  123  125  132  136  133  133  122  137  138  131  148  133  124   43
ch: 100  110  115  118  116  113  106  111  120  110  110  105  116  109  110  104  117  114  114  118  113  114  117  115  117  109  110  104  116  118  113  124   43
ch: 101  110  132  117  130  119  125  121  125  119  125  130  122  124  119  132  120  117  132  129  122  122  124  126  131  124  134  136  127  132  137  140   50
ch: 102  122  127  108  107  117  111  116  100  117  117  116  108  116  107  107  116  115  132  117  104  116  106  102  107  104  111  109  123  112  106  117   39
ch: 103  114  118  122  121  115  113  121  123  125  110  125  107  113  120  121  123  122  121  131  125  127  127  136  125  124  133  135  136  135  131  134   42
ch: 104  107  118  107  117  109  125  107  123  107  118  104  108  118  123  124  120  108  113  105  100  103  129  105  118  117  115  116  116  116  108  116   49
ch: 105  120  121  109  116  126  123  117  116  108  109  120  130  122  124  115  125  115  104  121  118  125  125  119  131  122  122  121  133  133  132  123   41
ch: 106  103  106  116  117  108  117  111  110  108  109  101  116  105  118  107  103  103  106  106  108  116  107  108  104  103  105  111   93  109  110  115   38
ch: 107  119  120  116  123  122  106  108  109  126  122  118  115  116  116  119  121  110  117  124  136  116  122  122  125  120  125  134  124  134  131  133   34
ch: 108  119  114  100  123  117  110  106  116  103  108  116  104  116  108  121  115  116  115  104  113  121  100  118  109  114  106  108  109  122  115  115   40
ch: 109  118  122  106  119  118  123  119  115  126  117  125  110  121  116  116  119  132  123  134  122  126  121  126  125  133  133  131  124  122  132  131   43
ch: 110  109  104  120  118  115  109  104  121  115  117  110  100  110  114  103  102  109  104  116  111  106  101  105  121  103  106  106  106  103  116  119   43
ch: 111  117  122  116  117  114  125  125  123  121  123  124  119  114  119  125  117  122  131  118  124  124  113  123  118  134  121  125  137  121  124  124   56
ch: 112  115  117  111  116  113  108  116  115  117  104  105  109   98   93  110  108  107  107  102  106  102   92  108  103  100  100  109  105  110  114  110   29
ch: 113  125  119  115  118  111  110  109  117  108  119  118  120  119  123  117  128  132  121  113  122  115  120  117  121  124  119  125  125  122  130  126   49
ch: 114  117  120  115  103  104  119  103  116  109  106  103  112  116  104  105  104  107  108  107  103  101  123  109  109  118  101  105  123  105  122  106   33
ch: 115  121  118  119  114  117  116  118  119  122  125  116  116  117  123  117  118  126  121  117  118  119  117  131  122  132  137  124  118  130  135  134   48
ch: 116   -1  120  116  110  116  109  129  116  109  115  108  102  109  105  108  108  107  118  115  108  109  101  108  104  105  109  122  114  107  108  101   35
ch: 117  121  126  122  108  109  121  114  125  115  120  129  109  116  133  113  125  118  120  121  116  134  123  121  124  125  118  120  137  125  120  124   40
ch: 118  121  104  102  103  108  113  110  108  127  107  118  108  105  106  102  102  109  111  104  103  114  108  102  115  108  114  103  116  120  106  101   36
ch: 119  121  109  121  123  120  116  117  112  117  111  118  120  119  120  119  119  108  114  122  122  119  119  117  122  119  120  122  122  125  118  126   29
ch: 120  116  117  117  118  118  122  121  106  116  108  117  107  113  116  108  106  111  114   93  103  108  102  101  131  105  115  105  107  116  118  123   41
ch: 121  105  122  113  105  111  121  115  115  110  107  116  117  133  116  109  110  108  122  118  125  120  124  118  122  121  117  119  116  117  124  116   39
ch: 122  121  102  108  106  102  117  110  121  106  106  108  119  117  115  110  101  103  104  104  106  114  110  115  103   84  105  105  102   94  112  104   26
ch: 123  121  135  111  116  119  117  121  105  119  121  120  119  121  118  126  111  116  122  123  111  119  114  119  118  117  121  123  125  118  121  124   20
ch: 124  116  120  119  117  110  104  116  110  103  101  116   94  106   93  112  106  109  104  108  103  107  106  103  101   92  105  105  118  108  103  110   10
ch: 125  121  116  109  108  108  123  119  120  122  114  121  110  121  114  109  114  126  134  120  125  134  123  120  119  126  119   -1  134  122  130  132    2
ch: 126  108  133  103  103  116  108  109  105  103  104  102  107  109  118  114  106  106  108  110  110  109  107  104  113  105  106  106   95  109  110  108    4
ch: 127  106  110  108  117  115  110  106  116  130  109  119  109  114  109  110  106  118  118  117  115  121  105  123  117  107  117  104  106  108  107  116   11
