# ID XA-000-08-002-001-006-221-11
# Tag _trim_
# Date 240521_15:32:34
# Vref_p 56
# Vref_n 26
# Thr2_glb 32
# Vref_t 118
# Vref_t_range 1
# Pol 0
# ADC range 30-247
# FAST disc 30
ch:   0  134  139  120  136  135  136  132  126  126  124  129  124  125  124  117  122  122  123  119  132  119  123  118  119  123  122  119  121  116  131  118   24
ch:   1  136  134  141  131  135  135  138  131  130  136  139  143  136  133  131  132  133  136  136  124  137  137  132  139  134  138  130  138  131  134  135   44
ch:   2  140  131  123  120  127  140  120  139  139  126  135  120  131  130  137  121  125  137  118  124  130  124  125  136  124  134  123  125  122  120  116   28
ch:   3  134  122  140  132  149  136  130  136  141  131  145  135  125  124  135  134  123  132  136  141  138  134  136  136  136  138  133  117  146  136  136   36
ch:   4  123  139  138  136  131  139  135  123  118  120  138  125  134  132  124  132  125  115  114  125  131  132  120  123  127  115  118  109  116  124  120   29
ch:   5  130  139  148  121  147  136  140  125  124  126  131  137  132  137  132  131  131  136  130  132  131  136  143  121  134  126  117  137  115  123  126   56
ch:   6  135  122  125  137  136  133  124  136  133  130  127  132  134  134  142  126  121  139  124  110  125  124  108  121  106  119  119  133  122  134  118   29
ch:   7  138  142  135  124  125  129  134  132  131  130  122  134  133  127  125  125  133  146  138  133  127  137  139  134  132  119  134  124  134  149  133   35
ch:   8  136  141  138  136  127  121  138  132  142  131  134  125  120  116  133  133  137  124  119  119  131  133  120  126  133  122  115  126  117  116  121   37
ch:   9  134  124  135  133  126  136  124  131  133  146  149  137  137  123  131  136  137  135  122  131  131  126  126  137  123  131  132  137  121  134  149   43
ch:  10  134  132  130  134  139  127  133  123  122  122  127  132  139  118  126  132  133  123  131  121  133  126  117  121  121  120  127  120  124  126  118   35
ch:  11  124  134  137  133  132  132  126  135  137  136  120  132  135  137  119  132  122  123  141  134  132  127  135  132  133  133  133  124  133  109  140   38
ch:  12  130  137  131  136  132  137  124  132  123  132  132  124  134  139  127  131  119  119  129  123  132  139  121  116  117  115  132  114  127  114  112   30
ch:  13  134  134  134  138  140  140  137  137  131  139  147  138  133  139  142  132  134  121  135  135  134  135  141  121  136  132  123  138  123  133  131   49
ch:  14  134  132  133  139  126  136  135  126  130  134  137  127  139  132  123  124  138  129  130  138  117  122  124  133  131  132  115  122  112  126  127   37
ch:  15  132  142  133  139  138  136  137  137  127  127  132  136  137  123  139  132  133  134  132  121  132  132  126  139  136  132  131  132  132  137  147   40
ch:  16  125  135  134  132  133  138  135  130  138  141  133  138  125  134  122  133  126  139  137  124  122  114  119  124  119  124  116  120  135  133  127   37
ch:  17  132  134  140  123  135  139  138  132  124  121  137  127  127  135  138  138  141  148  126  125  136  147  124  127  131  139  134  130  137  138  126   46
ch:  18  126  133  133  140  125  123  139  122  134  117  126  125  139  137  136  135  131  127  127  121  138  126  122  132  118  132  133  133  134  131  126   42
ch:  19  133  131  134  140  140  142  136  139  123  137  139  138  131  133  139  130  136  137  133  141  139  139  136  132  131  119  126  123  139  135  137   52
ch:  20  123  134  124  139  126  133  133  132  126  120  133  124  133  135  123  133  132  132  130  134  133  124  132  124  119  124  126  118  125  109  116   36
ch:  21  119  137  126  134  133  133  140  126  136  119  140  148  138  139  131  139  132  133  131  136  141  126  140  133  130  132  133  141  133  136  141   44
ch:  22  132  116  127  133  123  127  126  122  132  131  125  118  132  127  122  116  124  119  120  135  125  119  115  134  115  120  116  121  131  117  122   33
ch:  23  134  142  121  131  132  137  138  132  134  143  135  121  137  140  134  136  141  141  135  139  119  137  131  140  133  125  140  134  135  124  133   56
ch:  24  138  135  132  122  136  142  125  126  123  137  133  129  136  125  123  126  137  137  131  129  132  123  135  130  133  125  141  125  116  130  121   31
ch:  25  137  133  131  136  138  146  125  132  138  147  138  137  141  135  134  122  124  137  134  132  120  138  136  122  134  134  131  132  140  131  141   56
ch:  26  126  139  141  121  132  124  145  123  125  120  130  137  117  119  120  136  125  124  125  125  122  132  117  125  114  131  120  117  114  123  120   31
ch:  27  136  124  138  137  141  148  135  139  133  127  139  139  138  140  136  133  132  132  139  133  134  124  140  139  138  125  135  136  126  148  133   39
ch:  28  137  134  138  126  119  125  126  135  125  121  133  127  136  124  133  132  123  122  125  133  120  139  132  132  117  126  119  110  123  126  123   29
ch:  29  131  139  125  141  140  132  120  141  134  133  143  141  133  137  133  131  141  141  140  138  140  136  133  138  139  142  137  138  137  130  136   48
ch:  30  133  138  132  134  134  133  133  148  135  138  127  132  124  132  133  122  127  110  130  122  139  136  133  126  127  121  114  126  118  111  134   32
ch:  31  136  136  138  134  124  137  143  134  140  130  134  126  140  134  137  132  131  129  138  138  124  132  135  132  130  126  132  125  131  133  133   50
ch:  32  135  140  136  125  125  133  127  138  125  127  131  135  122  116  133  121  125  122  125  127  124  125  111  119  119  122  123  132  126  123  120   32
ch:  33  134  127  124  137  136  124   -1  148  133  136  132  147  126  134  135  134  126  124  131  131  140  139  125  141  134  137  139  132  135  139  135   52
ch:  34  124  135  141  132  124  138  130  124  131  137  132  136  130  123  130  125  131  131  134  127  123  118  121  132  123  123  131  125  123  137  133   37
ch:  35  136  139  133  122  135  135  142  127  133  131  124  132  132  140  139  133  147  131  125  135  136  132  132  140  123  148  142  137  142  137  139   51
ch:  36  139  121  133  124  121  131  132  125  135  132  131  137  122  120  130  117  125  121  120  118  121  119  123  122  114  117  111  118  119  115  117   28
ch:  37  141  142  125  125  133  136  137  152  138  132  138  118  136  135  120  135  142  138  138  140  132  137  126  129  133  118  130  134  135  139  136   40
ch:  38  133  132  141  125  130  127  135  127  121  125  136  138  133  122  133  127  143  120  134  124  122  126  124  121  116  125  131  115  126  123  117   44
ch:  39  141  134  132  141  127  133  134  138  137  143  134  135  141  136  137  131  133  136  135  138  125  137  142  134  135  137  136  135  145  133  135   56
ch:  40  125  134  127  140  136  134  125  125  133  129  124  125  124  127  124  132  135  130  126  133  124  135  117  130  136  124  132  139  129  119  119   35
ch:  41  136  131  131  136  136  147  141  137  133  125  134  141  135  147  146  134  137  149  142  135  149  140  141  140  133  137  132  139  136  132  152   45
ch:  42  126  131  121  133  148  132  135  133  127  126  127  126  129  136  132  122  121  136  136  132  117  129  125  123  121  119  115  131  118  126  132   17
ch:  43  124  138  149  133  137  135  133  134  132  133  148  121  138  141  126  142  136  124  141  132  137  134  126  121  135  133  130  150  133  132  132   54
ch:  44  132  136  126  137  142  132  133  123  123  137  131  125  140  122  139  133  148  134  120  119  126  119  122  130  124  120  133  120  121  118  125   30
ch:  45  139  132  124  136  133  140  138  148  141  131  135  137  138  135  140  140  127  135  138  136  137  121  138  132  138  136  131  135  135  133  136   51
ch:  46  134  135  135  138  135  143  137  125   -1  134  134  139  124  131  126  127  120  135  130  125  126  135  130  132  123  132  123  135  117  120  123   32
ch:  47  133  136  123  134  127  134  136  135  136  138  136  138  135  138  127  131   -1  141  138  135  142  134  134  150  139  133  140  126  142  134  141   50
ch:  48  126  119  137  124  132  127  135  126  147  143  125  126  131  121  124  132  135  129  134  117  135  129  129  134  120  124  137  119  134  122  126   45
ch:  49  141  137  131  125  139  134  133  141  136  137  134  136  132  132  139  146  133  140  148  134  132  131  137  136  137  131  137  132  139  138  138   43
ch:  50  123  133  135  135  133  124  136  135  137  135  132  131  135  132  139  135  141  134  141  134  136  130  121  131  128  124  134  137  124  119  139   37
ch:  51  142  125  124  143  126  139  133  127  132  145  125  150  134  135  134  131  132  133  142  134  137  137  134  135  143  135  132  138  139  135  118   40
ch:  52  139  138  138  134  135  125  136  137  117  132  135  134  130  126  133  122  136  126  125  131  121  131  117  124  121  126  130  118  118  123  122   32
ch:  53  136  136  133  151  149  136  137  138  138  135  131  136  143  139  149  132  132  130  133  132  138  148  134  142  133  137  135  140  146  137  122   54
ch:  54  134  131  124  124  134  139  135  122  141  132  135  126  123  132  139  136  130  127  133  137  123  131  125  123  115  131  125  124  115  139  127   31
ch:  55  134  140  126  134  142  133  134  130  138  133  138  125  143  141  142  133  124  131  134  141  138  134  125  133  124  127  131  134  133  133  132   43
ch:  56  137  125  121  133  136  141  124  140  130  136  131  146  135  132  134  122  125  122  125  124  133  122  116  119  130  118  138  133  123  121  116   44
ch:  57  136  136  124  137  132  141  124  136  138  131  138  131  135  140  146  134  133  132  132  137  136  132  133  131  122  132  141  131  139  135  132   52
ch:  58  136  134  122  140  124  131  122  125  120  131  135  134  131  134  137  123  118  121  125  126  133  124  119  135  105  132  121  125  123  125  120   26
ch:  59  143  134  137  136  148  139  134  143  134  141  132  135  140  137  146  137  130  140  138  139  138  139  142  142  134  135  151  150  147  148  140   52
ch:  60  123  141  140  120  138  138  130  134  129  137  136  140  127  125  130  126  132  133  123  135  125  131  124  135  125  122  122  120  134  117  124   28
ch:  61  141  132  146  139  146  141  132  143  132  145  135  141  138  130  145  134  134  135  135  135  148  140  133  141  126  142  138  138  139  152  136   47
ch:  62  135  131  132  137  134  127  138  130  132  122  133  133  134  131  131  138  139  135  129  121  120  124  130  136  128  122  135  125  133  122  131   40
ch:  63  121  134  140  134  136  137  141  140  136  124  133  139  135  142  134  147  134  138  133  136  136  141  140  135  135  137  137  131  148  140  126   47
ch:  64  124  134  135  136  136  136  129  125  138  137  131  133  133  126  125  134  127  110  134  133  124  135  134  123  125  125  136  124  132  127  126   35
ch:  65  123  134  124  133  141  142  147  136  137  131  130  118  139  134  141  132  126  133  131  139  131  133  134  123  123  140  139  137  152  142  142   55
ch:  66  139  136  133  127  133  123  137  138  119  119  134  122  136  135  138  123  131  131  123  124  126  124  138  126  138  126  142  125  138  134  136   33
ch:  67  134  133  139  150  137  130  139  140  132  146  148  137  133  133  142  125  142  140  141  139  146  136  132  138  140  141  141  143  136  143  143   38
ch:  68  137  125  131  138  125  127  134  132  124  138  132  133  138  122  124  121  133  130  136  130  123  122  126  122  121  122  124  119  122  120  117   39
ch:  69  137  143  142  135  148  135  140  138  136  132  140  139  126  133  124  146  134  136  138  136  131  134  134  135  138  126  125  137  125  134  139   47
ch:  70  132  134  137  131  151  132  124  136  134  134  131  132  134  136  126  136  124  126  136  122  137  122  123  137  127  124  135  131  126  134  122   40
ch:  71  145  142  138  134  136  142  134  134  151  138  137  134  138  126  134  145  135  131  138  127  132  135  139  137  136  137  139  135  142  135  137   56
ch:  72  135  137  124  131  132  125  134  131  125  148  138  133  125  136  126  133  133  140  126  123  123  125  120  109  120  119  133  121  133  121  126   38
ch:  73  134  136  139  133  148  135  135  142  149  138  148  138  131  140  140  138  134  136  123  140  142  143  147  152  135  145  140  134  140  140  137   45
ch:  74  127  124  134  134  132  121  122  121  132  134  134  138  130  140  132  140  122  124  123  126  132  138  122  132  134  126  133  131  135  132  133   41
ch:  75  139  134  142  131  130  141  132  142  133  131  134  143  134  140  136  134  142  133  137  142  126  138  137  131  150  138  137  140  137  134  143   56
ch:  76  134  135  135  124  131  134  133  134  146  125  126  136  138  132  136  134  116  138  133  114  122  134  122  134  133  135  121  133  116  133  134   30
ch:  77  143  136  140  143  134  126  142  127  126  141  133  142  134  137  140  133  133  139  139  132  135  126  141  147  143  139  142  131  142  145  138   43
ch:  78  141  132  123  124  134  135  125  136  134  135  132  124  122  132  131  124  131  132  127  121  117  134  125  130  124  130  122  125  123  123  120   33
ch:  79  120  149  132  147  149  143  132  140  136  142  134  132  135  139  140  134  121  136  141  132  142  138  136  125  136  139  136  140  120  136  137   53
ch:  80  132  139  142  132  137  131  134  135  120  136  134  136  131  134  133  132  135  137  126  126  122  138  127  132  120  134  131  123  123  124  137   51
ch:  81  125  148  133  142  138  138  136  134  143  137  135  134  134  138  149  141  135  136  125  131  135  136  131  143  149  133  136  135  149  133  137   42
ch:  82  125  125  131  121  132  130  124  128  121  138  135  123  138  138  126  123  123  120  131  126  131  120  131  114  121  132  126  122  119  132  132   32
ch:  83  137  138  135  132  136  140  140  137  140  134  137  141  148  134  132  141  136  136  139  139  140  142  133  140  133  137  136  139  136  147  138   43
ch:  84  130  141  131  132  139  126  132  125  136  122  124  135  142  134  133  124  127  122  127  117  129  106  130  139  117  123  131  118  121  135  134   39
ch:  85  139  140  132  141  137  133  139  131  131  136  132  136  127  147  133  137  124  138  134  138  142  139  134  137  136  140  137  134  146  137  124   56
ch:  86  124  134  132  140  135  132  134  124  127  123  137  135  123  121  131  134  122  126  124  119  125  132  125  124  132  121  119  120  119  123  123   32
ch:  87  136  134  135  137  126  135  140  150  121  143  135  125  127  135  125  136  135  139  133  134  131  138  137  132  136  137  137  138  123  140  141   56
ch:  88  132  135  135  126  139  134  135  142  136  133  139  126  130  133  133  146  127  131  134  124  139  136  132  122  131  131  126  132  122  140  134   36
ch:  89  135  139  133  142  134  135  139  142  133  131  133  139  131  135  140  131  141  136  131  132  132  121  150  141  137  130  130  138  136  147  135   49
ch:  90  127  133  137  135  134  137  139  135  132  125  132  134  137  130  124  117  132  126  121  126  131  126  123  135  132  123  136  131  121  137   -1   34
ch:  91  133  136  136  140  148  142  136  134  146  141  134  138  150  135  134  136  132  137  147  134  137  135  135  134  135  134  139  136  132  133  132   56
ch:  92  138  126  138  125  127  132  137  130  122  125  127  124  138  124  131  119  131  136  131  124  121  115  118  119  121  109  120  131  125  135  126   34
ch:  93  133  135  138  137  125  136  123  123  136  132  140  141  149  140  134  131  140  152  139  133  136  134  139  133  135  140  134  130  135  119  131   53
ch:  94  135  132  138  130  134  136  142  135  139  142  126  137  116  137  133  132  137  131  134  125  121  136  133   -1  121  133  120  119  123  121  124   33
ch:  95  134  136  135  142  136  135  131  132  131  124  143  133  140  141  138  137  141  126  136  122  134  132  139  137  140  147  137  134  119  126  125   46
ch:  96  133  136  132  133  124  133  121  126  141  126  141  135  136  135  125  136  135  125  125  132  136  136  123  126  118  124  121  127  122  136  125   33
ch:  97  140  139  136  141  134  147  126  134  134  136  148  134  139  137  136  143  135  126  131  150  139  127  134  143  136  132  149  125  148  137  134   48
ch:  98  132  126  123  140  130  136  131  127  121  133  126  136  131  137  123  133  134  125  126  122  124  123  123  131  122  124  124  132  122  131  125   31
ch:  99  145  135  135  136  139  133  130  136  142  136  135  147  140  144  135  138  138  123  135  142  139  148  132  136  137  139  140  122  136  133  133   56
ch: 100  125  132  122  131  130  135  136  136  148  132  131  123  135  132  138  133  131  123  122  133  134  124  124  131  124  121  130  135  119  131  119   36
ch: 101  125  136  149  136  124  134  133  136  120  142  136  134  127  135  146  134  135  134  139  140  146  131  135  143  140  139  126  119  125  138  135   42
ch: 102  134  136  136  125  124  138  139  124  134  133  124  126  131  131  139  133  121  125  149  126  125  136  136  125  120  130  123  131  123  131  134   31
ch: 103  130  137  126  134  132  134  133  124  137  135  140  139  137  135  142  134  139  140  134  139  137  134  138  137  137  131  137  153  136  138  136   44
ch: 104  137  120  121  137  137  124  134  131  135  133  132  132  135  136  136  130  121  139  133  121  127  123  123  125  117  122  123  126  132  138  137   33
ch: 105  141  138  137  132  140  134  146  133  133  141  141  146  154  138  139  135  133  136  132  133  132  136  138  136  136  138  131  126  133  137  149   55
ch: 106  126  139  135  132  127  134  131  142  131  122  125  126  137  125  132  127  129  137  132  126  125  122  123  115  124  121  124  123  137  121  123   33
ch: 107  139  141  136  142  137  134  140  133  140  138  142  138  140  138  134  148  139  137  130  142  134  138  126  132  149  137  137  137  138  131  147   52
ch: 108  141  122  124  123  132  134  123  136  132  142  123  134  135  123  136  132  125  126  126  126  116  119  121  127  125  133  121  124  124  134  122   41
ch: 109  125  137  149  135  140  131  125  138  138  130  149  124  132  135  125  124  139  131  138  138  150  123  130  125  140  140  120  139  137  131  132   51
ch: 110  132  136  135  131  136  137  139  131  126  131  130  148  131  124  123  137  126  121  119  125  118  126  121  109  115  134  119  123  122  126  111   34
ch: 111  124  142  126  138  139  139  139  130  142  137  140  134  127  134  143  142  139  141  138  136  124  148  142  138  141  139  143  137  146  132  135   46
ch: 112  125  133  135  137  124  135  138  126  132  131  122  124  118  132  119  138  123  130  130  116  126  127  129  123  121  117  116  122  115  120  130   50
ch: 113  136  125  140  136  134  135  134  133  137  142  138  131  150  135  137  140  137  132  136  135  143  137  126  121  147  141  138  138  126  133  134   45
ch: 114  136  124  123  136  126  131  136  130  131  134  132  130  136  119  118  136  131  131  120  111  124  134  124  136  123  124  122  123  131  121  119   25
ch: 115  135  143  134  138  141  133  131  132  139  139  126  148  140  130  137  139  142  133  121  137  132  134  132  139  134  127  136  134  126  127  122   53
ch: 116  136  134  132  141  133  145  125  132  122  124  134  130  116  133  133  125  140  134  138  132  124  119  123  118  119  125  122  115  122  114  120   33
ch: 117  146  136  131  139  126  135  125  141  140  139  147  142  139  135  138  138  125  141  137  132  137  136  140  132  126  140  133  137  128  140  132   46
ch: 118  127  131  135  134  131  140  117  138  124  132  132  131  126  125  123  136  120  131  132  120  124  120  134  123  130  125  117  132  122  124  120   52
ch: 119  130  131  137  147  124  135  142  130  143  126  136  119  139  134  124  135  135  139  136  127  150  153  131  138  133  138  142  135  135  137  136   31
ch: 120  131  142  142  139  140  123  131  118  139  135  124  142  124  133  123  125  134  126  131  133  132  124  118  138  132  124  116  126  120  121  133   27
ch: 121  139  136  140  134  123  130  139  136  132  121  125  133  125  122  139  135  126  130  125  136  133  133  141  137  132  131  131  131  124  125  122   41
ch: 122  131  137  125  137  124  139  137  127  142  134  126  138  133  119  134  130  124  118  133  126  134  131  119  115  131  115  133  108  123  121  134   26
ch: 123  132  136  133  132  141  138  132  131  136  123  138  134  132  125  138  138  131  126  131  126  136  126  134  136  137  132  134  130  123  135  132   49
ch: 124  150  123  130  132  122  130  130  131  132  131  134  138  118  111  121  123  122  125  108  129  126  125  120  119  134  125  122  119  115  123  131    9
ch: 125  127  125  133  139  137  126  140  139  138  126  137  136  131  121  146  126  135  127  120  136  140  143  140  131  123  137  119  135  125  142  134   48
ch: 126  136  140  130  120  134  132  133  132  138  133  125  140  124  123  138  120  135  133  133  121  118  121  133  122  122  122  136  133  135  117  124   -1
ch: 127  147  137  133  133  140  136  115  133  136  131  125  135  138  134  131  138  137  140  133  139  135  126  137  135  126  137  124  137  132  132  133   33
