# ID XA-000-08-002-000-004-195-07
# Tag _trim_
# Date 240410_19:00:09
# Vref_p 57
# Vref_n 23
# Thr2_glb 36
# Vref_t 118
# Vref_t_range 1
# Pol 1
# ADC range 30-247
# FAST disc 30
ch:   0  132  132  111  122  126  108  116  115  132  118  126  108  117  120  111  116  120  116  121  110  134  109  109  114  119  114  120  114  133  119  121   35
ch:   1  122  132  127  123  130  116  132  115  119  111  119  114  103  105  111  119  108  115  118  124  107  108  117  105  115  114  118  120  121  118  145   37
ch:   2  121  122  123  126  118  120  122  118  106  126  114  112  124  118  118  105  110  116  116  117  119  122  121  123  118  118  113  113  131  123  133   35
ch:   3  133  126  123  121  119  123  121  122  116  123   -1  123  118  107  120  113  120  110  115  117  118  117  108  122  111  118  120  118  116  126  125   39
ch:   4  135  121  107  124  121  124  116  108  118  120  118  118  116  123  118  114  113  105  117  116  106  118  110  116  119  116  119  115  124  131  124   41
ch:   5  134  125  109  124  114  119  132  114  131  119  118  117  125  121  109  121  120  110  109  115  124  106  117  116  116  114  121  123  125  135  135   29
ch:   6  117  125  120  108  117  115  118  132  110  109  122  115  116  105  116  118  118  103  118  106  102  104  123  109  121  113  117   98  131  124  120   50
ch:   7  119  120  118  123  122  121  124  119  115  120  120  117  119  125  123  134  120  117  119  117  118  135  131  116  117  116  135  126  136  125  122   44
ch:   8  122  116  117  122  134  123  117  118  118  119  117  108  110  120  117  120  110  120  108  108  106  123  111  123  117  118  109  112  126  108  121   35
ch:   9  125  131  122  119  130  120  121  117  125  116  111  122  126  125  120  120  115  121  122  108  125  114  114  126  118  134  116  118  136  130  124   35
ch:  10  124  123  121  115  120  117  124  116  114  124  119  115  116  109  114  109  114  116  121  109  111  107  110  117  110  109  116  110  121  125  124   31
ch:  11  121  123  132  115  125  116  123  116  114  114  108  123  114  123  124  119  117  109  114  107  115  118  118  121  123  131  122  125  124  120  118   30
ch:  12  121  118  106  121  118  116  122  109  124  110  113  104  115  120  116  100  109  110  117  115  110  110  115  108  117  107  114  114  117  109  130   43
ch:  13  120  125  120  123  132  123  115  119  107  126  113  117  118  118  115  118  114  118  107  120  117  116  124  121  123  113  110  116  120  118  130   35
ch:  14  122  131  126  111  119  109  122  118  122  115  117  109  102  118  116  118  114  106  115  111  109  110  116  116  114  117  116  121  127  122  124   49
ch:  15  121  120  133  122  118  119  109  125  124  121  117  114  120  116  116  108  116  116  109  110  116  117  117  120  116  117  126  121  111  125  123   27
ch:  16  122  120  115  109  132  117  119  121  120  117  120  117  119  118  116  106  108  116  108  115  120  118  102  118  113  107  102  117  121  124  126   42
ch:  17  121  121  123  124  124  118  117  123  116   -1  115  115  133  121  119  123  110  114  117  117  120  114  115  123  132  118  126  124  121  132  124   27
ch:  18  124  124  138  118  120  115  122  119  120  119  109  104  120  110  110  120  110  121  118  101  111  103  107  121  123  123  114  116  110  104  122   36
ch:  19  131  132  117  116  120  115  122  126  110  124  122  117  119  118  122  116  116  123  120  116  122  118  123  131  121  125  117  120  121  122  132   38
ch:  20  121  133  132  117  121  116  125  110  116  115  121  119  115  108  107  118  117  108  117  107  113  120  123  104  110  116  125  109  120  119  123   42
ch:  21  122  124  132  125  107  135  131  115  115  114  125  119  115  120  121   -1  118  121  118  114  116  116  115  124  122  134  127  134  121  133  133   34
ch:  22  110  117  122  123  118  119  116  113  116  131  123  105  115  119  117  115  107  106  123  107  108  118  109  118  117  121  109  110  118  116  108   45
ch:  23  117  123  118  130  124  119  120  117  122  113  122  125  115  114  110  116  114  110  107  115  110  115  119  126  118  119  134  118  121  114  135   39
ch:  24  131  123  122  130  117  119  120  115  123  118  116  132  113  120  114  119  113  120  114  115  129  115  111  116  110  110  134  125  134  120  119   56
ch:  25  123  134  111  116  132  122  117  125  113  131  114  121  108  124  114  118  115  124  118  122  120  113  124  117  119  121  107  110  126  121  131   39
ch:  26  110  114  131  115  116  115  131  121  110  121  115  121  111  108  106  107  115  116  111  120  115  120  115  125  116  116  117  122  120  115  123   40
ch:  27  121  124  123  125  120  126  123  133  116  115  123  114  122  118  114  121  111  115  118  111  118  114  115  122  119  124  130  115  124  143  121   34
ch:  28  118  117  116  121  123  121  124  122  122  119  120  118  108  113  117  117  118  115  107  110  106  104  115  119  111  110  132  107  117  117  117   51
ch:  29  116  119  123  131  135  124  124  125  122  119  123  118  115  123  109  121  105  123  111  121  116  120  118  119  116  119  116  124  121  123  137   34
ch:  30  107  137  116  124  125  117  121  116  110  109  120  111  106  107  109  121  122  111  118  119  118  120  119  115  115  114  109  115  131  118  106   43
ch:  31  122  130  124  117  121  123  116  110  123  116  121  122  107  125  114  120  120  121  120  132  117  111  118  119  110  134  131  127  135  119  126   33
ch:  32  119  117  133  116  110  114  118  120  107  108  109  121  118  116  106  118  115  120  101  104  118  115  136  116  104  120  115  123  110  117  133   54
ch:  33  135  114  121  120  121  122  118  110  106  115  121  126  123  110  109  120  117  122  121  109  117  104  122  108  123  118  123  123  132  122  127   45
ch:  34  130  110  124  117  131  118  121  123  132  111  108  121  105  114  107  109  113  120  109  106  115  106  110  107  106  118  107  118  110  125  122   48
ch:  35  121  123  123  115  126  118  124  117  120  125  127  118  121  106  108  122  117  116  124  124  134  122  121  109  125  121  114  135  121  133  142   37
ch:  36  129  125  124  131  124  114  120  114  123  115  114  122  106  122  130  106  113  111  105  122  104  102  115  119  120  120  124  118  122  109  134   56
ch:  37  118  131  136  121  124  117  137  121  116  124  109  122  102  123  122  117  122  120  119  115  126  115  125  116  133  114  135  119  124  123  137   38
ch:  38  122  120  120  111  119  124  116  114  108  117  116  106  120  113  109  100  119  108   93  124  114  116  108  115  118  119  108  107  116  120  130   52
ch:  39  125  120  134  124  118  134  119  126  133  123  105  117  105  124  119  110  125  105  119  118  117  116  121  117  120  114  119  124  116  123  135   25
ch:  40  124  116  122  110  119  121  123  122  118  120  102  117  112  124  120  105  106  109  110  120  106  103  107  117  117  116  118  109  122  124  124   56
ch:  41  126  121  124  127  119  130  122  134  110  121  117  110  124  123  114  121  109  120  114  123  125  115  115  116  122  122  125  135  124  132  136   48
ch:  42  120  115  130  130  120  111  126  118  118  114  119  127  119  121  109  115  119  122  114  108  118  116  108  108  122  109  105  123  116  118  121   47
ch:  43  126  134  120  119  114  116  123  120  122  114  106  117  122  125  118  120  115  118  107  123  120  106  116  123  132  121  119  133  125  125  135   49
ch:  44  133  120  117  115  117  117  109  115  108  115  116  116  110  121  114  116  113  113  110  120  101  110  122  109  116  110  117  124  108  121  117   56
ch:  45  125  121  130  116  123  132  122  123  124  131  109  126  117  121  116  122  113  116  120  122  132  134  121  133  126  125  133  122  141  127  137   31
ch:  46  123  113  112  114  124  123  117  115  116  116  110  116  106  108  122  116  118  118  112  110  110  110  104  108  116  122  118  115  114  115  117   54
ch:  47  136  121  124  132  119  121  117  116  120  116  117  118  120  118  119  104  111  116  130  120  123  119  122  132  132  136  134  136  132  135  150   41
ch:  48  132  123  119  125  130  111  118  116  116  110  107  115  118  113  111  118  119  111  117  119  108  111  120  106  113  120  123  106  117  120  116   39
ch:  49  125  132  131  125  117  122  117  120  120  123  119  115  115  135  123  118  122  110  116  124  119  115  123  126  130  134  124  134  133  124  121   44
ch:  50  132  121  134  122  108  118  124  120  118  116  119  115  115  106  108  124   -1  110  116   92  116  114  109  115  117  103  105  113  115  120  124   56
ch:  51  123  119  118  121  126  126  137  116  115  123  122  121  126  123  117  137  118  116  122  115  117  108  118  123   -1  123  132  118  118  123  130   47
ch:  52  131  118  124  132  118  115  119  121  111  121  110  115  107  108  108  118  115  105  120  119  118  117  111  106  106  114  110  120  117  123  116   53
ch:  53  121  116  123  120  127  136  127  131  110  116  123  125  116  117  114  125  107  120  125  117  120  117  125  121  139  134  125  118  122  134  136   44
ch:  54  134  116  119  121  119  122  110  115  109  109  120  119  116  120  125  116  117  116  108  108  107  115  108  122  106  108  121  120  117  118  123   54
ch:  55  125  125  123  135  135  123  121  120  122  130  119  130  126  124  124  116  120  119  110  122  126  116  122  119  120  126  121  123  132  136  136   36
ch:  56  132  124  125  125  130  124  119  108  119  113  118  121  118  120  118  111  115  108  113  110  116  112  112  134  121  118  115  115  119  122  120   40
ch:  57  122  125  134  124  126  125  122  124  123  119  117  114  132  122  114  108  126  119  116  110  131  107  114  123  120  121  120  131  125  120  127   34
ch:  58  126  124  118  108  114  116  115  117  124  117  121  123  109  113  113  113  114  108  100  103  105  118  116  122  118  108  120  113  118  109  120   37
ch:  59  118  118  132  134  121  124  132  119  127  109  131  121  121  111  122  124  121  114  138  125  123  138  118  131  122  118  120  122  134  125  141   26
ch:  60  120  119  111  127  124  122  117  109  116  119  116  110  120  110  122  107  108  115  112  107  104  108  108  109  116  107  112  114  101  118  106   39
ch:  61  135  136  126  122  112  118  120  132  113  131  117  114  121  122  115  122  121  114  131  123  121  119  120  118  127  133  117  126  124  132  132   36
ch:  62  120  131  119  131  124  123  123  115  117  115  122  117  109  114  116  117  106  105  115  120  117  109  110  117  122  119  108  115  110  123  117   51
ch:  63  123  108  130  124  122  120  114  118  125  134  110  123  125  113  123  118  125  121  135  120  124  133  121  126  124  125  133  123  126  133  125   33
ch:  64  124  123  125  122  109  119  109  117  118  131  130  115  120  120  124  118  115  107  106  110  107  108  101  108  117  110  115  121  120  123  120   39
ch:  65  120  123  122  115  118  122  120  122  105  117  122  119  123  121  122  110  107  123  115  121  132  116  114  126  131  130  127  119  139  135  126   39
ch:  66  135  117  123  125  118  115  120  105  125  126  106  115  115  120  110  107  108  123  107  110  104  110  104  110  109  109  115  107  103  116  121   51
ch:  67  118  124  121  119  117  121  124  119  118  125  127  119  118  117  123  116  116  122  131  105  123  121  115  119  123  117  123  123  120  120  126   47
ch:  68  120  122  121  114  115  125  119  100  108  116  119  123  110  122  114  116  109  115  109  109  107  106  109  102  114  119  116  132  105  124  117   50
ch:  69  117  135  122  133  120  125  106  120  115  123  116  121  110  121  115  126  115  108  125  119  121  117  136  124  113  132  132  131  122  122  123   34
ch:  70  120  113  105  121  123  122  119  131  126  131  107  121  117  116  113  115  113  116  113  104  108  107  114  109  102  106  118  133  109  116  132   53
ch:  71  125  114  126  132  125  107  118  119  126  127  118  116  115  104  117  125  119  120  119  110  123  121  131  124  132  117  134  131  137  119  125   37
ch:  72  123  122  123  132  123  118  130  116  122  115   -1  122  115  113  117  120  115  119  102  105  109  107  107  115  114  120  120  121  113  118  114   46
ch:  73  121  124  119  118  117  123  120  114  120  121  114  114  114  122  118  119  126  119  109  110  115  118  123  126  123  115  121  122  135  136  136   24
ch:  74  117  124  138  136  123  111  119  123  110  115  104  118  131  122  104  118  116  108  113  119  104  120  110  118  114  115  116  108  110  116  135   40
ch:  75  131  120  135  120  122  124  116  116  117  124  111  120  113  124  119  118  120  119  121  116  122  119  123  119  123  124  120  123  138  123  133   37
ch:  76  137  132  134  124  123  135  118  119  119  116  119  109  117  115  110  114  109  114  116  113  106  119  119  110  117  123  118  110  120  125  116   40
ch:  77  135  134  121  118  120  130  123  116  119  107  122  121  119  120  108  115  107  116  113  119  125  102  119  123  132  116  121  134  124  121  125   39
ch:  78  125  119  122  126  114  118  106  123  118  102  116  116  118  114  115  103  111  121  108  108  117  107  110  115  116  117  114  122  116  114  121   47
ch:  79  132  131  125  126  119  119  110  108  117  116  119  108  117  109  119  120  115  121  120  122  118  111  114  117  106  124  123  118  133  123  116   28
ch:  80  138  118  131  125  121  111  121  120  107  117  109  117  116  107  122  115  119  106  119  119  108  105  117  107  104  110  118  119  108  122  120   56
ch:  81  119  114  132  119  134  123  116  121  120  107  119  108  131  117  120  108  117  116  116  118  108  119  108  124  117  120  116  121  120  118  134   38
ch:  82  116  119  119  122  118  127  116  117  110  111  121  111  118  120  117  110  102  121  113  117  106  122  121  108  107  116  117  118  120  125  107   42
ch:  83  115  125  119  120  119  120  118  116  136  120  116  117  118  123  112  108  107  123  109  118  117  111  116  115  108  120  125  118  132  138  126   52
ch:  84  124  135  125  123  120  122  117  118  123  117  125  109  134  118  115  123  115  108  119  119  115  118  107  107  108  117  118  120  107  121  130   46
ch:  85  119  118  120  116  108  122  121  125  109  123  121  116  110  117  117  121  114  124  116  125  123  120  110  109  121  133  122  122  124  125  133   42
ch:  86  119  117  119  125  119  115  120  118  121  109  115  122  110  125  121  112  117  105  117  116  132  113  118  112  118  108  115  115  133  115  132   36
ch:  87  123  134  133  126  116  107  116  115  121  120  115  116  115  118  116  111  106  112  108  110  116  120  118  119  121  124  119  122  127  121  135   42
ch:  88  121  120  117  133  135  115  115  120  110  113  118  117  114  115  115  116  106  114  112  121  114  114  121  110  107  105  132  108  108  125  126   39
ch:  89  118  124  134  121  110  119  114  114  113  125  118  116  119  123  110  121  121  111  115  117  113  107  110  110  125  119  119  117  118  120  123   29
ch:  90  114  124  113  120  116  123  108  118  123  126  107  105  136  104  109  114  100  109  110  110  117  110  115  110  111  114  116  118  120  115  116   40
ch:  91  121  125  122  120  116  111  118  115  116  115  118  110  119  120  122  119  116  114  109  108  117  120  107  118  108  118  118  124  125  134  125   34
ch:  92  136  121  124  122  127  123  111  119  118  120  121  117  115  122  115  121  118  114  110  118  110  105  118  104  115  108  109  117  124  122  122   41
ch:  93  120  120  134  123  122  126  119  121  116  135  116  113  110  117  117  119  120  107  110  115  115  117  123  103  111  106  124  115  127  125  120   38
ch:  94  131  120  136  124  118  120  118  125  121  123  108  121  121  114  116  103  110  108  116  103  110  118  110  122  117  113  120  115  126  105  116   39
ch:  95  120  118  124  120  119  115  118  113  130  128  123  103  116  115  116  117  115  117  120  125  108  122  118  117  110  123  122  118  134  126  123   42
ch:  96  124  110  123  118  116  110  118  119  109  118  117  113  120  116  118  117  107  104  117  114  119  107  113  115  108  108  118  117  122  118  123   46
ch:  97  127  125  121  131  123  131  120  116  122  122  124  121  123  108  120  111  115  123  107  110  120  122  119  119  120  117  120  134  132  119  133   38
ch:  98  121  117  121  119  118  118  119  121  120  118  113  117  115  101  115  109  107  116  114  111  110  111  119  116  100  118  116  124  119  117  110   56
ch:  99  121  121  120  122  133  124  122  122  109  123  110  120  117  120  120  117  120  124  116  118  111  122  133  126  120  124  117  125  124  122  138   34
ch: 100  117  121  126  139  122  118  120  109  114  124  122  120  116  110  113  104  115  114  110  116  115  107  107  116  119  118  117  106  120  119  121   43
ch: 101  122  124  124  126  126  121  130  125  121  118  107  117  118  108  118  118  114  119  113  124  109  125  110  118  125  119  122  119  137  127  121   24
ch: 102  121  113  125  125  123  121  118  123  115  116  116  123  121  115  116  107  103  109  107  116  108  105  108  105  118  114  123  115  122  108  113   48
ch: 103  137  127  133  120  130  115  123  107  120  121  119  132  116  111  103  118  114  115  111  122  122  123  119  124  121  118  114  119  123  134  125   23
ch: 104  132  131  118  124  116  120  117  118  116  121  111  117  120  115  114  121  107  113  117  115  116  115  114  114  109  108  111  110  117  125  120   54
ch: 105  118  123  123  110  132  133  125  121  120  115  116  117  118  118  116  115  117   -1  116  104  115  120  118  106  113  122  122  118  124  134  126   35
ch: 106  125  131  124  122  116  108  118  122  117  110  117  116  109  117  119  108  122  117  113  110  118  120  120  105  120  110  120  117  119  118  123   52
ch: 107  130  131  123  121  119  119  109  126  116  114  124  122  120  119  121  131  113  120  118  116  125  114  123  125  116  118  115  140  114  132  135   36
ch: 108  117  115  121  120  123  124  116  125  118  122  123  119  120  111  118  118  116  115  118  107  120  103  119  119  115  117  121  105  121  125  127   55
ch: 109  118  119  125  114  117  126  119  125  108  104  118  125  122   94   -1  112  121  112  118  105  120  116  108  121  123  123  123  123  122  132  121   41
ch: 110  126  123  131  119  122  114  120  115  120  116  127  105  114  122  119  111  115  104  123  117  114  119  119  110  115  123  109  118  121  108  130   56
ch: 111  126  114  126  119  124  124  125  117  120  133  116  120  120  118  132  103  119  107  121  121  114  113  117  121  119  130  121  125  117  123  123   27
ch: 112  135  116  121  116  120  119  111  109  123  120  111  120  115  111  118  107   -1  109  106  119  106  106  122  109  117  117  124  119  133  131  119   51
ch: 113  132  118  125  126  134  118  123  119  125  118  122  121  108  114  109  125  120  117  108  117  113  121  120  110  113  109  121  121  131  122  125   32
ch: 114   -1  118  115  132  115  117  121  121  124  116  119  115  108  116  108  109  104  108  121  106  107  116  119  118  109  124  105  117  117  115  118   38
ch: 115  123  135  125  112  108  119  122  133  122  121  110  126  119  117  116  117  105  117  118  121  122  114  122  117  113  121  123   -1  123  123  121   28
ch: 116  124  116  109  125  119  115  110  115  118  118  104  116  120  110  105  110  114  114  106  123  115  104  107  115  117  110  122  121  108  120  115   48
ch: 117  116  126  120  109  131  117  126  117  120  115  118  108  118  118  125  115  117  114  109  119  107  120  122  132  121  118  118  117  132  108  122   31
ch: 118  120  121  130  121  119  110  131  116  120  116  115  117  125  118  117  105  118  115  118  119  109  115  116  115  115  109  123  122  118  120  119   52
ch: 119  132  125  123  122  118  117  111  121  120  117  121  121  114  115  108  118  117  115  117  115  118  116  110  118  120  116  107  131  121  124  134   35
ch: 120  138  124  121  136  123  131  115  117  110  110  124  117  120  108  115  115  115  107  108  110  117  116  107  106  116  116  116  131  125  120  124   56
ch: 121  122  124  127  124  130  125  122  116  121  108  114  121  120  121  122  111  110  117  119  126  118  115  124  108  125  122  119  136  127  121  122   34
ch: 122  121  118  117  117  132  123  116  116  117  115  131  108  106  109  109  107  104  115  120  115  120  117  115  116  117  119  109  121  116  121  118   42
ch: 123  135  135  115  118  119  119  121  124  118  117  115  118  122  120  110  121  110  106  107  115  119  116  123  110  120  120  117  110  115  123  124   27
ch: 124  134  132  121  123  110  138  117  120  123  122  117  117  106  106  111  107  110  110  116  108  121  130  109  122  122  130  134  121  124  132  124   42
ch: 125  131  132  126  125  110  116  124  137  115  123  114  116  120  120  119  119  122  116  121  115  122  132  118  119  123  133  124  125  131  133  124   38
ch: 126  130  123  116  123  130  120  111  115  115  118  110  117  128  120  121  117  112  126  108  120  108  110  113  110  116  110  115  130  130  135  116   36
ch: 127  132  124  120  122  116  124  124  125  120  121  118  120  121  108  109  121  124  121  116  116  110  116  131  123  123  117  133  123  137  126  126   30
