ch    0:      0     0     0     0     0     0     0     0     0     0     0     0     0     0     0     0     0     0     0     0     0     1     4    63   737  3498  7258  8484  6326 10121 11547  3521
ch    1:      0     0     0     0     0     0     0     0     0     0     0     0     0     0     0     0     0     0     0     1     1     3    21   246  1910 13728  9315  6867 10710  7842  8910  8617
ch    2:      0     0     0     0     0     0     0     0     0     0     0     0     0     0     0     0     0     0     0     0     0     4    61   422  3040 14263 13231 11103 11820  7401 14444 13508
ch    3:      0     0     0     0     0     0     0     0     0     0     0     0     0     0     0     0     0     0     0     0     0     3    62   642  3912 10012 10774  7797  7040 14016  9418  9456
ch    4:      0     0     0     0     0     0     0     0     0     0     0     0     0     0     0     0     0     0     0     0     0     4    62   628  5607  8510 11823 11667  9867 10775 11222  3523
ch    5:      0     0     0     0     0     0     0     0     0     0     0     0     0     0     0     0     0     0     0     0     2     5    90   903  6005  7591 15748  8042  8547 11662  7234  8835
ch    6:      0     0     0     0     0     0     0     0     0     0     0     0     0     0     0     0     0     0     0     0     2    11   158  1232  6621 14363 11249  5873 11466 10588 10361  7224
ch    7:      0     0     0     0     0     0     0     0     0     0     0     0     0     0     0     0     0     0     0     0     2    13   153  1048  8175 11072  5658  8314  6525  7259 11369  8896
ch    8:      0     0     0     0     0     0     0     0     0     0     0     0     0     0     0     0     0     0     0     0     0    14   196   930  7280 11904  2440 13138 12879 12520 11060 10308
ch    9:      0     0     0     0     0     0     0     0     0     0     0     0     0     0     0     0     0     0     0     0     1    18   172  1532  8837  8898 14062  9948 10618 14918 12385  9502
ch   10:      0     0     0     0     0     0     0     0     0     0     0     0     0     0     0     0     0     0     0     0     4    18   190  1070 10802  5071  5152 13270 11475  9152 11288 13507
ch   11:      0     0     0     0     0     0     0     0     0     0     0     0     0     0     0     0     0     0     0     0     4    25   424  2317 12592 12760  7185  8935  8277 12006 13070  6163
ch   12:      0     0     0     0     0     0     0     0     0     0     0     0     0     0     0     0     0     0     0     0     4    25   199  2668 13489  5756  8237 13581 10740 11098  9728 14235
ch   13:      0     0     0     0     0     0     0     0     0     0     0     0     0     0     0     0     0     0     0     0     3    40   306  2825 14399  8085 12708  6801  9590  8090 12343 14643
ch   14:      0     0     0     0     0     0     0     0     0     0     0     0     0     0     0     0     0     0     0     0     1    22   278  2168 15702 11766  9307  6817 13386  6634 10082 14123
ch   15:      0     0     0     0     0     0     0     0     0     0     0     0     0     0     0     0     0     0     0     0     1    23   413  2297 10768 10028 14199  9398  5814 13252 10532  8369
ch   16:      0     0     0     0     0     0     0     0     0     0     0     0     0     0     0     0     0     0     0     0     8    31   204  1915 12441  9875  9327 11284  9339 12294  7667 14390
ch   17:      0     0     0     0     0     0     0     0     0     0     0     0     0     0     0     0     0     0     0     0     4    76   633  3805  8040  4289 11023  9432  3758  8506  6821  9149
ch   18:      0     0     0     0     0     0     0     0     0     0     0     0     0     0     0     0     0     0     0     0     2    62   348  3809 11543  9988  9768 15335  7832 13330  8703 11366
ch   19:      0     0     0     0     0     0     0     0     0     0     0     0     0     0     0     0     0     0     0     0     7    56   437  4503  3772 13323 10270 10626 12522 13084 11992 12420
ch   20:      0     0     0     0     0     0     0     0     0     0     0     0     0     0     0     0     0     0     1     2     8    62   368  3670 11627  9752 10528 13334  8098  8633  9798 10164
ch   21:      0     0     0     0     0     0     0     0     0     0     0     0     0     0     0     0     0     0     0     0     1    42   347  2763  8949 18655  8763 11527  8125  7516 10363  8194
ch   22:      0     0     0     0     0     0     0     0     0     0     0     0     0     0     0     0     0     0     0     1     4    55   661  4180  5981 13524 10764  6676  9561  6807 11107 10000
ch   23:      0     0     0     0     0     0     0     0     0     0     0     0     0     0     0     0     0     0     0     2    12    93   663  5364  9361 13832 14380 10121  8381 11823 10174 11774
ch   24:      0     0     0     0     0     0     0     0     0     0     0     0     0     0     0     0     0     0     0     0     5    60   598  2789  9497  8369  7405 11511 11541 13712  9992 10245
ch   25:      0     0     0     0     0     0     0     0     0     0     0     0     0     0     0     0     0     0     0     0     1    39   637  4587 13262  8513  9123 13073  7417 11470  4970 18847
ch   26:      0     0     0     0     0     0     0     0     0     0     0     0     0     0     0     0     0     0     0     1    12    74   560  5313 15864  8780  4840  6566 11058 14211 15616 14273
ch   27:      0     0     0     0     0     0     0     0     0     0     0     0     0     0     0     0     0     0     0     0    13    78  1161  6070 17705  7208 12892 12941  8751  7742 11845 10049
ch   28:      0     0     0     0     0     0     0     0     0     0     0     0     0     0     0     0     0     0     0     0     2    40   555  3637  2028 10383 10879  9151 13329 12786  6431 12554
ch   29:      0     0     0     0     0     0     0     0     0     0     0     0     0     0     0     0     0     0     0     0     4    61   644  6710 14675  9508 13397  9229 10851 10860 11278 14413
ch   30:      0     0     0     0     0     0     0     0     0     0     0     0     0     0     0     0     0     0     0     0    11   115   755  6377 11684  9906  7087  8546  7104 12653 13865 10642
ch   31:      0     0     0     0     0     0     0     0     0     0     0     0     0     0     0     0     0     0     0     0     6    74  1008  6136 14210 12053  9071  9719  8770 10481 10273  4364
ch   32:      0     0     0     0     0     0     0     0     0     0     0     0     0     0     0     0     0     0     0     1    13    97   661  5261  8152 14172  9673  9718 14294  8279 11372 11174
ch   33:      0     0     0     0     0     0     0     0     0     0     0     0     0     0     0     0     0     0     0     0     7   122  1517  9780  5974 10359 14785  5946 14485 12448 13187 10766
ch   34:      0     0     0     0     0     0     0     0     0     0     0     0     0     0     0     0     0     0     0     0    10   119   815  8244  2546 12306 10595 12045 14569  5964 10665 10449
ch   35:      0     0     0     0     0     0     0     0     0     0     0     0     0     0     0     0     0     0     0     1     9   130  1200  7017 12233 11611  6237 14686  9956 10079 13718 13248
ch   36:      0     0     0     0     0     0     0     0     0     0     0     0     0     0     0     0     0     0     0     0     8    77  1196 11116 12459 11338  7547  8998  8525  6864 11626  9801
ch   37:      0     0     0     0     0     0     0     0     0     0     0     0     0     0     0     0     0     0     0     0     7   109  1060 10276 17569  7013 11816  9394 11745 11480  9996  4935
ch   38:      0     0     0     0     0     0     0     0     0     0     0     0     0     0     0     0     0     0     0     0     5    90   788  6733 14405 10385  9001 12466 13232 12739  7864  8073
ch   39:      0     0     0     0     0     0     0     0     0     0     0     0     0     0     0     0     0     0     0     2     9   209  2355 14856  7786  7845 15085 12411  9078 10697 11007  9159
ch   40:      0     0     0     0     0     0     0     0     0     0     0     0     0     0     0     0     0     0     0     1     8    80  1400  7151 17559 13250  9311 11987 11968 12342 11121  6675
ch   41:      0     0     0     0     0     0     0     0     0     0     0     0     0     0     0     0     0     0     0     1    20   162  1550 12384  6615  5871 10361 12757 13309 10668 10003 10014
ch   42:      0     0     0     0     0     0     0     0     0     0     0     0     0     0     0     0     0     0     0     2    20   177  1388 10227 12147 12295  6935  7491  9501 10112 10597  8636
ch   43:      0     0     0     0     0     0     0     0     0     0     0     0     0     0     0     0     0     0     0     1    15   183  1957 10526 15481  7937 13735 10018 13964  8103 10694 10400
ch   44:      0     0     0     0     0     0     0     0     0     0     0     0     0     0     0     0     0     0     0     2    13   120  1296  6946 11474 13681 11896 10001  9778  8716 13434 13026
ch   45:      0     0     0     0     0     0     0     0     0     0     0     0     0     0     0     0     0     0     1     3    32   212  1230 11199 13950 12241  7709  8614  8421 10590 10423  9991
ch   46:      0     0     0     0     0     0     0     0     0     0     0     0     0     0     0     0     0     0     0     1    28   151  2316 10387 11882 12580 15190  8855 12189 13729 10879 11880
ch   47:      0     0     0     0     0     0     0     0     0     0     0     0     0     0     0     0     0     0     1     2    18   194  1916 10073 11816 11385  5004 12731 14083  6649 11016 13267
ch   48:      0     0     0     0     0     0     0     0     0     0     0     0     0     0     0     0     0     0     0     1    12   212  2025  9162  9247 10234  8964  8791  5301 11564 10767 13531
ch   49:      0     0     0     0     0     0     0     0     0     0     0     0     0     0     0     0     0     0     0     1    23   195  2146 15882 11527  9488  8709 11790 10719 11976 10987  7684
ch   50:      0     0     0     0     0     0     0     0     0     0     0     0     0     0     0     0     0     0     1     5    30   219  1867 12285 12412  7349 12354 10120  9805 11202  9467 13533
ch   51:      0     0     0     0     0     0     0     0     0     0     0     0     0     0     0     0     0     0     0     5    19   294  2576 17558  8742  9289 11384 10762 12362  8141  8691  8078
ch   52:      0     0     0     0     0     0     0     0     0     0     0     0     0     0     0     0     0     0     0     1    17   217  2372 12501  9915  8895  4878  8204  9581 13082  8159 13877
ch   53:      0     0     0     0     0     0     0     0     0     0     0     0     0     0     0     0     0     0     0     4    36   256  2955 14852  9892  7351 13066 10262  7424 10782 11388 10855
ch   54:      0     0     0     0     0     0     0     0     0     0     0     0     0     0     0     0     0     0     0     0    45   281  1783 12609  8691 11988  8238 10410 11497  2754 10331 15268
ch   55:      0     0     0     0     0     0     0     0     0     0     0     0     0     0     0     0     0     0     1     2    34   338  2449  3784 16219 11651  7862  9372  8363 14450  9666 11421
ch   56:      0     0     0     0     0     0     0     0     0     0     0     0     0     0     0     0     0     0     0     2    36   356  3396 16493 13671  7306  9077  8986 12479 14219  5908  8874
ch   57:      0     0     0     0     0     0     0     0     0     0     0     0     0     0     0     0     0     0     0     5    39   214  2447 17525 10056 13045 10889 15012  9969  6329 12471 10167
ch   58:      0     0     0     0     0     0     0     0     0     0     0     0     0     0     0     0     0     0     0     1    23   171  1994 14644  2413 11474  8162  5000 10288 12368  9123 11096
ch   59:      0     0     0     0     0     0     0     0     0     0     0     0     0     0     0     0     0     0     0     1    30   242  2433 17967  9352 12392 11377 10737  7558 11562  8260  9813
ch   60:      0     0     0     0     0     0     0     0     0     0     0     0     0     0     0     0     0     0     1     2    17   290  3165  1560 10225  8666  5820 10609 10797  8351 13024  7834
ch   61:      0     0     0     0     0     0     0     0     0     0     0     0     0     0     0     0     0     0     0     2    22   224  2013 18818  4955 10076 11481 14201  6256 10187 11590 12930
ch   62:      0     0     0     0     0     0     0     0     0     0     0     0     0     0     0     0     0     0     0     3    44   353  2716   718 13274 11997 12866 12267 12647  7949 12306 13468
ch   63:      0     0     0     0     0     0     0     0     0     0     0     0     0     0     0     0     0     0     0     0    25   320  3098  4192 14856  7702 17472 10998 10869 13344  9919  9058
ch   64:      0     0     0     0     0     0     0     0     0     0     0     0     0     0     0     0     0     0     0     1    21   182  1945 11533 13420 10557 11806 15325 10393 11164  6320 10546
ch   65:      0     0     0     0     0     0     0     0     0     0     0     0     0     0     0     0     0     0     0     3    38   300  3246 15165 10226 12069  8684  7884 11958  7686 10055  9510
ch   66:      0     0     0     0     0     0     0     0     0     0     0     0     0     0     0     0     0     0     0     1    31   281  2164 18166  9439 15716 11240  9165 11605 13106 14527 15148
ch   67:      0     0     0     0     0     0     0     0     0     0     0     0     0     0     0     0     0     0     0     2    41   412  4797 15422 12497 13771 11628  9761  6763  5479  8814 11046
ch   68:      0     0     0     0     0     0     0     0     0     0     0     0     0     0     0     0     0     0     0     1    18   229  2736 14751 12021 13315  9674  4843 11878 10698 13441 11244
ch   69:      0     0     0     0     0     0     0     0     0     0     0     0     0     0     0     0     0     0     0     4    42   532  4081  4219 11299  8991  9095 13140  7132 13850 16603 10701
ch   70:      0     0     0     0     0     0     0     0     0     0     0     0     0     0     0     0     0     0     1     5    33   314  1658  1287  5586 12727 11125 10594 15731 13548 12531  9604
ch   71:      0     0     0     0     0     0     0     0     0     0     0     0     0     0     0     0     0     0     0     5    28   366  4768  6617 12831 10475  8446 14172 11917 10426  4909  9075
ch   72:      0     0     0     0     0     0     0     0     0     0     0     0     0     0     0     0     0     0     1     2    10   227  1921 16947  8922 15796  8441 13853 12512  8055  7123  4276
ch   73:      0     0     0     0     0     0     0     0     0     0     0     0     0     0     0     0     0     0     0     4    25   418  3987 13384 13247  6563 14180  6852 11212 12952  7401  4816
ch   74:      0     0     0     0     0     0     0     0     0     0     0     0     0     0     0     0     0     0     0     2    34   459  2698  1860 11878 12479  9637  8130 13454  8983 10149 13696
ch   75:      0     0     0     0     0     0     0     0     0     0     0     0     0     0     0     0     0     0     0     4    69   595  5076  8979 12154 14648  6837 13294 11473 10019  4463 13303
ch   76:      0     0     0     0     0     0     0     0     0     0     0     0     0     0     0     0     0     0     0     2    38   308  2386 17591  9213  5309  6217  8070 15124 11189 13821  8802
ch   77:      0     0     0     0     0     0     0     0     0     0     0     0     0     0     0     0     0     0     1     5    55   508  3093  3649 12007 13772 12380  8122  8829  7898 10607  8412
ch   78:      0     0     0     0     0     0     0     0     0     0     0     0     0     0     0     0     0     0     0     3    45   426  3992  5491 11550  7534 10992  8945  7273  9062 10549  6849
ch   79:      0     0     0     0     0     0     0     0     0     0     0     0     0     0     0     0     0     0     0     9    36   497  2959  6790 11234  8365 10969  7380 10204  8092  8631  5967
ch   80:      0     0     0     0     0     0     0     0     0     0     0     0     0     0     0     0     0     0     1     2    28   399  3008 18695 14570 12846  6098  6622 11198 15843  6321 13403
ch   81:      0     0     0     0     0     0     0     0     0     0     0     0     0     0     0     0     0     0     0     2    45   464  4785  7174  7659 10306  8988 11751  9952  9349  4833 15594
ch   82:      0     0     0     0     0     0     0     0     0     0     0     0     0     0     0     0     0     0     0     1    37   335  2088 14907  9773 14846 13389 10736  9785 14176 11902  8656
ch   83:      0     0     0     0     0     0     0     0     0     0     0     0     0     0     0     0     0     0     0     3    49   500  4533 12195 14095 11719 12123  9942  9799  7872 14445  7590
ch   84:      0     0     0     0     0     0     0     0     0     0     0     0     0     0     0     0     0     0     1     3    45   356  3321  7097 10902  9671  8617  7583 13484 11060 15848 10707
ch   85:      0     0     0     0     0     0     0     0     0     0     0     0     0     0     0     0     0     0     0     2    28   650  5772 16362  8102 11200 10742  9351 14640 13268  6731  8946
ch   86:      0     0     0     0     0     0     0     0     0     0     0     0     0     0     0     0     0     0     0     4    42   431  3308   923  9766 11455  8643  9323  7839 15586 13485 12971
ch   87:      0     0     0     0     0     0     0     0     0     0     0     0     0     0     0     0     0     0     0     0    35   220  4314 16168  3992 14102  9781 10810  9926  8806  7849 11399
ch   88:      0     0     0     0     0     0     0     0     0     0     0     0     0     0     0     0     0     0     0     1    20   237  2586 17019  8373  9298 12461  9078 12172 11889  9996 12605
ch   89:      0     0     0     0     0     0     0     0     0     0     0     0     0     0     0     0     0     0     0     2    32   362  4273  6782  7174 13050 12162 14987 10441  6099 12062 11703
ch   90:      0     0     0     0     0     0     0     0     0     0     0     0     0     0     0     0     0     0     0     4    31   331  2961 16045  8949 10221  8659 14891  8691  8403 14778 11498
ch   91:      0     0     0     0     0     0     0     0     0     0     0     0     0     0     0     0     0     0     0     3    50   526  4692 10890  9878  7224  9006  9895  5819  7795 14745  9773
ch   92:      0     0     0     0     0     0     0     0     0     0     0     0     0     0     0     0     0     0     0     6    27   276  3340  3459  6808  9051 12628 12941 11257 13241  9237 11734
ch   93:      0     0     0     0     0     0     0     0     0     0     0     0     0     0     0     0     0     0     0     3    24   347  4013  1720 12813 10776 13445 12189 10783  7364 10775  8419
ch   94:      0     0     0     0     0     0     0     0     0     0     0     0     0     0     0     0     0     0     0     2    37   348  2708  4571  7176 10702 10029 12441  7070 15308 11412  8759
ch   95:      0     0     0     0     0     0     0     0     0     0     0     0     0     0     0     0     0     0     0     4    45   600  7747  9675  5225 13333  8421 13620 10336  7130  8088 12350
ch   96:      0     0     0     0     0     0     0     0     0     0     0     0     0     0     0     0     0     0     0     7    36   426  3618  9271  8495  9357  4139 10399  7522 10038 10018 10242
ch   97:      0     0     0     0     0     0     0     0     0     0     0     0     0     0     0     0     0     0     0     4    29   470  4348 14027  8017  6507  9767  9805 10302  8282 11947 10175
ch   98:      0     0     0     0     0     0     0     0     0     0     0     0     0     0     0     0     0     0     0     1    48   421  3254  6434 16950 11274  5765 10217  9267 16461 11579  6872
ch   99:      0     0     0     0     0     0     0     0     0     0     0     0     0     0     0     0     0     0     0     3    43   393  3134 11073  6173 13597 12164 10901  7058  8929  8672 12988
ch  100:      0     0     0     0     0     0     0     0     0     0     0     0     0     0     0     0     0     0     1     2    26   384  2019  6141  9795  9633 11409  7180  7546  6667 10398 11196
ch  101:      0     0     0     0     0     0     0     0     0     0     0     0     0     0     0     0     0     0     0     1    35   527  3413 12785  7665  7848 15044 10762  9525 12992 11748  6868
ch  102:      0     0     0     0     0     0     0     0     0     0     0     0     0     0     0     0     0     0     1     3    47   400  2815 10567 10109 11113  7063 14386 11025 10545  6186 12075
ch  103:      0     0     0     0     0     0     0     0     0     0     0     0     0     0     0     0     0     0     0     3    70   502  5528 13991 11314 12262  8056  9626 11945  9761 12387  9176
ch  104:      0     0     0     0     0     0     0     0     0     0     0     0     0     0     0     0     0     0     0     1    39   336  3493  8061  5414 10160 10221 16513  8430 12741  7870 11964
ch  105:      0     0     0     0     0     0     0     0     0     0     0     0     0     0     0     0     0     0     0     6    75   821  6233 13749 10826  9317 16840 10458 10686 10631  9788  7652
ch  106:      0     0     0     0     0     0     0     0     0     0     0     0     0     0     0     0     0     0     1     5    49   472  4929  6451  7157  9121 13802 10177 13193 10422  9585  5697
ch  107:      0     0     0     0     0     0     0     0     0     0     0     0     0     0     0     0     0     0     0     2    83   580  5514 17502  5249  7278  8205 12845  8217 12632 12916  8218
ch  108:      0     0     0     0     0     0     0     0     0     0     0     0     0     0     0     0     0     0     0     5    59   725  5389  9091 11779  9645 12476  5945 13732 15880  8957  6982
ch  109:      0     0     0     0     0     0     0     0     0     0     0     0     0     0     0     0     0     0     0     2    30   370  2950  7670 10356  7256  8014 10401  7546 13213 12596 11776
ch  110:      0     0     0     0     0     0     0     0     0     0     0     0     0     0     0     0     0     0     1     2    32   501  3236  9482  7208  8947  8062 12218  8691 11469  7982 13995
ch  111:      0     0     0     0     0     0     0     0     0     0     0     0     0     0     0     0     0     0     0     7    52   506  5068 14057  9552 10845  8213  7784  8060  8225  8664  9672
ch  112:      0     0     0     0     0     0     0     0     0     0     0     0     0     0     0     0     0     0     0     4    35   705  3276 16239  9483  7747  7754 13010 11874  7468 10181 13601
ch  113:      0     0     0     0     0     0     0     0     0     0     0     0     0     0     0     0     0     0     0     5    56   421  3271 14750 12765 11272  9509 10125  9870 12553 10822 13538
ch  114:      0     0     0     0     0     0     0     0     0     0     0     0     0     0     0     0     0     0     1     7    31   380  2975 11857  9934  7343  8423  8918 11223 12239  9125 10266
ch  115:      0     0     0     0     0     0     0     0     0     0     0     0     0     0     0     0     0     0     0     3    86   618  6351 14670  9377  4337  7917  6806  6007 12262 12328  8891
ch  116:      0     0     0     0     0     0     0     0     0     0     0     0     0     0     0     0     0     0     1     2    26   238  2608 17915  9561 14609  9587 15941  6786  4959 11041  9163
ch  117:      0     0     0     0     0     0     0     0     0     0     0     0     0     0     0     0     0     0     0     5    33   390  4181  1528  8866 12593  8797  9160  8564 13586 12264  6985
ch  118:      0     0     0     0     0     0     0     0     0     0     0     0     0     0     0     0     0     0     0     2    37   277  3543  1658 14037 13930 14850  8960  9067  9624  9563  8957
ch  119:      0     0     0     0     0     0     0     0     0     0     0     0     0     0     0     0     0     0     0     5    35   553  3901 13445 10323 13684 10498  7752 14071 12941 12805 12941
ch  120:      0     0     0     0     0     0     0     0     0     0     0     0     0     0     0     0     0     0     0     3    36   344  4496  3328  8594 13952  6758 12706  8735 13125  9074 11723
ch  121:      0     0     0     0     0     0     0     0     0     0     0     0     0     0     0     0     0     0     3     5    45   532  3525 10580  8237  7559 11326  7109 12257  7852 12202  9162
ch  122:      0     0     0     0     0     0     0     0     0     0     0     0     0     0     0     0     0     0     1     4    28   338  3137  6970  8737  9721 13221 10863  9692  9128  8355 11798
ch  123:      0     0     0     0     0     0     0     0     0     0     0     0     0     0     0     0     0     0     0     0   106   595  5853 14221 16178 11012 12468  6278  8934 11636  9158 10636
ch  124:      0     0     0     0     0     0     0     0     0     0     0     0     0     0     0     0     0     0     0     6    34   525  2841  2021  5464  9053 12777  9577  9726  9463 10120 11425
ch  125:      0     0     0     0     0     0     0     0     0     0     0     0     0     0     0     0     0     0     0     2    61   662  5833  2069 14429 15011 12447 15282  8669 10911 10208  8770
ch  126:      0     0     0     0     0     0     0     0     0     0     0     0     0     0     0     0     0     0     0     6    77   522  5952  9299  8718 10120  9525  7462 10809 10035 11025  5914
ch  127:      0     0     0     0     0     0     0     0     0     0     0     0     0     0     0     0     0     0     0    12   197  1988 13866 11193  9638  9729 11174  9539  7414 10902  3660  8503
