# ID XA-000-08-002-000-006-070-14
# Tag _trim_
# Date 240513_12:41:07
# Vref_p 55
# Vref_n 24
# Thr2_glb 39
# Vref_t 118
# Vref_t_range 1
# Pol 0
# ADC range 30-247
# FAST disc 30
ch:   0  138  134  135  133  126  122  132  126  138  125  125  123  127  121  120  115  122  110  117  117   93  117  110  113  105  102  113  102  114  101  106   16
ch:   1  133  134  124  125  147  133  135  137  132  133  141  126  132  138  121  137  130  126  133  131  118  133  121  117  124  124  125  131  131  123  118   41
ch:   2  133  137  135  132  136  122  133  142  132  124  130  119  125  121  118  117  115  110  106  115  108  119  118  104  116  114  114  109  108  105  120   34
ch:   3  134  137  135  133  147  132  138  141  137  121  135  136  135  133  132  132  134  119  126  138  138  123  134  130  135  132  118  127  126  110  138   43
ch:   4  124  141  137  137  125  139  114  116  127  124  123  129  126  110  116  116  118  123  111  114  115  118  107  123  113  101  109  106  103  122  110   29
ch:   5  137  135  153  139  147  135  125  117  140  141  136  119  135  127  133  125  132  136  127  133  126  126  133  124  117  119  133  114  125  133  125   51
ch:   6  132  139  136  136  124  118  137  131  123  133  122  121  120  119  116  116  117  108  117  120  105  119  107  109  109  104  100  115  104  117  111   32
ch:   7  140  131  141  140  132  137  130  134  125  131  133  125  135  131  120  124  125  122  133  121  125  124  119  122  132  123  126  123  134  124  119   50
ch:   8  134  137  142  132  135  137  132  134  132  132  131  120  119  124  124  116  115  115  114  108  112  121  105  116  114  107  102  117  117  121  111   25
ch:   9  149  140  137  126  139  148  135  135  139  123  138  122  120  132  134  125  122  142  124  110  123  123  126  126  123  115  123  123  138  117  124   55
ch:  10  127  132  133  134  140  122  126  125  117  116  118  123  125  118  110  120  101  121  114  115  121  106  108  105  109  117  115  121  115  114  107   39
ch:  11  135  135  135  138  137  142  136  123  135  134  142  139  119  124  133  130  137  126  124  125  122  121  119  118  118  115  133  116  123  139  134   56
ch:  12  135  137  123  130  145  135  131  132  131  123  131  120  131  121  121  127  110  122  121  117  112  121  123  120  115  108  123  115  117  103  123   36
ch:  13  138  141  132  126  132  152  135  137  132  138  139  139  130  131  136  127  142  134  124  127  134  134  127  120  122  126  120  130  137  133  134   49
ch:  14  151  132  126  146  136  130  133  115  124  123  107  122  118  124  120  115  127  111  119  105  101  119  116  101  108  106  112  108  107  114  100   39
ch:  15  132  135  137  134  131  132  133  142  126  141  152  126  124  124  136  132  120  121  125  133  124  116  125  125  120  122  126  123  132  134  123   56
ch:  16  135  136  133  137  139  127  127  134  126  131  122  122  123  121  118  120  123  121  122  123  106  110  108  101  115  115  119  121  114  118  115   44
ch:  17  137  141  139  132  137  127  140  136  125  133  135  149  120  140  125  130  123  134  125  131  132  129  138  132  123  133  118  134  125  122  133   55
ch:  18  140  151  131  146  122  133  135  127  129  119  120  123  133  122  117  125  115  120  118  115  115  124  106  114  103  108  117  115  119  115  106   40
ch:  19  132  139  134  135  135  131  138  126  137  138  131  133  137  132  127  126  138  123  118  127  119  136  122  126  135  129  120  120  124  131  119   52
ch:  20  143  138  118  141  119  135  120  132  120  125  124  122  126  123  125  119  118  118  107  103  113  118  106  117  118  106  115  116  106  110  104   44
ch:  21  131  140  148  139  124  126  138  135  121  133  136  118  131  130  119  135  123  134  131  120  123  124  116  131  119  109  120  123  121  112  121   56
ch:  22  140  137  125  138  123  125  131  120  133  126  127  132  117  110  121  121  125  115  117  108  125  109  108  120  108  104  120  110  119  107  122   50
ch:  23  130  136  134  139  140  140  142  127  132  136  138  124  133  126  125  122  129  131  126  126  122  122  125  131  123  120  140  123  120  122  118   56
ch:  24  132  138  134  134  131  135  124  132  126  123  130  125  115  110  131  116  122  116  123  115  115  122  115  127  119  114  115  119  123  117  109   40
ch:  25  139  151  131  138  135  137  137  135  147  132  134  134  125  123  124  125  134  126  133  133  131  120  130  126  133  141  124  117  122  134  124   51
ch:  26  136  136  119  139  132  131  132  135  120  123  129  131  126  121  114  109  118  123  117  119  122  120  115  105  116  125  106  117  115  114  115   44
ch:  27  134  137  127  140  140  133  138  136  142  137  126  132  143  121  124  122  141  133  134  124  130  132  134  135  135  125  132  134  120  117  137   56
ch:  28  124  134  136  125  125  121  130  132  125  132  122  134  124  119  133  118  119  119  118  114  120  101  116  115  116  119  110  110  120  121  118   48
ch:  29  134  124  137  139  137  138  122  138  140  138  126  135  135  132  126  123  125  135  118  126  127  120  125  120  137  132  122  124  132  122  127   49
ch:  30  131  136  126  133  131  126  132  132  122  118  133  123  124  126  117  118  115  115  107  105  107  108  103  102  110   99  117  107  116  104  115   32
ch:  31  136  149  135  136  143  133  138  132  141  136  135  133  135  132  131  139  138  122  132  132  127  127  125  123  125  122  121  124  122  135  124   49
ch:  32  149  132  124  137  132  123  135  125  119  123  132  130  131  125  120  125  119  122  132  125  118  116  122  120  136  121  130  115  120  115  124   46
ch:  33  138  141  136  135  136  132  133  136  132  148  135  133  138  116  132  134  130  116  121  133  131  122  121  126  137  126  126  121  124  126  122   56
ch:  34  138  137  149  133  135  121  131  127  137  135  131  134  134  131  124  116  121  122  121  116  118  104  115  124  108  120  114  109  123  110  108   42
ch:  35  148  127  134  146  139  139  137  140  130  137  137  131  143  147  141  135  137  134  147  123  132  120  127  134  132  125  133  137  133  132  134   54
ch:  36  133  126  135  132  133  132  138  137  132  126  120  124  126  131  132  120  124  107  120  115  119  107  117  131  121  120  109  122  120  118  116   31
ch:  37  140  136  141  134  131  147  122  133  124  136  133  121  138  136  122  133  134  132  131  124  125  139  121  122  132  131  127  121  115  131  127   56
ch:  38  130  134  133  137  137  138  124  125  133  122  125  120  124  109  111  127  116  123  119  127  118  118  118  115  117  121  108  126  117  110  120   43
ch:  39  138  132  138  139  135  133  140  131  122  133  132  139  136  135  125  121  131  131  136  134  126  141  132  120  111  136  117  124  121  116  117   49
ch:  40  136  132  137  135  134  123  135  124  121  141  133  124  126  108  120  129  119  124  119  120  117  110  108  130  111  116  121  119  116  124  123   43
ch:  41  148  135  146  131  137  139  134  135  132  133  140  136  131  142  132  132  135  138  135  123  132  132  133  137  124  133  132  131  133  131  135   51
ch:  42  136  136  126  136  141  135  131  130  123  110  133  130  131  124  129  117  115  123  110  131  118  117  116  118  110  109  116  118  118  123  115   37
ch:  43  135  138  124  140  132  141  136  138  134  134  124  142  133  131  132  137  132  125  124  132  139  134  135  121  134  120  106  133  132  121  138   45
ch:  44  141  135  137  143  134  130  132  131  125  131  123  125  132  116  125  126  119  116  118  111  104  119  107  116  110  114  118  117  122  124  119   43
ch:  45  147  149  136  136  133  148  134  122  126  139  134  136  125  127  133  131  136  147  122  124  124  124  132  141  138  130  141  132  137  131  132   56
ch:  46  149  138  132  134  121  140  131  124  133  123  131  125  121  115  125  125  124  121  125  127  123  116  100  107  116  109  122  117  123  102  121   41
ch:  47  139  132  135  133  126  138  123  142  131  130  120  138  127  126  125  134  134  131  132  134  139  126  127  133  129  124  132  124  122  136  135   49
ch:  48  132  134  140  136  133  129  126  132  118  124  133  131  125  119  127  109  122  132  123  118  121  125  114  119  133  105  111  121  116  110  120   43
ch:  49  136  135  125  140  146  132  122  135  130  132  133  132  130  133  132  132  132  136  145  131  127  126  123  134  132  121  108  133  120  119  124   41
ch:  50  130  137  122  135  134  135  137  137  124  131  118  119  132  126  124  135  105  131  117  127  115  116  122  120  115  119  110  114  117  117  106   40
ch:  51  132  140  132  134  132  134  141  139  125  135  125  121  126  142  140  134  133  132  123  141  124  125  136  131  131  130  134  123  126  132  123   41
ch:  52  132  127  135  125  133  131  138  131  118  135  123  123  140  115  125  134  110  118  132  134  105  117  126  125  121  116  110  119  119  120  118   38
ch:  53  139  137  138  133  135  140  136  142  140  135  132  137  140  134  122  138  133  133  128  121  135  131  131  126  135  135  134  138  121  133  125   53
ch:  54  143  140  120  133  131  124  118  127  120  134  123  121  129  121  127  118  123  131  115  119  110   -1  120  105  119  118  108  110  116  125  106   40
ch:  55  137  135  138  131  132  147  139  148  139  137  135  130  122  137  139  136  137  137  135  130  124  126  127  135  133  134  140  134  131  138  135   55
ch:  56  140  133  137  123  125  133  131  136  134  136  134  132  133  127  116  109  133  118  121  124  120  121  110  120  130  119  120  106  118  108  117   36
ch:  57  139  137  137  142  132  135  134  130  138  138  141  139  122  132  132  126  134  142  133  121  119  124  120  131  120  132  126  120  140  125  126   56
ch:  58  125  139  134  141  133  135  132  132  141  131  126  122  121  134  124  124  118  110  123  119  115  121  131  115  122  124  117  118  117  121  118   33
ch:  59  147  142  133  137  137  142  134  138  133  134  133  132  126  149  140  133  123  123  136  130  121  125  137  138  120  136  127  133  126  138  138   49
ch:  60  140  132  139  135  139  124  130  121  135  125  120  134  124  123  122  115  125  120  120  130  124  117  115  121  119  119  122  121  126  122  130   44
ch:  61  136  126  123  137  137  139  137  126  131  135  135  137  133  127  125  132  125  142  120  123  125  136  127  137  133  121  134  118  133  137  132   51
ch:  62  137  133  135  133  142  131  125  132  125  125  124  135  121  136  119  127  120  124  126  116  118  104  119  116  108  106  108  116  113  106  116   40
ch:  63  142  132  135  138  125  139  133  132  137  140  141  121  133  126  138  118  133  136  132  138  121  133  116  134  126  138  124  132  132  127  130   53
ch:  64  129  135  138  131  138  127  139  130  137  134  131  132  116  120  136  118  133  121  118  118  119  116  119  107  117  117  118  110  125  118  127   39
ch:  65  135  141  125  138  133  137  137  136  133  125  138  132  138  129  123  132  122  134  132  123  127  134  131  139  135  120  137  136  135  136  116   45
ch:  66  133  147  138  131  132  131  126  126  139  139  132  124  121  130  121  124  120  119  123  116  120  120  117  118  116  115  120  116  123  118  123   40
ch:  67  131  151  135  136  140  138  134  132  135  134  135  135  138  123  121  131  136  127  132  133  132  133  138  119  135  122  127  129  124  131  135   50
ch:  68  136  140  132  133  120  136  141  126  107  132  121  135  137  126  131  121  125  116  109  125  113  124  106  121  119  122  116  132  115  123  111   32
ch:  69  148  142  126  132  138  133  130  134  126  135  133  151  138  139  134  132  124  131  122  116  127  121  118  123  120  118  117  131  126  132  124   56
ch:  70  142  139  134  121  131  146  139  126  130  133  121  116  120  124  122  118  120  115  116  123  116  119  121  116  120  110  130  121  116  114  113   44
ch:  71  126  141  123  132  124  149  140  140  124  138  134  135  134  132  124  135  136  131  133  133  140  134  134  130  141  147  134  135  137  139  126   50
ch:  72  138  136  125  137  125  137  136  134  120  132  133  119  120  106  119  119  119  123  114  124  120  114  110  105  121  115  113  109  124  108  125   41
ch:  73  135  136  140  140  134  140  134  126  141  147  137  137  138  141  139  140  140  131  127  130  126  132  132  126  136  124  138  126  125  140  138   47
ch:  74  137  136  133  147  130  125  138  125  131  119  134  126  126  115  120  116  120  123  117  115  120  122  105  118  100  122  118  109  122  123  110   30
ch:  75  133  135  141  139  141  138  149  140  132  149  136  141  137  125  142  136  121  134  126  125  140  131  133  136  126  132  124  123  131  126  135   51
ch:  76  135  141  131  125  137  141  134  126  121  136  116  132  133  126  130  130  126  132  118  123  121  124  123  120  133  119  119  119  132  124  121   42
ch:  77  137  136  137  137  136  136  135  143  122  139  138  133  132  142  137  134  124  131  124  132  130  135  133  132  126  125  125  125  126  126  123   56
ch:  78  134  136  134  135  132  121  127  122  124  132  127  132  125  123  135  126  125  117  119  107  131  126  119  122  120  106  131  110  120  117  135   50
ch:  79  136  141  140  138  137  140  146  133  127  137  139  121  131  130  134  133  134  137  141  138  136  132  130  122  130  131  119  133  132  132  123   47
ch:  80  123  132  138  131  139  127  134  131  126  125  134  135  131  124  138  115  129  124  121  115  123  118  120  110  122  118  116  116  117  119  117   47
ch:  81  136  138  125  135  138  139  135  137  141  141  126  135  131  124  139  120  133  135  138  124  133  122  124  133  136  134  134  125  127  130  131   56
ch:  82  133  136  137  139  139  133  136  133  131  137  126  122  126  120  118  121  137  134  107  127  122  108  120  120  117  114  107  111  113  116  120   56
ch:  83  145  136  134  148  132  143  125  133  132  134  137  134  131  143  134  120  131  126  121  133  142  123  120  120  123  133  126  124  126  132  137   47
ch:  84  123  135  135  133  138  147  131  129  135  133  133  122  127  124  122  124  124  126  121  118  123  120  117  132  115  118  121  124  121  116  115   36
ch:  85  139  125  142  132  147  131  122  135  135  135  138  134  134  127  133  125  127  121  124  121  120  121  133  131  118  123  125  125  124  135  133   52
ch:  86  125  132  132  134  140  139  132  126  130  116  123  122  120  121  119  119  116  127  132  122  121  116  116  100  119  123  120  110  117  119  117   38
ch:  87  130  145  135  139  140  131  148  140  139  133  143  143  133  138  122  148  131  140  138  131  131  125  138  138  137  135  129  122  138  133  131   54
ch:  88  136  136  136  131  131  134  146  124  121  126  133  124  122  129  119  117  111  124  126  115  111  117  122  115  115  119  116  115  118  117  114   48
ch:  89  136  134  147  134  135  140  149  140  131  143  135  139  120  138  123  137  122  126  131  116  136  130  133  120  140  134  125  123  130  116  129   56
ch:  90  137  149  125  135  125  119  132  133  127  120  119  122  120  127  121  123  120  110  109  124  119  115  117  117  102  123  114  118  115  109  119   45
ch:  91  140  132  150  142  141  134  133  142  135  139  134  133  124  131  124  133  137  124  125  123  134  122  132  138  133  117  131  137  123  133  120   56
ch:  92  139  147  134  131  140  126  124  124  131  136  133  132  121  131  122  130  120  132  122  125  121  116  126  125  119  125  115  116  120  126  123   54
ch:  93  140  139  124  141  135  135  131  137  136  132  135  127  138  141  126  134  125  136  133  135  138  117  131  118  118  140  137  124  126  131  122   53
ch:  94  139  133  135  136  122  121  124  132  123  121  125  130  132  117  124  117  115  116  125  124  108  125  118  110  119  124  118  125  115  104  119   35
ch:  95  146  137  152  138  124  124  138  147  137  138  132  126  134  136  137  134  124  137  136  137  141  137  134  131  131  125  121  134  138  147  126   55
ch:  96  135  124  133  134  146  137  120  132  132  131  120  135  119  117  116  125  132  114  119  114  121  117  121  112  104  118  131  115  109  116  115   44
ch:  97  126  142  138  138  126  126  140  140  124  142  139  124  118  134  124  140  131  133  136  121  139  127  122  125  137  131  130  134  132  120  138   56
ch:  98  135  134  140  132  138  132  125  131  124  130  124  134  132  122  118  125  124  126  125  122  109  122  122  116  115  109  114  118  115  115  116   28
ch:  99  133  137  143  134  139  136  133  132  136  122  147  130  141  143  124  132  124  140  130  130  137  113  134  131  136  134  136  118  135  136  132   56
ch: 100  134  134  133  132  139  131  135  138  127  125  139  122  122  130  124  131  124  127  121  117  125  122  119  116  116  120  120  121  104  121  115   41
ch: 101  139  151  143  149  125  123  138  132  135  130  141  126  137  120  126  140  135  125  123  130  133  125  140  122  121  131  125  126  131  120  136   51
ch: 102  133  139  124  125  124  133  125  125  122  123  133  127  134  118  121  115  118  119  114  104  111  115  124  119  105  114  111  107  118  108  116   38
ch: 103  146  139  133  139  139  136  121  134  142  127  137  135  132  153  135  121  121  120  124  126  121  135  133  132  133  129  122  125  123  118  121   56
ch: 104  126  137  125  135  136  137  138  140  124  138  137  110  135  132  122  122  123  126  122  117  117  125  123  115  120  107  113  116  115  120  120   37
ch: 105  137  143  147  138  139  142  133  135  130  127  134  151  140  135  123  139  124  123  118  133  130  125  124  126  124  131  133  121  124  131  139   53
ch: 106  134  135  140  125  142  139  152  135  118  132  121  135  119  115  120  126  121  120  121  123  116  123  125  110  121  107  121  133  118  116  105   48
ch: 107  124  140  130  136  139  133  125  136  141  132  143  140  137  125  125  136  134  121  126  123  122  131  133  122  121  130  126  123  131  125  120   47
ch: 108  126  137  131  116  134  132  119  124  140  131  133  122  127  117  108  119  118  117  118  123  112  122  116  121  123  119  115  115  117  124  119   42
ch: 109  134  137  149  145  127  131  133  146  137  134  122  132  138  133  134  141  131  124  151  119  137  123  133  121  124  135  123  131  126  129  127   51
ch: 110  124  137  135  134  134  134  137  125  118  120  115  126  122  115  127  116  117  118  119  120  119  116  115  116  114  105  122  109  105  117  109   36
ch: 111  150  143  139  137  126  133  135  141  130  141  138  138  122  127  126  134  121  125  123  137  126  121  119  125  121  122  123  119  133  124  120   52
ch: 112  125  131  130  131  136  131  126  132  134  130  134  130  129  122  132  121  118  116  125  124  124  121  121  120  111  118  131  107  106  135  129   34
ch: 113  138  135  133  138  150  132  139  134  132  136  138  131  132  135  122  126  125  121  131  136  119  132  135  125  117  120  117  133  123  110  121   45
ch: 114  138  138  131  139  131  137  124  124  139  138  136  127  116  124  124  116  130  117  121  117  107  123  119  124  124  106  119  116  108  125  115   45
ch: 115  145  125  139  137  133  136  132  141  133  122  139  132  127  132  126  136  124  134  119  131  116  123  126  125  135  131  132  121  133  136  122   40
ch: 116  132  140  124  122  135  134  125  139  126  137  127  136  122  117  120  130  121  125  132  124  117  119  120  113  116  110  114  121  118  118  111   31
ch: 117  141  135  142  140  149  132  139  136  124  135  139  126  131  124  126  137  137  127  125  132  124  123  131  122  123  117  123  120  123  125  124   34
ch: 118  141  127  133  135  131  130  132  127  133  132  121  130  122  123  124  135  130  120  115  119  125  113  115  110  116  117  116  115  117  110  116   41
ch: 119  150  135  139  140  136  136  148  133  136  132  141  136  131  137  121  123  131  135  124  118  121  121  135  121  120  124  123  130  121  120  136   50
ch: 120  134  124  141  143  147  136  134  135  136  123  137  131  133  119  125  109  132  115  120  126  121  118  121  115  106  107  122  118  107  118  121   38
ch: 121  145  134  139  136  137  133  122  133  139  124  135  132  125  137  134  125  134  131  121  120  126  120  114  132  124  122  122  132  111  126  130   45
ch: 122  132  135  139  135  126  132  120  133  118  121  118  121  132  122  119  124  124  118  118  107  123  121  115  103  115  104  105  118  123  116  115   44
ch: 123  138  140  147  146  135  127  140  130  124  142  131  146  138  140  122  125  125  135  134  123  118  126  118  131  121  133  133  133  119  124  135   52
ch: 124  142  131  134  132  135  129  139  124  131  120  126  132  117  131  118  121  116  130  115  111  117  106  119  113  114  110  107  110  121  108   -1   41
ch: 125  136  148  132  140  139  135  127  132  139  141  132  124  127  123  133  131  124  124  131  135  125  122  131  123  111  126  131  127  131  137  140   49
ch: 126  125  136  136  135  123  139  126  132  119  128  134  125  118  125  127  133  108  108  121  126  122  120  116  121  107  118  104  121  106  114  106   33
ch: 127  139  148  131  140  136  132  141  136  127  138  126  134  127  136  129  137  133  121  135  137  121  131  127  125  123  131  132  137  130  135  132   29
