# ID XA-000-08-002-000-005-161-01
# Tag _trim_
# Date 240514_12:20:30
# Vref_p 55
# Vref_n 17
# Thr2_glb 29
# Vref_t 118
# Vref_t_range 1
# Pol 1
# ADC range 30-247
# FAST disc 30
ch:   0  142  138  133  124  126  126  150  129  153  131  138  144  134  135  136  129  137  131  132  136  123  131  135  123  138  132  135  140  133  129  127   31
ch:   1  134  137  133  117  126  139  130  135  131  129  138  138  137  132  125  132  134  135  126  129  118  124  134  124  125  122  135  124  136  133  138   14
ch:   2  135  132  149  138  133  146  134  135  134  130  137  133  132  132  129  125  123  140  136  120  127  126  130  134  146  133  126  135  125  131  140   30
ch:   3  130  133  125  133  134  135  119  134  123  132  136  124  134  120  134  132  122  125  135  126  121  120  119  109  132  130  134  122  118  132  134   10
ch:   4  132  137  132  134  150  139  135  135  125  138  122  126  134  138  133  133  132  135  130  127  131  120  133  132  134  133  136  132  134  139  138   16
ch:   5  125  130  132  135  129  131  135  132  136  125  127  127  126  131  124  118  132  126  132  122  127  122  122  131  135  121  126  132  120  126  132   13
ch:   6  130  146  145  124  125  121  132  140  129  125  151  132  130  130  122  132  135  147  126  131  126  136  119  134  123  130  127  134  134  141  140   25
ch:   7  138  125  133  133  145  141  133  133  135  131  132  121  140  127  131  138  123  136  124  131  131  121  127  133  133  132  137  133  137  133  123   10
ch:   8  132  126  130  131  125  133  133  125  132  130  127  130  132  132  133  132  131  118  141  135  136  135  122  134  122  140  137  138  135  120  131   22
ch:   9  132  134  130  140  140  136  119  141  129  132  133  132  121  125  130  123  133  122  126  127  134  126  136  118  131  130  131  129  132  118  116   14
ch:  10  135  138  137  132  125  134  134  134  132  130  147  138  130  130  132  132  129  130  139  127  135  132  130  137  133  130  126  137  122  132  122   31
ch:  11  138  135  131  147  133  125  134  124  124  130  129  131  134  120  123  136  132  126  134  126  135  130  126  132  123  125  140  126  136  127  131   26
ch:  12  140  132  131  134  138  134  124  121  139  137  145  129  125  137  136  132  136  134  133  130  132  137  125  123  135  135  136  133  133  137  130   25
ch:  13  126  127  129  131  141  147  128  123  128  125  135  148  129  126  136  118  118  136  125  124  134  126  119  132  130  139  139  132  139  123  133   24
ch:  14  135  133  135  130  136  125  138  145  133  123  140  132  131  126  131  110  125  126  136  131  122  132  125  133  130  135  121  121  137  131  129   26
ch:  15  133  133  137  136  134  130  132  125  141  131  133  131  131  148  132  125  123  133  124  139  122  137  131  136  131  133  130  124  133  136  140   13
ch:  16  139  136  132  134  132  141  123  137  136  136  135  131  135  131  132  130  130  121  135  132  123  126  136  122  126  133  126  137  131  135  138   31
ch:  17  131  151  136  127  133  124  122  131  138  133  111  134  122  134  123  131  135  131  132  127  122  133  132  125  127  131  130  124  137  124  133   10
ch:  18  135  151  124  148  133  126  135  140  120  127  130  139  126  123  124  118  136  134  127  132  123  129  134  127  134  123  123  133  137  121  126   28
ch:  19  137  142  127  134  137  126  137  137  127  125  134  132  122  134  139  126  137  133  127  131  120  124  133  132  126  122  137  140  134  140  142   18
ch:  20  138  133  126  142  138  137  133  137  133  127  130  138  133  132  130  134  135  132  134  117  135  110  131  125  138  126  134  134  131  130  138   32
ch:  21  134  135  146  124  138  127  132  124  126  120  132  124  132  132  138  133  130  118  134  116  134  128  140  120  121  134  123  135  129  126  138   17
ch:  22  135  140  140  126  148  132  138  134  134  122  131  138  131  138  125  135  133  131  132  126  137   -1  137  136  129  119  135  127  126  125  133   32
ch:  23  123  133  130  131  151  136  137  130  137  139  137  132  136  127  132  134  132  140  137  121  131  127  130  126  137  133  132  119  135  132  129   23
ch:  24  139  141  139  130  142  141  137  130  132  121  132  137  131  120  134  138  127  132  122  123  123  137  132  135  132  132  126  132  125  131  135   28
ch:  25  136  130  132  126  146  130  133  130  123  139  133  136  123  132  126  120  132  140  125  134  135  126  136  126  121  120  124  129  132  133  136   16
ch:  26  133  133  139  127  132  132  136  130  126  131  134  130  120  134  124  147  130  137  138  124  138  124  126  132  132  130  132  140  142  131  140   28
ch:  27  137  132  131  135  136  134  124  138  135  134  130  127  141  122  133  123  120  141  134  135  135  130  133  130  132  132  121  131  140  134  135   13
ch:  28  138  130  139  130  142  138  134  136  136  134  136  139  135  131  133  141  132  139  135  119  131  135  126  124  131  137  126  140  130  141  130   38
ch:  29  130  135  138  134  134  150  138  130  126  135  129  133  129  125  127  141  133  122  123  130  120  122  120  130  135  123  135  131  120  149  154   15
ch:  30  125  125  137  139  122  126  138  153  130  137  129  129  140  139  134  123  123  122  127  131  131  136  125  121  123  131  131  127  130  141  133   23
ch:  31  134  148  135  136  139  136  132  125  148  135  131  121  129  134  132  130  122  125  121  124  131  125  129  130  131  136  124  126  131  136  125   11
ch:  32  135  132  140  133  138  138  130  141  134  137  135  133  130  140  127  153  129  135  121  130  131  125  124  129  132  131  132  131  126  139  137   22
ch:  33  130  135  136  132  137  141  126  140  127  126  134  123  138  123  125  126  132  137  136  135  126  124  132  140  131  130  132  133  127  140  132   10
ch:  34  136  138  130  149  133  138  134  149  134  134  134  131  121  135  132  131  121  137  126  123  135  123  126  131  126  139  131  142  131  124  136   24
ch:  35  146  137  146  131  132  136  131  132  132  125  135  125  136  136  125  120  132  127  132  135  131  117  123  135  132  133  127  126  130  148  122   20
ch:  36  135  135  136  136  138  135  121  133  124  136  138  134  131  138  125  142  123  136  133  127  132  131  135  125  139  131  135  133  139  121  137   26
ch:  37  142  137  143  142  150  119  138  138  126  133  127  135  135  131  133  126  124  134  133  126  133  135  121  137  134  125  133  124  132  137  138   20
ch:  38  138  139  137  138  137  131  134  133  131  135  126  138  132  140  136  135  132  131  123  126  129  125  135  136  126  136  121  141  124  130  134   26
ch:  39  122  121  137  134  133  126  135  131  133  138  129  116  132  133  122  126  131  123  135  124  120  121  125  137  131  117  123  124  133  139  131   30
ch:  40  130  131  134  134  133  134  133  131  138  131  131  142  140  129  131  134  127  134  125  130  135  129  123  138  124  148  135  123  141  138  133   21
ch:  41  126  149  145  135  132  125  136  140  135  145  133  130  127  135  132  137  138  119  123  127  119  134  129  135  133  135  124  123  142  139  126   14
ch:  42  132  137  133  135  127  135  134  126  151  138  133  130  140  135  136  132  131  120  137  132  138  124  133  135  137  125  135  142  121  150  127   24
ch:  43  136  139  126  132  137  123  134  140  138  122  130  138  134  130  132  140  132  123  123  125  134  128  126  135  136  127  132  134  138  131  139   22
ch:  44  141  136  130  125  131  140  130  126  134  141  127  123  137  136  126  132  127  134  127  125  137  131  127  139  137  152  127  140  139  137  141   30
ch:  45  147  134  143  137  123  134  134  138  127  123  140  122  134  130  131  132  133  143  135  129  123  132  123  139  133  125  126  136  136  137  138   24
ch:  46  124  127  130  132  133  135  134  130  127  152  134  133  136  135  129  136  136  123  136  129  140  136  133  131  136  132  138  137  134  133  130   28
ch:  47  129  125  138  125  139  137  135  139  129  129  132  126  139  135  123  121  133  125  116  124  137  125  130  133  137  123  130  149  133  140  134   16
ch:  48  138  148  135  127  136  125  142  134  120  132  122  122  136  131  138  136  126  125  130  127  136  132  132  132  148  124  135  125  135  137  134   32
ch:  49  141  134  135  133  139  136  131  130  125  135  132  129  131  131  136  129  132  134  134  121  124  134  118  134  127  131  135  127  122  135  136   28
ch:  50  131  135  140  131  140  134  136  140  132  135  134  138  132  132  135  130  134  132  133  134  133  126  135  134  130  130  126  130  136  121  142   27
ch:  51  137  150  148  132  137  137  138  134  125  134  121  143  125  131  123  125  124  137  126  130  121  123  124  125  125  131  137  134  136  137  129   16
ch:  52  135  138  131  131  135  130  130  135  135  130  147  135  133  140  133  137  121  136  133  131  137  122  141  127  126  135  126  132  122  149  133   36
ch:  53  137  133  123  125  151  136  129  127  139  136  130  131  131  129  136  148  134  135  132  135  132  118  134  131  134  136  137  126  136  135  140   20
ch:  54  151  137  148  139  131  134  152  126  126  125  133  135  137  131  141  142  123  120  131  126  131  153  123  132  134  138  127  133  135  126  137   23
ch:  55  129  136  132  137  143  127  151  125  127  126  139  133  132  124  135  134  132  132  133  136  134  131  131  126  142  125  125  139  132  139  135   24
ch:  56  136  148  137  143  138  125  132  120  141  135  134  125  130  135  136  139  127  136  124  137  125  125  137  131  136  130  134  137  122  130  137   24
ch:  57  147  148  136  133  140  137  133  130  139  131  126  134  136  132  135  130  135  127  137  131  133  122  121  134  134  137  130  133  138  140  125   22
ch:  58  133  138  136  139  130  133  134  134  135  130  137  133  138  136  145  128  132  128  129  134  134  135  130  127  139  135  133  141  129  137  137   35
ch:  59  131  135  139  131  149  135  151  147  135  142  134  149  127  142  126  125  135  135  137  129  127  133  131  136  131  134  141  133  146  139  135   16
ch:  60  135  138  136  143  136  136  133  138  135  134  137  132  132  136  129  121  135  124  135  133  127  139  132  129  135  138  139  136  134  133  136   25
ch:  61  139  141  132  135  147  141  130  138  147  132  137  125  135  134  138  141  133  134  126  131  133  138  137  136  127  117  138  138  137  139  133   16
ch:  62  135  137  132  137  133  131  138  125  120  139  142  131  127  133  131  131  135  133  130  127  126  132  138  129  139  128  138  139  139  150  134   22
ch:  63  142  140  135  133  124  136  135  134  138  137  135  136  129  137  134  134  126   -1  134  125  126  126  142  134  124  130  132  143  140  135  140   27
ch:  64  126  127  141  132  139  137  126  138  133  134  140  138  132  133  136  134  124  140  126  139  125  132  137  135  123  137  133  123  133  122  126   33
ch:  65  126  139  140  143  134  150  142  135  119  148  126  137  135  139  139  137  149  134  131  134  136  135  136  130  129  136  134  138  140  148  134   25
ch:  66  153  132  134  148  136  139  136  125  135  138  137  140  124  126  136  123  127  133  151  122  130  138  138  130  128  132  135  133  138  139  136   35
ch:  67  147  127  133  133  135  133  142  132  140  137  137  131  126  122  129  127  130  133  125  133  132  121  124  133  129  138  134  138  137  133  133   19
ch:  68  130  141  127  138  132  131  147  131  137  136  137  130  138  137  149  132  124  140  133  132  131  128  126  140  132  133  135  139  134  130  138   34
ch:  69  134  142  123  136  138  133  130  138  131  136  126  135  122  131  140  134  132  134  133  132  124  133   -1  122  124  125  134  138  131  137  131   23
ch:  70  135  134  134  134  126  146  140  135  136  137  133  134  133  146  132  136  136  132  146  124  136  126  126  122  141  132  134  125  145  146  135   35
ch:  71  148  147  138  127  136  136  146  148  140  133  137  132  131  128  140  126  133  136  136  127  131  144  135  123  125  133  134  120  138  134  135   17
ch:  72  131  133  137  148  126  133  151  137  137  125  137  131  139  126  136  136  126  138  136  123  135  125  133  134  133  131  123  131  132  141  127   29
ch:  73  139  140  139  145  136  138  137  144  135  133  132  134  138  137  127  124  134  132  135  136  148  130  138  130  138  137  131  138  122  124  130   22
ch:  74  152  146  135  135  132  138  132  136  146  133  133  139  135  135  125  135  134  137  135  124  138  126  135  135  132  122  137  136  133  135  147   33
ch:  75  148  132  135  130  145  150  140  129  135  134  133  137  129  136  130  135  133  135  132  135  135  130  136  133  131  131  126  138  141  136  136   25
ch:  76  140  137  150  134  147  137  137  151  138  145  135  131  134  147  140  135  131  130  124  128  138  126  131  146  135  125  131  133  130  135  147   28
ch:  77  137  126  134  131  137  132  132  137  134  133  132  130  141  137  139  130  136  122  137  123  134  139  125  120  138  135  135  123  133  132  136   20
ch:  78  131  133  135  134  149  131  134  134  132  132  132  135  122  131  136  132  133  140  134  137  127  134  127  126  132  139  137  134  131  137  134   29
ch:  79  151  132  139  139  146  137  135  133  134  136  118  138  135  138  135  135  139  135  135  134  123  133  137  132  131  131  137  134  126  133  139   25
ch:  80  138  139  143  124  125  133  146  136  139  147  135  130  134  123  133  134  132  126  140  123  123  127  134  130  135  137  137  133  134  134  138   29
ch:  81  134  132  123  141  134  147  134  137  135  135  131  133  147  130  126  130  136  126  127  133  132  138  127  135  124  131  136  139  133  148  131   32
ch:  82  145  134  133  136  134  140  138  135  131  135  133  130  126  137  126  131  135  137  135  136  137  122  136  134  132  132  133  125  131  132  136   33
ch:  83  137  136  138  124  133  125  135  149  134  127  130  132  124  140  134  139  137  127  123  137  121  124  137  132  126  129  139  122  137  134  140   16
ch:  84  136  138  135  137  133  133  136  141  126  131  136  125  122  133  127  136  132  127  140  126  137  135  126  134  121  133  125  132  122  137  141   36
ch:  85  141  137  136  145  134  133  142  137  140  131  136  137  132  131  133  130  139  129  134  138  118  124  133  134  133  119  140  133  135  130  135   19
ch:  86  135  133  140  137  136  135  138  137  132  137  137  136  125  135  137  131  125  132  132  140  125  130  127  129  142  135  130  136  138  134  130   31
ch:  87  137  124  138  137  130  134  139  138  133  141  124  134  147  124  137  136  127  126  137  132  130  135  125  125  133  138  139  123  137  129  133   32
ch:  88  152  138  138  132  147  124  138  138  137  151  137  150  145  132  135  134  138  125  133  145  137  126  137  138  134  122  135  132  146  132  136   41
ch:  89  133  152  133  125  137  137  135  137  136  134  136  130  139  139  124  136  127  135  133  125  131  134  134  123  130  124  122  134  139  138  130   29
ch:  90  136  130  142  131  126  132  132  132  131  131  135  138  139  134  137  125  135  139  124  137  147  138  134  130  122  123  134  131  126  139  144   33
ch:  91  133  126  124  141  142  140  136  135  134  137  136  134  137  131  123  137  132  130  147  121  125  132  131  134  122  135  139  134  132  135  137   13
ch:  92  145  139  139  150  139  126  148  136  140  132  131  123  146  150  131  141  121  145  139  130  134  125  130  121  133  127  133  146  139  138  131   34
ch:  93  127  133  135  136  138  134  134  132  137  132  125  139  125  131  133  129  137  139  130  127  135  132  134  125  139  136  133  138  138  132  136   25
ch:  94  141  140  143  153  137  132  130  140  136  136  139  124  137  145  132  135  139  126  127  136  140  129  134  136  123  133  131  132  124  148  138   29
ch:  95  137  150  141  134  134  147  141  136  130  138  126  132  141  124  136  126  131  148  135  133  124  124  129  127  131  134  121  145  135  135  139   18
ch:  96  140  141  141  135  132  137  142  142  126  132  124  136  134  127  136  134  131  130  133  134  132  132  130  133  133  127  133  127  131  134  137   37
ch:  97  147  122  139  144  127  139  134  136  134  143  124  157  131  121  122  130  134  125  131  132  123  133  133  120  124  132  134  131  130  135  137   16
ch:  98  138  139  126  136  138  136  138  136  134  127  125  134  125  134  137  146  139  139  124  129  136  134  133  132  131  145  127  125  143  133  137   33
ch:  99  136  132  155  138  141  136  138  134  137  133  131  141  137  137  133  137  132  138  137  135  135  131  125  139  134  133  133  141  137  133  136   22
ch: 100  136  136  136  132  132  141  134  131  138  136  135  118  132  134  137  140  135  135  131  120  131  127  131  132  127  135  127  133  124  139  132   26
ch: 101  136  132  134  133  151  142  132  140  132  131  138  131  133  121  124  137  134  124  138  142  132  134  130  127  130  136  125  123  149  130  131   28
ch: 102  148  131  139  135  148  146  147  132  146  135  120  126  132  130  133  123  133  132  124  125  133  136  132  136  131  131  131  127  134  126  139   33
ch: 103  132  135  137  136  136  136  141  132  137  122  136  134  139  135  125  134  132  134  134  135  136  134  125  132  137  125  123  125  133  141  141   19
ch: 104  123  137  142  140  131  145  138  132  145  133  124  139  131  134  139  127  139  124  135  126  134  129  131  137  134  138  135  135  138  134  142   32
ch: 105  140  129  136  151  133  132  139  136  138  136  137  129  135  126  134  132  130  125  134  134  125  126  130  131  129  130  135  130  135  133  149   26
ch: 106  135  138  133  138  135  133  131  138  130  136  133  134  125  122  131  135  132  134  137  133  130  139  126  125  123  133  131  136  133  134  133   34
ch: 107  133  135  135  142  132  133  131  134  148  139  135  131  140  131  134  138  130  135  135  134  123  124  126  125  134  133  118  137  131  157  133   31
ch: 108  132  139  139  137  133  136  150  135  140  136  132  126  141  134  133  132  143  134  134  126  124  125  132  131  131  133  140  125  133  149  137   31
ch: 109  133  136  146  135  134  134  127  134  137  136  130  130  127  139  132  134  135  135  132  123  136  130  123  135  133  123  132  140  136  131  125   17
ch: 110  132  140  139  150  132  136  135  138  136  141  130  139  125  132  126  140  147  133  133  135  124  125  134  133  148  137  138  123  138  122  139   29
ch: 111  150  153  150  139  139  118  142  148  126  139  125  136  139  136  130  126  114  136  129  132  132  124  132  139  135  124  131  121  126  130  131   18
ch: 112  133  135  137  142  134  134  135  133  135  132  137  132  134  132  132  134  135  133  133  126  124  138  135  131  141  130  129  123  134  136  139   27
ch: 113  135  138  138  148  142  151  132  142  146  126  134  136  145  130  139  138  140  146  132  139  133  136  145  134  125  133  129  138  135  140  148   18
ch: 114  139  136  135  131  147  139  134  130  138  139  140  138   -1  131  133  149  139  134  123  135  134  127  135  131  131  136  132  126  136  139  139   36
ch: 115  130  150  139  141  146  133  148  134  138  139  135  150  137  146  145  148  145  132  133  134  134  132  129  136  147  139  134  124  142  139  134   22
ch: 116  140  139  134  124  132  134  133  134  136  134  135  136  138  119  133  132  125  130  129  131  119  133  139  131  136  131  136  135  138  126  126   33
ch: 117  149  127  133  130  134  126  133  133  131  125  139  125  134  126  133  128  126  124  118  121  133  120  124  131  120  115  118  119  122  130  118    4
ch: 118  150  138  135  131  133  139  138  140  126  135  139  138  135  136  134  136  131  134  133  136  137  138  133  132  134  134  136  133  145  135  135   19
ch: 119  139  126  137  137  132  125  135  131  126  125  136  135  141  133  135  132  131  136  138  129  125  135  122  135  127  136  136  147  134  131  139   12
ch: 120  135  141  135  132  132  136  137  134  136  126  137  146  136  133  131  136  143  132  129  136  121  139  135  130  130  129  139  124  123  127  124   29
ch: 121  134  133  135  146  134  131  151  131  137  134  126  133  138  134  135  125  135  136  135  140  138  127  139  127  126  135  136  150  140  140  148   30
ch: 122  142  134  140  134  137  139  133  131  124  135  123  124  135  132  139  136  131  131  136  131  125  121  126  130  125  140  137  132  138  130  133   21
ch: 123  151  138  134  133  139  133  128  137  133  137  152  151  148  136  135  149  142  138  132  135  127  137  138  128  143  135  148  137  137  142  156   17
ch: 124  135  138  148  132  140  129  130  134  130  136  141  137  134  135  126  137  129  130  117  125  133  134  130  137  137  135  123  139  134  122  136   16
ch: 125  134  138  133  138  132  131  152  142  132  142  137  151  136  131  134  136  135  143  147  139  137  140  136  148  142  133  137  139  150  150  137   29
ch: 126  138  136  143  132  132  143  133  136  138  132  149  135  147  134  133  136  141  133  149  141  131  131  133  138  140  137  136  126  141  134  121   32
ch: 127  140  137  136  152  140  136  133  150  140  145  137  131  140  147  134  133  127  134  139  135  121  140  142  131  150  149  134  139  140  136  147   30
