# ID XA-000-08-002-000-005-157-08
# Tag _trim_
# Date 240607_10:34:10
# Vref_p 56
# Vref_n 21
# Thr2_glb 33
# Vref_t 118
# Vref_t_range 1
# Pol 1
# ADC range 30-247
# FAST disc 30
ch:   0  127  131  121  122  135  122  123  132  124  117  125  123  124  133  121  122  124  111  102  115  116  117  116  114  123  123  122  124  131  123  120   12
ch:   1  123  119  135  134  126  123  130  116  123  121  124  124  120  118  117  115  106  110  117  125  116  121  116  123  125  116  124  113  117  126  123   24
ch:   2  126  132  125  136  124  149  125  140  132  126  134  118  125  102  119  120  114  118  124  126  121  125  124  125  116  120  131  121  122  133  130   13
ch:   3  129  131  139  121  134  124  123  120  119  127  122  123  130  111  122  121  115  118  120  117  123  121  123  119  106  124  121  131  124  124  136   16
ch:   4  124  114  137  123  130  117  120  123  123  118  121  127  119  119  120  117  119  121  116  115  122  124  116  117  123  119  124  119  127  124  133   33
ch:   5  138  127  132  125  136  129  122  124  124  122  121  114  137  119  123  122  117  111  121  117  115  118  130  121  116  118  115  124  137  124  107   27
ch:   6  136  130  135  124  133  131  119  118  121  116  123  124  122  122  106  120  116  124  119  119  116  111  114  103  115  108  123  122  124  123  120   21
ch:   7  124  125  132  134  131  117  130  131  134  125  131  132  125  110  115  120  119  122  117  115  123  123  122  122  120  120  124  118  123  131  122   18
ch:   8  131  138  131  136  122  121  124  131  125  125  126  121  119  131  108  126  111  110  120  117  118  121  127  116  107  124  123  122  132  133  124   24
ch:   9  134  125  137  123  126  125  132  120  120  124  122  109  124  124  119  127  118  121  114  122  122  119  117  124  123  117  124  115  131  132  123   29
ch:  10  131  138  122  131  122  122  121  122  122  131  129  121  121  124  122  122  121  122  114  119  123  119  117  117  109  116  109  120  123  135  135   47
ch:  11  135  125  141  124  133  130  115  117  122  115  123  129  126  121  124  118  118  125  120  115  115  121  127  114  124  122  109  127  122  134  122   31
ch:  12  127  135  133  134  134  129  127  113  121  118  121  122  126  119  123  129  122  121  121  123  118  122  116  111  123  121  127  125  131  126  132   36
ch:  13  130  124  126  134  122  124  116  120  132  115  122  126  126  116  124  112  121  120  120  121  123  122  123  117  126  123  131  125  133  135  131   30
ch:  14  130  136  119  127  123  129  122  123  113  128  123  124  132  123  121  104  108  117  118  121  115  111  116  105  118  111  122  122  120  125  123   27
ch:  15  121  132  132  131  122  126  127  132  150  139  130  134  119  126  115  119  120  126  117  118  119  121  119  114  130  130  126  132  121  130  133   25
ch:  16  122  126  125  130  122  125  120  124  109  130  122  112  121  130  117  121  104  120  120  107  137  116  115  123  124  127  119  121  128  133  124   37
ch:  17  130  135  131  129  119  138  125  126  125  135  124  122  125  119  123  117  118  109  119  129  124  118  126  119  125  132  125  137  123  132  131   23
ch:  18  126  136  131  132  127  125  117  125  131  126  126  117  130  124  120  126  123  118  122  116  120  110  121  105  121  121  116  122  120  123  121   32
ch:  19  123  126  132  132  117  123  122  122  118  133  126  128  122  115  119  130  123  119  122  119  124  115  120  124  122  126  122  134  124  130  122   25
ch:  20  138  139  138  141  122  133  130  126  118  122  117  131  122  116  130  126  124  117  105  120  122  112  119  124  118  125  121  121  132  129  131   30
ch:  21  135  130  140  135  132  122  130  134  124  124  125  117  108  116  126  130  124  124  119  115  114  118  131  115  123  123  117  124  123  122  126   25
ch:  22  139  123  135  134  131  120  117  126  131  121  127  118  119  116  125  110  114  116  111  115  118  120  119  117  119  110  121  117  121  123  121   34
ch:  23  133  126  123  127  127  126  125  120  131  121  127  117  124  111  137  118  126  130  115  117  129  117  129  122  117  131  128  129  125  131  136   26
ch:  24  131  129  127  136  127  133  130  121  125  121  125  122  120  119  123  118  125  121  117  116  126  122  109  116  121  119  121  122  123  121  121   53
ch:  25  136  137  137  125  125  124  126  122  122  120  132  125  130  123  124  126  110  119  122  124  123  123  123  125  131  123  126  124  127  122  125   24
ch:  26  137  136  135  138  119  121  125  135  126  134  129  133  110  118  118  122  120  116  114  120  133  120  110  115  115  117  123  118  124  136  121   38
ch:  27  135  137  126  125  125  126  125  118  121  124  120  125  119  123  120  121  116  123   -1  121  119  103  116  113  119  120  123  130  121  123  131   21
ch:  28  123  134  130  123  129  133  127  133  121  133  121  120  126  127  116  132  126  122  117  122  122  129  124  115  124  109  119  122  133  121  121   38
ch:  29  131  141  126  132  119  125  135  122  122  127  126  136  121  121  119  127  105  121  120  116  121  123  122  119  126  118  124  129  133  136  127   31
ch:  30  135  125  134  136  123  136  125  132  124  119  121  119  117  116  121  117  118  118  121  122  123  126  126  122  130  123  127  118  124  119  118   29
ch:  31  148  128  124  132  122  124  135  123  110  121  124  119  121  121  124  122  118  121  119  110  120  131  108  118  121  115  120  130  135  126  129   22
ch:  32  135  121  139  130  123  135  127  126  118  114  124  121  123  116  131  130  119  118  107  117  123  116  121  123  118  109  118  129  127  125  119   37
ch:  33  132  121  131  127  125  133  130  119  122  120  123  122  121  121  123  122  118  114  120  111  125  117  116  121  123  116  122  135  118  132  131   28
ch:  34  131  124  137  118  133  131  132  131  124  117  123  123  118  125  114  121  114  119  122  133  119  118  120  117  119  132  120  130  120  131  140   34
ch:  35  125  133  121  134  133  123  118  120  133  119  126  124  120  124  121  116  122  119  124  115  123  117  133  134  125  126  120  134  133  126  127   25
ch:  36  121  140  132  134  130  125  124  118  130  123  123  119  125  123  131  121  121  120  124  122  122  119  119  124  125  119  118  124  123  133  120   38
ch:  37  124  123  134  123  123  118  129  124  122  119  134  121  124  119  126  117  117  115  116  117  119  114  128  118  113  116  126  124  121  122  135   26
ch:  38  122  138  138  134  119  134  125  124  130  118  123  115  123  120  123  111  124  121  118  117  118  115  114  120  120  121  110  116  123  129  122   39
ch:  39  133  122  136  120  121  124  122  129  124  123  123  120  130  126  126  121  125  122  125  117  116  116  133  123  123  116  120  125  127  120  140   22
ch:  40  126  125  131  126  134  131  124  125  135  119  124  124  110  120  117  120  116  124  122  115  120  110  114  123  117  121  109  132  121  122  131   29
ch:  41  139  121  122  121  126  132  123  125  126  132  125  118  123  113  122  114  116  117  120  120  131  124  115  120  127  124  122  119  123  129  136   24
ch:  42  131  132  122  133  129  129  122  125  124  125  119  121  131  122  123  132  125  119  127  122  120  116  119  123  114  106  131  119  117  127  133   38
ch:  43  127  131  133  136  125  127  134  122  125  134  120  134  123  120  124  125  118  105  115  121  118  122  123  121  125  124  119  123  125  139  139   23
ch:  44  142  124  140  132  135  122  124  125  125  118  122  122  130  124  115  119  119  117  120  116  119  123  121  116  121  130  109  125  125  118  124   47
ch:  45  123  135  134  132  134  118  126  117  132  115  125  126  118  119  129  119  111  108  116  123  110  127  108  126  127  123  117  134  126  121  125   34
ch:  46  130  116  133  133  124  123  123  132  132  122  127  108  121  125  130  110  121  121  131  109  119  118  121  122  119  125  131  122  124  119  134   43
ch:  47  130  134  131  132  141  116  131  130  118  126  124  129  118  129  106  124  120  125  118  110  127  129  120  122  120  129  132  130  125  126  132   21
ch:  48  139  123  127  118  125  131  118  129  110  120  125  136  133  121  123  121  119  122  124  123  119  122  115  125  120  120  127  121  124  130  142   40
ch:  49  139  132  132  122  118  132  132  119  124  125  142  134  125  130  120  122  114  115  118  117  119  118  121  120  121  129  124  125  137  127  134   35
ch:  50  135  134  123  134  122  133  116  130  130  116  121  126  111  126  129  131  121  131  117  123  121  133  120  122  122  126  115  126  122  125  132   38
ch:  51  121  132  139  120  133  126  127  121  126  126  136  121  126  121  118  132  130  115  123  118  130  114  116  128  118  120  125  125  128  129  145   37
ch:  52  131  133  132  135  126  126  135  124  132  125  123  131  120  132  121  129  116  122  123  126  121  122  129  127  125  126  118  101  123  137  123   34
ch:  53  134  137  126   -1  126  133  131  122  135  121  132  121  122  125  118  133  122  118  132  114  115  107  120  124  127  119  135  118  124  131  132   34
ch:  54  139  130  124  132  118  131  123  137  132  122  125  111  130  119  118  115  134  122  125  121  124  124  122  117  122  133  134  120  125  124  133   36
ch:  55  136  133  126  133  138  134  121  135  123  122  121  124  120  122  121  116  115  136  126  124  118  124  135  124  123  119  119  123  125  124  134   17
ch:  56  136  126  140  132  132  125  120  131  137  131  121  118  128  119  126  117  131  119  115  131  115  116  121  127  117  127  123  122  135  125  124   39
ch:  57  132  122  121  135  137  122  123  123  126  127  121  131  121  124  124  119  125  118  123  115  119  123  123  120  129  123  132  136  131  129  130   28
ch:  58  134  125  122  132  120  134  135  129  136  121  124  134  119  123  124  121  117  131  118  124  115  122  122  110  131  119  124  127  132  127  131   36
ch:  59  136  132  132  135  132  123  123  126  120  133  120  133  118  123  118  115  121  130  125  125  121  120  117  122  116  124  114  126  130  134  133   29
ch:  60  131  134  124  132  136  126  124  133  131  123  124  133  118  121  122  117  122  120  125  110  125  121  124  124  130  109  121  132  132  122  137   37
ch:  61  136  131  136  134  131  131  131  110  126  132  121  132  123  135  126  120  123  120  122  104  120  132  125  121  125  108  130  125  131  133  131   24
ch:  62  132  138  127  132  135  132  133  120  119  123  122  133  126  109  130  119  116  122  124  134  126  121  118  123  123  116  120  137  132  132  122   38
ch:  63  135  132  127  133  137  131  124  131  119  121  122  123  123  123  125  125  126  121  117  130  123  116  123  131  122  118  124  131  122  131  135   29
ch:  64  125  139  134  137  138  131  136  125  124  117  121  118  119  122  121  122  115  133  117  124  108  126  122  132  118  119  119  128  124  130  131   37
ch:  65  137  134  135  123  134  133  132  132  133  116  125  122  106  120  122  134  115  115  114  119  126  120  116  125  129  125  132  124  126  131  125   24
ch:  66  124  126  136  131  122  135  134  126  123  118  121  131  117  115  119  119  120  116  118  121  125  115  124  110  123  132  124  122  122  126  134   44
ch:  67  125  139  133  129  129  122  134  119  124  131  123  127  119  121  120  119  120  117  111  133  115  117  133  127  116  124  122  126  129  125  132   31
ch:  68  139  122  137  130  131  131  124  117  126  120  127  123  120  131  117  115  117  118  109  118  117  120  116  119  121  134  120  121  117  124  126   47
ch:  69  133  126  138  125  129  126  127  121  122  124  122  113  132  119  116  121  123  124  120  118  116  120  122  125  118  120  122  124  124  124  121   32
ch:  70  132  126  131  117  132  122  120  123  122  119  116  119  119  119  130  120  130  124  120  121  109  121  119  123  122  122  116  122  122  122  123   38
ch:  71  131  136  135  140  130  135  119  120  114  130  123  125  140  116  118  134  119  115  125  116  122  125  126  121  119  122  117  130  125  122  124   31
ch:  72  131  123  136  127  123  118  135  121  122  131  107  141  124  123  123  124  132  132  130  121  135  131  123  123  126  123  116  119  134  137  137   37
ch:  73  136  122  134  124  126  122  134  119  122  136  123  118  120  124  117  130  119  125  124  116  116  111  116  125  114  121  123  124  120  130  134   31
ch:  74  117  130  132  129  124  131  130  130  124  131  119  125  131  115  119  118  123  124  109  121  119  117  110  125  136  123  121  126  134  131  129   48
ch:  75  126  132  140  132  138  126  131  134  125  124  124  116  126  121  115  118  114  119  131  118  120  118  116  117  121  127  108  118  119  133  131   32
ch:  76  138  130  134  137  126  126  132  125  124  133  131  114  122  117  125  123  119  122  123  123  123  117  116  109  120  123  123  123  121  123  118   32
ch:  77  126  132  127  118  131  125  126  116  124  127  120  124  122  118  119  131  109  106  114  126  117  119  126  117  131  118  119  132  130  118  134   25
ch:  78  137  131  139  132  123  135  125  131  122  122  121  115  122  131  115  122  120  124  115  123  118  124  119  123  124  118  121  124  133  126  130   43
ch:  79  135  123  135  137  125  132  117  137  131  119  126  123  122  111  131  125  118  118  120  116  119  123  120  120  129  123  120  117  121  124  136   41
ch:  80  132  129  131  135  130  125  128  124  123  115  112  113  132  114  118  119  120  118  119  117  120  123  116  120  114  121  119  122  119  124  133   46
ch:  81  142  125  130  127  130  129  123  136  126  122  120  135  129  118  131  121  115  119  122  134  114  123  118  125  124  131  123  132  125  126  142   30
ch:  82  121  140  132  129  129  125  121  132  127  132  131  126  130  123  119  115  115  120  114  119  116  127  119  109  120  133  120  130  130  133  129   34
ch:  83  134  132  134  140  135  129  121  120  134  127  118  118  132  122  117  119  119  108  118  115  129  107  122  114  122  129  120  127  126  122  125   23
ch:  84  136  124  131  139  135  122  131  133  120  117  109  119  121  120  118  119  120  119  118  117  119  121  114  108  112  116  123  117  117  125  119   38
ch:  85  138  140  136  126  127  134  133  125  119  132  123  119  121  119  134  116  117  122  125  131  120  118  115  126  126  119  109  110  126  122  132   35
ch:  86  129  145  126  132  122  130  136  125  123  118  134  132  125  109  117  133  127  126  118  122  120  117  117  115  119  110  119  127  123  120  136   32
ch:  87  121  135  126  125  122  137  111  123  123  125  130  122  119  127  126  117  118  121  106  117  120  123  115  118  126  124  132  134  122  132  124   29
ch:  88  126  133  134  127  139  123  126  127  134  117  125  124  123  124  126  126   -1  121  124  123  112  116  119  130  123  118  109  133  129  116  134   40
ch:  89  134  141  125  135  119  126  117  118  127  121  118   -1  120  124  124  130  125  120  110  117  122  119  132  116  118  116  127  121  122  117  123   36
ch:  90  131  138  132  124  130  133  126  132  121  135  119  127  117  125  127  122  122  122  125  124  114  117  132  123  121  118  110  131  116  134  126   40
ch:  91  131  133  127  133  125  119  124  131  119  133  123  125  123  110  115  121  121  120  115  115  115  123  121  133  135  125  131  114  133  132  118   26
ch:  92  133  130  129  124  121  121  117  124  123  138  124  123  117  120  119  117  120  118  123  120  118  120  115  123  122  115  129  116  131  122  129   52
ch:  93  141  136  134  138  124  131  127  130  119  124  131  127  126  122  129  117  126  127  124  114  118  125  136  125  117  120  121  125  120  118  124   27
ch:  94  133  120  132  132  131  133  120  116  133  111  126  116  116  122  108  118  117  105  118  119  109  121  114  109  116  122  125  121  109  125  124   43
ch:  95  129  133  126  131  124  126  122  136  122  131  117  130  124  123  129  116  119  123  123  119  120  122  116  125  122  125  114  123  109  136  129   33
ch:  96  134  135  129  132  117  135  122  123  122  132  121  131  119  120  118  120  125  116  119  120  118  125  121  122  122  124  121  120  132  122  124   37
ch:  97  124  125  124  135  123  131  118  118  122  120  126  126  119  118  117  120  119  116  135  126  127  121  116  122  121  113  118  123  120  130  125   31
ch:  98  123  126  125  132  134  125  124  134  130  124  135  118  130  124  123  113  116  118  105  119  123  123  117  127  115  115  120  108  132  119  120   37
ch:  99  135  135  133  133  132  134  131  119  117  117  120  124  127  113  123  117  121  121  118  117  120  120  111  122  118  117  131  126  118  121  136   19
ch: 100  127  139  141  132  124  122  124  123  127  124  121  126  118  117  124  108  134  122  118  120  115  116  122  119   -1  115  125  121  117  122  124   53
ch: 101  121  134  136  134  121  124  135  120  123  120  122  121  121  118  120  120  119  120  120  116  123  118  125  119  117  120  125  114  133  130  137   24
ch: 102  132  135  135  135  125  132  126  128  131  137  111  121  116  130  121  127  120  117  121  120  127  116  117  123  122  123  119  122  122  133  126   34
ch: 103  122  125  125  126  122  133  132  132  118  131  117  122  121  106  121  115  115  124  115  117  119  117  118  130  118  124  125  123  125  122  123   30
ch: 104  132  135  123  132  126  121  130  126  124  127  122  119  120  135  115  103  121  115  111  121  113  132  124  122  121  122  116  121  119  133  135   35
ch: 105  134  131  145  133  130  122  133  120  115  131  117  121  119  121  116  109  120  116  120  122  120  118  122  125  119  118  127  126  130  127  137   33
ch: 106  139  131  127  118  131  122  131  124  130  123  116  121  124  120  131  123  117  118  117  123  108  119  110  120  125  109  117  111  121  121  134   50
ch: 107  139  122  134  123  124  124  121  123  139  121  125  120  115  116  126  118  118  129  123  118  126  117  116  117  120  124  121  133  134  135  123   30
ch: 108  122  132  125  132  137  127  133  123  131  121  126  122  133  131  122  117  116  124  120  119  118  119  133  117  126  119  119  129  116  121  130   36
ch: 109  133  123  130  123  130  130  133  125  118  121  136  125  121  115  124  119  103  111  115  120  125  116  117  119  116  101  118  121  109  116  120   27
ch: 110  123  127  125  122  131  118  126  131  133  119  127  132  133   -1  123  122  120  111  119  131  121  124  114  115  119  117  125  120  128  130  123   27
ch: 111  127  133  132  125  132  125  125  121  129  134  122  119  123  126  117  117  120  119  113  126  125  117  108  120  106  117  121  124  124  121  120   25
ch: 112  126  130  134  135  135  132  123  124  131  121  117  132  119  124  117  110  117  118  109  118  119  113  115  116  126  117  118  123  117  124  119   41
ch: 113  129  126  126  135  135  117  130  117  125  126  119  120  113  122  122  121  115  121  123  118  110  117  114  114  119  119  117  118  118  116  136   28
ch: 114  137  137  132  130  125  132  116  119  124  115  124  117  118  107  107  123  119  120  116  105  125  123  117  116  119  118  116  123  130  135  126   34
ch: 115  127  137  117  111  126  121  130  135  123  125  122  117  108  123  122  115  117  117  120  111  110  115  104  121  116  117  126  117  127  118  121   28
ch: 116  129  122  133  131  132  126  125  131  120  119  121  125  132  118  118  127  116  122  117  123  117  115  119  121  118  120  115  120  131  125  135   38
ch: 117  131  135  123  121  121  120  129   -1  124  121  123  122  126  122  121  131  104  115  120  106  131  120  119  110  118  122  112  121  121  124  121   33
ch: 118  138  135  132  136  131  123  132  123  120  119  120  117  124  122  119  120  121  110  110  116  107  120  122  122  114  122  123  123  122  122  121   32
ch: 119  138  126  134  124  114  135  125  130  135  121  130  125  120  118  121  110  111  115  118  125  106  109  118  116  107  121  132  118  126  132  132   28
ch: 120  126  133  135  135  126  133  124  117  123  125  116  125  110  116  120  113  120  120  115  120  126  119  119  122  123  122  125  121  120  121  126   54
ch: 121  131  126  140  129  132  132  116  119  123  126  118  118  120  121  122  124  131  131  122  115  122  122  132  122  113  130  123  125  129  126  133   27
ch: 122  129  125  122  119  132  130  124  131  123  130  129  125  125  116  124  125  123  116  124  121  116  118  108  109  120  106  119  106  116  121  134   37
ch: 123  127  124  127  124  132  134  124  124  129  125  125  120  116  125  125  126  120  119  116  120  127  124  115  124  116  120  114  126  119  130  123   26
ch: 124  126  132  131  123  138  136  122  131  131  119  133  124  134  123  119  129  124  121  123  116  133  116  120  124  127  126  126  121  117  124  120   19
ch: 125  123  124  125  130  120  131  125  132  132  126  121  106  133  125  121  134  117  116  122  126  121  125  125  131  122  120  138  127  118  124  139   36
ch: 126  136  133  135  139  126  125  131  130  120  126  125  121  119  120  118  117  120  120  121  123  125  118  124  129  116  117  123  121  125  125  122    7
ch: 127  133  132  136  125  130  129  126  122  133  125  133  123  115  118  116  121  113  115  123  120  111  101  118  116  120  119  126  106  115  119  124   25
