# ID XA-000-08-002-000-006-206-04
# Tag _trim_
# Date 240606_12:56:47
# Vref_p 55
# Vref_n 24
# Thr2_glb 33
# Vref_t 118
# Vref_t_range 1
# Pol 0
# ADC range 30-247
# FAST disc 30
ch:   0  135  122  140  120  135  124  133  123  141  137  120  123  125  123  124  117  113  110  129  114  122  114  110  117  121  126  122  120  130  114  108   16
ch:   1  133  134  143  137  120  137  136  136  132  131  122  123  127  139  125  132  123  120  132  136  131  122  122  133  127  135  125  120  132  133  135   44
ch:   2  135  133  140  134  132  132  124  130  130  134  133  132  130  133  134  117  132  119  130  125  135  110  121  134  117  119  134  125  121  124  131   31
ch:   3  136  125  137  133  138  139  127  131  133  133  125  135  132  124  120  134  121  124  117  132  125  133  124  134  123  137  131  126  131  135  133   42
ch:   4  136  136  124  136  123  131  125  131  134  123  118  133  122  126  123  125  121  130  124  126  118  119  124  121  124  120  133  121  120  132  126   23
ch:   5  137  140  132  137  134  136  125  132  127  134  119  133  132  132  126  133  119  124  131  123  120  122  131  123  124  119  132  119  141  125  120   50
ch:   6  136  149  132  137  136  133  133  125  123  136  132  119  125  121  132  123  127  136  125  120  127  132  123  141  122  116  133  122  126  120  133   31
ch:   7  121  120  130  131  126  138  135  136  133  138  139  140  137  131  134  120  134  138  126  125  126  122  127  133  138  138  135  131  132  138  135   45
ch:   8  122  130  130  121  123  132  121  133  134  118  119  125  135  111  122  124  126  123  107  118  111  127  123  116  118  117  123  118  119  127  130   29
ch:   9  132  148  134  125  127  125  130  133  124  135  138  126  122  131  132  145  122  148  119  140  138  138  129  122  125  136  121  141  138  133  132   54
ch:  10  138  136  125  133  131  127  127  126  134  132  123  126  132  132  126  124  138  137  123  115  120  123  123  126   -1  118  127  123  125  117  125   27
ch:  11  124  133  132  137  131  124  135  136  134  139  135  140  134  137  143  136  139  133  132  134  124  139  131  146  122  139  134  134  136  138  136   44
ch:  12  142  124  136  137  131  132  136  135  133  132  138  117  124  135  123  129  127  115  123  121  124  130  122  121  119  127  123  127  121  123  124   37
ch:  13  129  123  126  138  133  135  139  137  134  138  139  133  135  137  141  127  137  133  133  134  127  132  134  132  134  136  130  135  136  137  136   40
ch:  14  133  140  136  126  133  131  136  132  132  135  118  120  134  131  123  114  134  122  118  125  107  117  121  122  118  126  124  135  124  117  130   31
ch:  15  133  138  137  147  131  126  140  135  138  141  133  141  123  139  133  126  123  136  139  124  137  139  134  135  125  136  126  143  137  140  136   40
ch:  16  123  135  134  132  139  131  132  131  121  127  132  116  120  131  122  122  117  123  141  119  121  122  130  107  119  121  131  126  130  122  120   26
ch:  17  137  138  135  131  135  135  116  134  141  126  140  137  126  135  132  127  131  139  133  136  134  136  137  137  125  135  143  136  140  147  141   53
ch:  18  137  134  134  140  134  135  133  126  126  120  124  123  133  146  133  131  135  123  120  117  125  130  132  132  122  125  121  125  123  138  124   37
ch:  19  131  134  126  124  125  123  139  133  140  136  134  135  146  140  135  124  119  139  136  123  134  142  137  134  126  137  131  135  137  132  123   53
ch:  20  121  133  132  141  121  131  130  125  127  131  123  132  122  130  125  119  119  125  124  136  125  134  123  120  137  121  123  122  126  120  122   27
ch:  21  123  138  132  132  110  137  124  140  136  124  131  131  135  134  125  133  137  140  124  139  139  136  140  124  135  136  131  136  135  142  148   44
ch:  22  125  137  135  149  135  134  135  122  132  133  132  123  126  126  120  120  122  121  119  132  115  132  122  134  124  123  122  126  136  132  131   36
ch:  23  132  134  134  126  135  130  137  142  138  126  137  135  137  145  127  139  125  142  135  141  137  135  132  131  124  139  137  137  147  156  142   41
ch:  24  129  131  132  136  134  141  131  133  140  136  125  140  133  132  122  121  124  122  115  119  110  115  120  127  133  114  136  123  124  131  120   32
ch:  25  141  137  138  139  123  135  137  122  136  138  132  136  136  119  139  120  133  141  119  142  142  131  140  136  132  136  137  132  150  137  141   53
ch:  26  134  140  139  126  141  134  137  132  126  132  135  118  119  123  125  126  136  131  118  121  126  119  123  123  120  117  129  124  133  126  131   34
ch:  27  134  123  135  133  126  132  130  131  137  137  133  136  132  133  131  130  125  132  120  123  117  127  133  123  131  133  125  124  131  140  131   51
ch:  28  133  132  136  122  135  133  127  133  134  124  124  138  125  139  121  117  116  122  123  120  122  131  129  134  110  126  134  125  124  119  120   41
ch:  29  127  134  133  136  134  137  132  146  138  133  134  138  133  139  136  133  138  132  133  134  126  122  126  125  124  131  137  133  136  140  135   46
ch:  30  139  133  137  138  134  135  133  135  138  139  136  132  122  122  139  121  124  127  123  119  118  114  134  138  125  140  132  122  132  124  131   30
ch:  31  138  133  137  123  134  138  134  122  138  134  133  124  149  140  120  135  143  140  134  137  137  130  139  140  134  135  134  131  147  146  141   43
ch:  32  121  134  124  132  132  131  121  140  137  133  135  124  123  131  135  137  127  123  124  134  132  125  133  142  133  131  120  133  124  135  138   38
ch:  33  133  126  133  138  142  135  145  135  131  141  132  141  132  136  135  136  141  134  144  137  137  123  135  149  137  141  131  136  137  138  130   56
ch:  34  137  133  126  122  146  136  136  122  134  124  130  131  123  122  135  124  123  121  132  134  122  129  135  125  126  119  111  130  133  122  132   40
ch:  35  132  135  146  139  134  135  137  135  142  126  139  132  125  134  141  140  124  126  136  133  135  141  135  139  140  139  147  137  140  133  152   47
ch:  36  138  136  123  133  136  134  134  136  132  137  118  125  136  134  135  138  122  123  124  135  132  132  117  132  135  137  136  119  126  132  132   32
ch:  37  126  137  139  126  138  127  132  133  137  138  136  134  140  149  143  140  133  132  139  142  126  138  147  137  138  151  146  138  134  140  142   56
ch:  38  134  129  135  140  133  139  137  131  124  124  139  114  123  123  124  124  115  116  117  124  111  132  119  118  125  116  125  120  119  122  125   26
ch:  39  140  137  140  120  145  146  134  125  139  136  123  135  140  135  134  124  135  136  143  135  130  150  140  137  130  131  140  135  146  133  147   56
ch:  40  133  129  134  122  127  136  147  121  136  137  137  123  134  123  130  130  135  121  118  131  126  133  126  126  131  127  126  134  131  129  133   36
ch:  41  127  139  134  134  136  144  141  137  140  138  146  150  147  138  131  122  138  121  138  126  137  135  133  140  131  140  139  137  139  137  134   54
ch:  42  135  141  124  136  133  140  140  134  123  123  125  136  122  123  126  131  120  132  118  132  136  121  125  124  119  126  122  135  121  116  132   45
ch:  43  132  137  141  125  137  141  147  139  137  137  149  141  132  148  132  146  140  135  137  135  146  139  134  138  146  152  140  147  147  137  142   56
ch:  44  138  135  132  124  134  136  135  133  132  131  139  137  134  134  135  134  127  116  126  136  133  132  136  124  140  134  131  135  134  136  135   41
ch:  45  142  146  137  138  139  130  137  135  134  137  126  133  142  136  132  127  134  133  132  131  143  136  123  142  132  134  131  140  133  143  147   46
ch:  46  140  140  135  139  123  131  133  124  121  132  135  133  124  134  136  124  130  124  127  117  125  134  135  136  137  135  138  127  124  131  133   41
ch:  47  140  134  132  138  130  125  132  137  136  131  135  141  138  146  149  137  136  137  139  138  136  134  137  142  135  148  141  134  139  138  135   56
ch:  48  133  134  141  134  138  140  142  137  139  127  140  137  128  131  122  139  119  121  140  122  134  120  119  134  125  123  134  125  132  125  133   28
ch:  49  134  134  146  143  132  138  131  143  132  127  132  127  137  134  139  134  133  131  130  133  137  137  135  138  131  132  139  125  151  133  136   49
ch:  50  132  137  142  134  130  132  130  132  135  126  133  133  127  136  130  135  126  134  134  126  133  124  139  135  121  125  121  126  127  138  134   45
ch:  51  119  124  134  139  139  134  132  132  139  141  139  137  141  134  133  139  136  137  135  137  124  126  133  132  140  135  131  139  137  137  148   45
ch:  52  123  139  124  135  125  126  139  126  121  133  137  139  122  136  136  131  135  138  124  133  125  126  126  126  124  124  135  132  138  137  137   43
ch:  53  127  134  135  136  136  137  136  134  151  137  147  135  132  133  132  124  136  136  133  142  134  127  132  123  127  133  142  138  138  134  150   45
ch:  54  149  133  125  136  140  126  136  132  131  134  124  126  126  135  124  123  133  126  136  126  124  121  122  122  118  125  120  125  127  126  132   32
ch:  55  145  133  136  137  139  140  139  138  137  139  137  127  132  132  140  131  140  140  132  132  135  135  134  134  137  131  122  142  132  138  131   50
ch:  56  136  134  137  136  125  148  129  138  138  133  141  149  125  121  122  132  126  132  110  139  131  124  132  130  131  122  135  123  136  131  122   40
ch:  57  141  133  137  133  132  139  132  137  135  146  138  144  142  132  137  139  137  142  135  130  140  125  136  130  140  136  142  140  134  125  134   48
ch:  58  136  138  124  134  136  127  122  134  138  135  142  133  136  133  132  130  124  124  134  140  133  136  131  123  131  125  134  133  140   -1  134   36
ch:  59  146  140  133  149  125  141  136  136  127  150  136  137  125  146  119  138  126  135  131  137  133  136  135  137  133  135  138  126  143  145  139   37
ch:  60  136  147  140  137  139  133  136  137  139  136  138  141  136  125  121  124  127  131  136  133  124  131  127  141  135  143  131  120  123  135  133   27
ch:  61  142  136  132  139  139  142  134  134  138  141  140  136  134  138  133  141  136  136  140  126  141  134  136  141  137  132  136  138  126  140  143   51
ch:  62  125  131  130  124  126  135  127  137  136  132  139  130  132  137  139  139  122  133  123  126  122  138  135  122  126  137  135  125  135  137  139   31
ch:  63  139  132  141  149  140  137  132  138  136  145  139  132  135  143  133  131  146  138  141  142  133  147  127  134  139  143  137  150  140  143  141   49
ch:  64  130  146  126  143  122  132  141  122  140  135  127  134  139  133  138  136  127  124  125  136  133  129  138  136  124  125  118  134  121  126  124   36
ch:  65  131  148  135  142  137  140  121  145  136  132  143  141  136  139  140  139  143  141  144  139  142  133  149  146  137  148  141  145  142  142  143   56
ch:  66  137  141  125  124  136  139  140  135  135  131  139  139  124  136  121  127  132  125  132  131  123  135  131  125  138  124  126  148  133  136  136   44
ch:  67  136  134  149  140  146  134  132  141  131  134  141  136  124  142  124  134  136  132  134  126  137  134  138  134  132  136  124  142  132  134  137   46
ch:  68  123  136  138  142  134  126  126  131  136  133  127  134  132  130  139  126  135  132  134  138  131  126  139  127  135  135  136  135  125  125  125   36
ch:  69  139  133  131  125  126  125  140  139  138  133  133  137  135  136  132  133  139  135  127  140  136  147  139  146  135  140  137  141  137  141  136   46
ch:  70  131  132  139  140  134  133  133  140  133  135  142  146  126  131  137  138  130  131  124  124  131  141  134  130  138  124  141  129  133  131  138   34
ch:  71  138  141  137  137  147  127  134  142  132  135  147  133  131  136  138  138  139  137  139  132  142  133  132  140  135  137  127  138  140  140  140   53
ch:  72  130  131  133  135  132  126  136  131  141  131  126  134  122  134  133  138  136  136  135  131  123  131  133  138  134  125  137  131  132  135  133   35
ch:  73  141  136  141  132  145  135  147  143  133  133  141  142  139  141  133  123  127  138  137  140  126  135  140  140  135  131  131  139  132  146  147   51
ch:  74  132  139  140  127  136  145  140  132  137  122  134  139  146  123  131  126  139  127  125  121  127  132  133  125  134  124  141  132  133  121  134   34
ch:  75  125  138  133  135  125  142  148  141  155  132  135  138  140  138  132  148  139  139  140  143  149  138  149  140  143  146  132  142  156  141  142   52
ch:  76  134  134  136  123  136  139  135  140  131  137  135  146  136  125  139  133  124  120  132  121  126  124  132  136  125  121  121  133  131  127  132   32
ch:  77  141  141  145  133  132  124  135  142  137  133  149  137  127  140  138  138  141  137  138  131  132  137  135  149  137  136  147  142  132  137  145   39
ch:  78  133  127  127  133  136  138  140  119  122  134  132  126  131  138  133  131  123  131  124  117  141  126  124  125  122  134  122  126  130  126  132   33
ch:  79  135  146  140  141  139  136  139  138  140  149  139  127  141  134  140  142  138  153  137  134  143  133  139  142  146  145  146  141  147  146  141   43
ch:  80  142  139  134  139  133  134  136  138  135  139  126  133  139  138  133  133  134  135  133  124  125  133  121  131  131  133  121  131  133  136  147   35
ch:  81  138  136  125  139  145  138  135  140  136  137  146  142  149  138  122  140  134  142  134  140  138  147  138  149  142  134  135  135  149  138  153   51
ch:  82  133  142  136  131  121  126  126  135  139  141  123  139  126  133  134  124  136  121  123  127  130  122  131  125  133  131  126  131  145  135  139   38
ch:  83  141  152  141  140  140  124  133  147  134  135  136  139  136  137  134  133  131  150  142  139  135  140  141  134  141  143  141  153  153  142  151   41
ch:  84  133  134  125  135  135  138  132  124  124  141  126  132  138  133  140  141  133  133  137  129  134  125  122  133  136  121  130  132  140  135  131   35
ch:  85  145  138  142  139  137  136  140  134  141  140  138  135  140  148  133  133  143  135  151  143  137  136  138  149  136  138  141  146  153  139  136   41
ch:  86  135  137  130  126  136  143  140  139  130  134  141  133  132  132  139  140  123  125  124  131  125  136  134  133  124  123  132  121  127  140  131   47
ch:  87  141  123  136  143  124  139  146  135  131  132  136  137  138  131  138  147  140  134  132  140  132  137  131  134  134  135  134  142  137  133  137   56
ch:  88  134  141  134  139  136  146  124  147  134  142  131  141  131  134  135  131  133  134  137  135  139  141  138  132  122  124  135  141  141  126  137   44
ch:  89  136  147  136  150  150  133  139  138  139  149  135  136  140  133  141  126  139  136  125  141  133  140  127  123  143  142  141  142  138  146  141   56
ch:  90  138  131  135  139  130  147  132  117  138  141  140  140  138  135  132  121  133  135  124  122  131  136  131  134  124  130  135  126  132  137  137   30
ch:  91  138  141  133  150  133  135  137  140  137  138  133  127  140  138  136  147  138  138  132  139  139  145  141  140  140  142  148  132  139  143  151   45
ch:  92  136  136  146  124  138  131  142  139  137  132  135  132  132  131  133  136  131  135  124  131  132  123  130  127  132  131  132  143  134  150  124   32
ch:  93  136  146  138  141  136  135  138  146  131  136  138  126  138  134  132  131  137  140  131  139  137  130  127  137  131  141  141  137  152  146  141   46
ch:  94  135  138  136  137  135  123  127  142  132  135  125  133  126  124  126  124  132  131  123  132  127  132  124  126  121  129  139  138  126  147  140   44
ch:  95  142  152  134  142  126  150  137  139  146  134  150  139  141  140  136  142  138  131  125  142  130  136  142  143  163  142  139  138  147  150  136   42
ch:  96  135  138  125  134  131  140  134  139  130  124  135  139  130  133  132  117  131  131  133  127  125  140  124  134  127  125  132  141  132  137  129   30
ch:  97  138  138  141  141  141  138  131  136  131  138  147  140  133  132  146  139  135  131  142  143  127  136  136  139  136  125  140  145  142  142  148   53
ch:  98  142  139  126  139  136  131  139  134  132  133  138  138  133  138  137  126  129  122  130  122  119  123  122  121  133  125  119  137  126  125  126   34
ch:  99  135  135  127  134  135  145  138  134  137  126  142  137  143  147  138  141  136  146  142  152  134  146  154  146  141  145  138  142  146  149  135   50
ch: 100  126  134  132  137  133  143  145  133  131  125  131  127  131  123  133  125  138  128  133  136  125  135  137  136  133  133  131  132  133  151  140   39
ch: 101  137  131  137  134  133  138  146  134  136  123  133  138  142  134  139  138  133  141  137  138  141  137  153  132  140  146  138  137  142  135  148   51
ch: 102  135  137  138  122  126  137  135  122  123  123  124  136  125  126  132  123  123  133  118  125  125  123  115  134  139  119  120  126  132  119  138   40
ch: 103  131  138  137  148  145  142  139  131  151  135  136  148  137  127  134  139  140  138  139  137  140  133  140  136  138  142  140  137  149  139  137   47
ch: 104  139  146  135  141  148  134  135  137  139  136  135  126  131  127  137  137  138  135  136  130  125  126  126  122  136  124  133  123  136  124  125   40
ch: 105  132  140  135  141  133  135  131  132  142  127  134  136  145  137  135  136  137  125  141  122  140  125  139  137  139  134  134  138  147  140  148   56
ch: 106  133  139  137  135  140  133  132  137  142  134  124  129  126  135  133  135  126  141  121  127  132  134  130  121  135  132  134  123  131  138  135   39
ch: 107  125  142  134  136  133  135  139  132  150  142  138  137  137  142  147  140  133  130  149  138  140  141  130  150  150  140  151  147  140  141  148   45
ch: 108  125  136  132  138  133  132  131  131  135  132  131  127  137  132  138  123  126  135  136  133  135  135  136  131  140  142  126  146  133  126  141   40
ch: 109  126  148  139  143  133  131  137  138  124  140  140  125  138  133  139  131  141  139  134  142  137  134  133  122  139  138  151  134  135  140  150   56
ch: 110  134  125  134  140  136  121  133  130  133  135  126  136  137  124  126  132  133  133  120  119  136  125  132  110  130  130  125  132  132  144  125   29
ch: 111  147  140  124  143  141  144  135  125  140  138  125  141  139  143  139  133  146  132  138  145  137  132  133  133  139  135  135  141  136  150  142   43
ch: 112  135  137  139  138  140  140  140  145  139  132  126  139  131  132  139  125  125  138  126  130  132  129  135  126  135  129  132  137  137  136  126   39
ch: 113  140  124  139  124  140  140  142  147  136  127  140  137  132  142  135  137  135  136  140  126  135  139  139  142  135  133  124  146  143  141  143   50
ch: 114  129  135  147  121  132  136  125  130  120  133  126  127  131  122  131  121  134  120  128  129  119  126  132  126  132  133  125  126  125  122  140   33
ch: 115  139  138  149  136  130  132  134  139  140  137  137  140  140  141  135  138  136  142  123  141  139  136  136  134  136  140  143  147  137  146  152   53
ch: 116  137  136  142  139  128  137  133  122  124  133  124  116  132  127  125  124  134  132  124  131  121  117  124  132  125  135  121  137  134  135  126   31
ch: 117  147  135  133  136  135  146  140  148  139  140  143  142  139  142  121  133  133  138  125  135  141  126  138  139  134  130  132  136  136  137  147   49
ch: 118  137  138  137  140  133  133  122  139  132  135  134  126  132  120  125  130  123  132  125  138  122  138  120  125  123  125  120  124  125  125  124   41
ch: 119  131  137  147  141  137  130  135  138  139  133  128  138  125  133  136  132  138  140  136  131  140  134  132  121  145  132  136  137  141  140  145   45
ch: 120  141  143  122  130  138  133  140  134  135  137  137  141  132  137  121  129  133  119  124  134  122  135  125  121  120  123  124  136  119  139  131   32
ch: 121  133  131  146  141  130  127  133  138  135  135  132  130  143  135  135  126  136  132  126  139  132  132  138  122  149  125  135  134  134  140  130   48
ch: 122  124  136  146  135  134  116  122  137  124  125  134  131  136  136  135  130  133  146  135  123  116  139  136  134  121  119  122  122  120  134  136   23
ch: 123  132  141  137  126  133  139  133  137  123  135  135  140  134  136  138  127  135  126  136  128  135  132  135  125  126  125  132  137  138  145  133   56
ch: 124  135  130  142  134  134  139  133  131  139  132  133  132  133  125  137  110  123  132  117  125  124  119  134  133  133  122  137  130  142  148  134   29
ch: 125  150  132  136  134  149  148  123  137  142  137  135  122  126  125  135  127  145  132  150  136  138  130  133  120  125  127  131  133  137  132  124   56
ch: 126  125  135  130  133  134  134  135  125  139  135  136  134  124  131  131  136  126  133  127  123  123  118  126  133  129  124  134  122  124  125  126   37
ch: 127  140  138  135  141  140  135  135  133  140  134  124  143  133  123  131  131  139  126  122  124  136  133  124  123  143  136  125  139  121  132  140   47
