# ID XA-000-08-002-000-005-153-08
# Tag _trim_
# Date 240606_13:45:54
# Vref_p 55
# Vref_n 22
# Thr2_glb 32
# Vref_t 118
# Vref_t_range 1
# Pol 1
# ADC range 30-247
# FAST disc 30
ch:   0  138  121  130  123  123  130  123  133  133  125  124  121  126  119  109  121  122  120  109  114  116  123  118  105  127  118  104  120  110  110  120   12
ch:   1  135  131  126  126  132  122  121  119  131  132  126  123  123  117  126  125  107  117  112  115  125  117  108  114  123  125  115  117  116  119  118   29
ch:   2  119  132  133  124  133  137  133  123  133  117  131  120  120  117  121  122  124  119  126  125  115  114  115  107  116  115  124  116  117  117  119   14
ch:   3  124  134  134  118  125  124  126  134  137  118  122  120  123  131  121  114  118  116  124  119  115  120  116  101  105  117  117  106  116  106  108   18
ch:   4  120  138  123  137  132  125  121  123  131  122  127  131  133  122  115  122  122  124  124  115  122  118  110  122  116  110  124  118  121  120  123   30
ch:   5  123  124  127  132  125  122  136  135  123  119  113  121  123  110  117  120  110  116  105  111  112  117  121  108  121  107  116  103  120  115  110   16
ch:   6  132  132  132  128  133  122  131  132  132  123  136  139  116  131  117  120  105  118  116  123  122  105  122  117  113  122  117  108  122  115  111   27
ch:   7  125  131  125  120  125  137  117  133  116  119  125  119  126  115  122  103  115  122  115  117  119  124  104  117  115  118  123  116  114  119  116   25
ch:   8  134  133  131  131  125  120  127  131  121  119  114  123  132  118  123  114  119  115  118  110  108  124  125  115  115  126  116  109  115  118  117   32
ch:   9  124  125  126  125  121  122  122  125  123  121  127  106  124  122  121  118  126  118  115  114  116  108  116  111  110  104  116  102  116  114  119   19
ch:  10  147  134  134  130  131  135  125  124  135  119  131  123  117  124  125  120  114  115  120  118  118  119  105  119  105  120  121  116  121  119  106   27
ch:  11  120  132  135  134  126  129  123  132  126  126  123  126  124  131  120  114  117  118  109   99  118  121  115  117  116  117  131  118  119  119  116   22
ch:  12  132  133  148  135  132  125  125  116  119  126  119  135  126  123  121  107  105  117  120  121  119  127  118  119  115  119  118  118  115  120  124   47
ch:  13  133  124  137  122  132  123  110  121  132  123  117  125  123  123  117  108  119  125  126  107  104  113  117  127  123  127  114  122  117  119  110   16
ch:  14  124  125  135  134  132  124  133  131  126  121  119  114  119  118  109  120  114  120  118  119  109  119  105  123  115  114  129  124  106  116  123   22
ch:  15  135  138  121  136  119  130  136  119  117  119  122  124  116  116  115  115  110  116  119  121  117  110  106  119  115  110  108  113  116  123  108   20
ch:  16  124  116  123  127  133  136  123  132  119  126  123  121  117  122  116  122  123  111  120  105  119  129  115  110  115  130  109  117  118  119  116   23
ch:  17  136  126  125  119  133  138  120  121  117  123  133  121  108  121  119  119  115  108  116  121  117  119  105  109  122  116  105  108   -1  118  125   19
ch:  18  132  138  134  131  132  125  122  134  124  130  114  120  121  122  125  124  118  116  105  115  122  114  110  110  120  119  124  117  121  116  125   27
ch:  19  147  132  132  121  136  124  124  133  133  126  123  117  108  115  110  121  115  112  117  118  108  120  117  116  107  108  107  107  125  122  109   21
ch:  20  127   -1  125  139  132  118  131  127  126  131  124  123  113  119  122  118  117  122  116  119  107  118  106  107  110  109  104  105  116  116  113   29
ch:  21  127  137  133  137  135  124  123  130  129  117  119  124  109  106  123  116  120  114  107  111  109  118  104  110  107  104  106  109  108  115  110   14
ch:  22  134  129  122  131  127  134  136  116  126  114  120  122  115  124  132  108  115  118  122  115  120  113  106  102  115  103  130  107  115  118  119   35
ch:  23  132  136  139  137  132  131  131  121  132  123  130  123  119  118  123  131  124  123  123  115  125  102  107  110  121  108  121  117  123  123  122   26
ch:  24  124  133  121  134  131  122  132  126  123  129  131  111  120  121  116  122  124  124  113  105  118  109  116  113  118  118  120  111  116  117  124   42
ch:  25  140  146  123  133  122  135  120  125  122  123  122  115  117  116  125  116  116  118  118  108  103  118  117  110  116  125  109  120  114  109  109   15
ch:  26  135  135  124  133  126  130  137  134  126  122  131  118  123  106  119  122  130  125  107  129  120  119  107  111  100  123  118  116  115   -1  108   37
ch:  27  140  128  124  134  126  119  124  122  122  133  122  109  119  124  116  117  120  131  107  110  108  119  119  114  116  103  125  123  104  122  113   23
ch:  28  136  118  132  148  131  126  133  125  115  130  121  122  122  113  128  115  119  116  122  118  125  114  108  110  115  107  118  121  121  117  121   26
ch:  29  146  138  131  133  123  122  127  117  124  136  132  123  131  117  114  120  119  115  109  108  117  109  102  110  113  122  118  110  118  116  119   21
ch:  30  132  135  131  127  139  124  122  133  116  119  123  127  124  116  124  118  117  108  102  113  116  115  115  119  109  118  118  114  119  109  116   26
ch:  31  131  126  125  126  125  121  125  131  122  118  115  121  131  121  132  121  120  120  126  121  118  119  120  108  107  108  118  115  110  121  123   20
ch:  32  130  141  138  131  121  134  131  129  129  130  126  138  137  131  122  116  120  119  112  116  110  108  108  134  117  121  114  120  109  121  123   36
ch:  33  140  119  138  138  125  134  124  121  135  123  127  114  116  131  118  126  122  125  115  116  108  113  117  109  108  117  117  114  113  118  107   22
ch:  34  123  131  133  131  133  136  134  127  135  126  126  126  120  118  121  113  114  106  122  121  116  125  108  118  116  110  120  123  121  108  108   23
ch:  35  132  135  139  135  131  133  130  126  133  124  124  122  118  135  131  119  116  122  113  132  108  115  106  121  120  122  114  106  117  106  131   22
ch:  36  134  133  124  127  136  119  124  131  119  131  119  109  116  134  113  123  122  114  114  122  115  122  114  121  122  115  113  109  115  118  109   37
ch:  37  130  137  123  128  137  130  125  125  121  133  125  122  117  120  122  120  114   -1  121  117  119  110  110  106  123  107  114  110  115  115  117   23
ch:  38  138  134  136  122  133  125  136  129  116  131  122  116  127  130  121  122  126  120  118  119  123  111  115  109  106  114  122  126  119  121  124   27
ch:  39  136  126  149  124  124  126  123  116  125  115  119  124  127  118  121  133  104  109  119  117  121  114  107  119  116  117  111  109  118  118  119   16
ch:  40  132  123  141  123  126  147  124  126  140  131  127  131  120  121  131  116  131  122  110  108  120  124  118  122  113  123  120  123  122  115  114   29
ch:  41  133  136  133  123  131  131  126  135  127  126  127  120  126  132  124  117  124  117  121  124  119  121  121  118  119  117  123  126  109  121  118   19
ch:  42  126  139  132  121  119  135  119  135  133  133  126  120  124  125  130  122  125  115  118  118  117  115  122  124  110  119  110  120  107  116  114   27
ch:  43  140  139  133  130  131  126  134  133  108  123  122  123  116  131  130  106  115  108  108   99  111  115  115  124  115  116  107  107  118  109  127   26
ch:  44  141  129  121  134  131  119  135  133  124  124  133  125  118  121  124  122  121  107  123  118  124  131  116  109  121  115  120  108  120  124  121   25
ch:  45  134  132  135  124  125  131  123  137  131  134  123  134  117  130  113  118  115  115  109  114  115  121  109  117  118  119  115  116  120  120  118   14
ch:  46  127  131  135  132  120  125  122  132  130  125  131  115  127  125  123  118  123  124  120  122  120  115  118  110  102  117  118  118  120  106  120   24
ch:  47  132  130  135  129  125  132  134  121  120  131  122  117  122  124  122  123  123  121  107  120  132  119  124  118  116  104  120  121  119  116  130   28
ch:  48  134  139  140  132  125  123  132  131  131  132  130  133  131  110  119  118  123  120  126  118  120  116  119  123  119  122  120  109  124  131  123   42
ch:  49  132  132  118  127  132  126  127  132  124  124  119  123  126  130  119  107  122  117   -1  123  120  117  124  124  123  110  117  131  123  115  122   20
ch:  50  148  131  140  122  126  139  124  121  117  135  124  120  121  129  117  131  122  119  117  113  121  122  116  125  114  122  124  108  117  121  110   22
ch:  51  133  135  140  125  125  134  138  129  131  125  131  110  110  125  114  119  115  118  115  116  121  122  119  131  121  108  115  124  121  116  117   25
ch:  52  148  137  131  131  136  132  131  118  130  122  124  130  115  120  124  114  119  120  120  120  118  110  107  119  111  119  121  123  110  129  116   27
ch:  53  138  136  136  139  132  120  134  123  126  127  127  125  130  127  133  123  119  123  123  119  110  131  116  120  109  117  107  120  133  116  111   20
ch:  54  139  134  133  131  124  123  124  133  121  124  134  130  131  122  131  124  126  108  118  127  123  114  123  119  130  134  114  123  126  114  121   37
ch:  55  137  127  124  124  134  130  126  123  115  122  123  124  126  124  120  116  118  107  115  121  115  117  111  116  117  118  119  123  115  118  127   40
ch:  56  136  132  136  126  136  137  132  120  136  124  125  116  123  120  120  119  116  130  125  124  120  119  109  103  111  109  118  118  111  112  120   27
ch:  57  130  141  137  139  133  134  119  120  129  127  125  125  122  111  108  119  131  115  123  107  110  120  116  121  127  108  115  119  120  122  119   29
ch:  58  132  129  132  135  124  132  135  133  135  130  134  124  116  121  116  133  117  119  116  113  120  126  102  124  115  120  118  108  116  108  115   21
ch:  59  135  149  135  121  142  123  125  126  124  139  122  121  132  130  124  122  120  131  114  117  118  121  116  115  120  120  114  118  122  120  123   28
ch:  60  134  131  131  132  137  127  133  117  124  126  130  125  140  123  129  119  117  116  121  132  123  117  121  120  119  117  106  120  109  126  118   34
ch:  61  133  127  134  139  139  134  126  127  119  117  121  123  121  119  118  122  127  108  119  121  116  108  114  119  108  113  119  108  117  120  122   23
ch:  62  132  134  135  132  129  122  134  133  125  122  123  119  126  110  125  121  131  126  115  122  116  124  116  119  133  123  114  123  122  118  130   21
ch:  63  131  135  124  139  133  135  130  131  122  127  119  127  129  134  135  117  125  121  117  125  119  121  115  117  124  105  119  111  131  119  134   21
ch:  64  130  137  132  120  137  140  120  123  126  124   -1  125  129  115  123  125  120  127  123  130  118  119  107  116  114  114  122  121  131  114  126   38
ch:  65  131  139  124  124  143  129  135  125  131  125  125  119  121  117  127  119  121  119  111  121  110  121  124  118  120  110  122  121  127  126  118   24
ch:  66  133  137  135  132  125  120  131  129  135  120  135  122  124  106  126  118  118  120  106  131  123  120  118  121  110  114  120  117  119  118  117   40
ch:  67  135  130  123  123  126  131  126  123  124  131  123  130  116  118  119  125  117  115  122  100  123  116  117  110  114  123  115  121  118  121  125   26
ch:  68  124  129  139  126  126  137  134  133  124  126  125  134  122  131  131  121  122  121  116  116  123  120  126  118  124  123  119  117  119  111  116   44
ch:  69  125  136  127  132  133  135  125  136  132  124  123  122  122  119  116  135  125  123  121  119  123  119  123  118  120  131  109  120  120  130  122   35
ch:  70  137  125  126  134  125  138  131  132  135  124  123  132  123  124  121  119  121  123  125  124  124  122  118  121  124  120  117  120  113  124  125   33
ch:  71  138  138  121  126  125  125  134  122  132  123  119  107  127  115  120  115  122  122  118  123  118  115  119  111  121  119  116  122  112  131  115   22
ch:  72  122  155  125  135  147  121  124  136  125  134  119  131  120  124  118  127  119  114  126  121  120  122  118  116  119  107  126  109  125  121  119   33
ch:  73  136  134  136  140  133  136  131  119  131  132  138  123  120  122  120  119  117  120  115  121  115  108  125  122  132  115  117  114  127  123  126   19
ch:  74  123  137  148  136  127  124  134  127  121  131  120  124  131  117  119  126  124  131  119  123  115  106  122  120  116  121  116  119  122  124  125   23
ch:  75  136  130  132  133  135  139  122  131  133  122  125  120  117  119  134  134  132  118  119  119  116  115  121  126  121  108  109  118  116  118  117   26
ch:  76  142  134  127  127  132  133  134  131  133  124  124  124  117  125  109  121  119  123  125  110  108  109  118  120  111  124  122  106  117  120  113   28
ch:  77  130  135  142  139  124  123  129  123  127  124  126  115  123  124  119  117  121  122  119  119  115  119  123  109  122  107  119  120  127  127  126   24
ch:  78  150  133  130  132  131  124  130  117  131  119  135  132  133  115  118  119  130  116  122  127  119  109  115  131  120  116  119  108  115  117  108   32
ch:  79  131  136  125  124  126  137  123  131  126  125  132  124  127  120  123  121  123  115  115  127  117  127  114  111  115  122  119  116  121  123  122   17
ch:  80  138  138  131  137  135  138  134  131  132  126  121  116  126  124  132  119  119  122  116  120  115  124  121  117  122  104  109  117  122  104  115   33
ch:  81  132  137  125  132  138  140  141  121  123  126  117  122  136  118  121  119  124  117  120  119  118  122  121  122  126  117  116  122  115  126  126   26
ch:  82  127  133  137  135  138  136  135  139  131  133  130  130  125  122  135  129  122  116  120  117  130  118  110  117  120  117  118  116  119  116  124   33
ch:  83  131  127  147  124  125  127  134  125  121  134  130  124  127  136  131  126  121  119  129  129  116  111  117  116  106  120  109  117  105  116  121   21
ch:  84  133  138  140  123  132  133  135  126  121  125  120  124  123  124  122  105  109  134  113  117  115  124  118  115  116  109  118  120  114  131  116   31
ch:  85  137  132  136  136  132  143  138  125  137  107  118  119  123  123  123  118  126  121  115  120  119  124  120  132  115  115  121  128  123  118  127   23
ch:  86  150  132  136  134  130  131  135  126  124  113  133  123  122  119  125  116  124  130  112  103  119  118  119  116  116  114  117  111  124  113  110   32
ch:  87  125  130  125  131  130  124  135  125  121  121  118  120  141  130  107  127  121  114  118  109  118  108  114  110  122  123  115  125  122  118  122   28
ch:  88  135  135  126  140  131  134  126  127  117  123  131  125  123  118  123  118  120  119  123  111  122  110  116  124  116  124  122  118  118  114  118   41
ch:  89  133  136  131  134  137  132  130  119  121  127  133  132  122  118  131  122  118  121  123  121  115  106  117  119  120  121  118  126  119  126  125   37
ch:  90  131  142  142  125  137  126  125  124  134  124  131  121  121  122  122  130  118  110  123  119  115  130  126  117  116  115  122  130  121  126  121   43
ch:  91  134  142  123  139  130  129  124  125  127  126  103  125  124  126  121  120  122  121  111  117  124  125  122  121  114  122  118  120  125  123  119   26
ch:  92  131  137  141  138  132  125  133  125  129  122  124  102  139  113  128  129  121  110  125  117  116  127  118  116  124  120  119  117  118  120  119   35
ch:  93  125  131  137  137  132  131  136  137  125  133  122  122  111  126  121  127  123  120  122  124  122  122  116  122  116  121  122  120  118  123  123   24
ch:  94  134  130  121  137  125  135  127  129  129  134  124  123  118  116  120  119  109  108  120  120  115  121  118  118  109  117  100  105  118  125  117   27
ch:  95  134  133  134  115  132  131  123  133  130  124  129  108  127  120  118  125  131  115  121  118  118  117  119  116  122  116  106  107  106  109  125   25
ch:  96  135  137  131  137  124  134  134  130  129  126  120  130  119  127  129  131  122  130  117  121  119  125  120  117  109  118  117  121  114  124  108   41
ch:  97  132  132  133  132  127  134  138  124  117  130  125  119  131  126  121  132  126  115  124  117  121  109  120  117  105  123  120  121  127  118  123   18
ch:  98  134  139  136  137  133  126  133  141  122  123  132  125  130  122  129  123  117  119  106  115  122  122  115  109  115  126  123  121  114  119  111   29
ch:  99  142  130  134  122  131  133  131  120  130  120  123  122  131  124  123  115  118  114  126  120  113  114  109  115  120  117  115  116  126  114  117   24
ch: 100  140  141  133  135  134  133  127  130  129  119  121  137  113  131  134  129  119  116  123  124  126  129  111  134  122  110  122  117  108  114  113   37
ch: 101  130  138  138  127  139  124  125  118  139  126  131  109  111  133  118  123  116  105  117  111  122  116  111  114  121  123  104  116  115  124  119   28
ch: 102  137  133  132  136  120  137  137  131  122  125  126  126  123  135  125  124  121  132  106  120  116  116  125  119  116  115  107  123  117  122  132   35
ch: 103  132  138  131  124  131  131  133  124  121  133  130  130  115  116  124  119  129  123  116  114  118  110  117  116  118  109  119  121  119  124  118   25
ch: 104  138  137   -1  132  138  126  125  116  123  124  121  118  111  124  119  131  122  120  123  126  123  121  120  110  115  116  123  117  118  115  117   32
ch: 105  129  139  132  134  133  135  132  120  132  113  121  116  125  122  122  125  117  116  124  116  117  120  119  113  114  121  112  122  118  125  110   27
ch: 106  123  140  127  133  133  125  134  129  125  119  122  117  125  124  122  119  117  125  116  122  117  131  134  118  118  114  110  117  126  121  126   28
ch: 107  134  127  148  133  129  130  125  122  135  121  120  127  120  123  121  125  108  122  114  117  124  119  108  118  122  117  118  110  119  111  110   23
ch: 108  133  146  138  136  134  124  130  132  124  131  118  126  118  123  119  116  133  127  116  117  113  123  108  116  120  119  120  120  118  124  115   35
ch: 109  136  126  133  132  127  122  123  125  124  123  125  116  114  124  122  122  115  116  121  121  105  132  111  110  115  120  124  119  118  123  119   29
ch: 110  126  132  134  136  133  132  133  124  125  135  116  126  123  119  122  123  119  122  123  116  117  118  117  118  118  114  122  120  116  121  114   39
ch: 111  136  135  124  108  126  126  132  123  126  130  119  134  111  119  127  110  123  116  117  122  124  119  123  120  109  120  118  117  121  109  117   24
ch: 112  141  121  133  135  139  137  120  118  127  119  130  137  132  120  118  123  118  130  117  115  119  121  109  118  123  105  120  123  116  117  121   27
ch: 113  133  136  135  132  126  136  136  121  122  123  123  133  129  114  117  125  115  115  119  116  104  116  116  118  111  125  122  110  116  117  124   27
ch: 114  152  149  132  130  134  125  136  133  126  126  123  125  132  119  121  127  119  120  123  121  133  121  126  121  122  126  124  118  123  123  121   40
ch: 115  132  136  132  136  131  120  130  149  137  114  134  130  130  122  131  123  122  120  119  119  129  117  111  110  117  118  117  110  130  123  118   15
ch: 116  131  123  134  134  137  123  130  125  129  126  134  114  125  125  113  119  123  117  111  117  121  131  121  125  123  110  122  117  124  124  123   40
ch: 117  124  136  135  137  135  131  126  133  125  130  132  123  114  122  131  129  117  117  115  118  124  120  134  124  119  119  114  113  126  130  122   22
ch: 118  138  135  133  124  132  138  138  129  134  122  133  115  125  126  127  125  125  119  123  119  121  125  123  114  111  117  117  119  110  123  119   22
ch: 119  135  134  124  140  133  147  131  133  122  132  132  117  118  121  118  115  124  121  118  117  123  108  113  112  110  118  124  114  119  116  124   23
ch: 120  141  131  124  136  127  135  124  126  117  128  136  126  124  123  118  137  124  124  119  119  109  115  122  118  115  119  121  124  124  122  129   36
ch: 121  146  137  139  126  131  131  131  122  132  126  122  118  123  118  125  120  135  119  123  120  114  126  116  124  115  110  120  114  118  110  110   16
ch: 122  138  138  134  134  126  136  131  121  126  111  122  120  121  124  117  115  127  124  122  121  135  108  126  120  115  122  117  127  123  119  123   36
ch: 123  122  145  137  136  122  123  129  131  130  125  133  120  125  119  118  118  120  122  114  117  123  119  118  118  118  121  125  116  111  122  118   17
ch: 124  137  140  123  137  147  126  131  130  123  125  130  126  131  130  124  123  118  121  131  122  118  115  122  110  120  122  122  115  107  122  105   12
ch: 125  122  123  125  131  137  138  132  134  135  126  124  135  120  125  121  124  123  120  122  116  119  115  131  122  119  116  123  120  122  131  121   25
ch: 126  135  142  141  135  131  117  125  133  141  123  131  124  121  125  121  122  114  120  116  120  117  118  117  111  129  135  109  115  116  123  123    6
ch: 127  131  139  135  127  131  131  123  118  131  115  123  121  122  124  105  105  122  118  104  118  119  118  108  103  113  104  117  112  115  123  110   11
