# ID XA-000-08-002-000-005-190-06
# Tag _trim_
# Date 240506_20:16:19
# Vref_p 54
# Vref_n 19
# Thr2_glb 29
# Vref_t 118
# Vref_t_range 1
# Pol 1
# ADC range 30-247
# FAST disc 30
ch:   0  142  135  135  133  148  124  136  149  133  136  135  124  131  125  136  118  132  132  124  118  120  133  110  116  132  123  123  135  118  131  124   32
ch:   1  154  141  147  148  150  132  135  136  135  126  134  139  137  125  127  136  123  138  138  123  134  137  129  124  123  126  117  130  134  119  133   16
ch:   2  131  149  133  139  148  140  135  136  124  135  136  141  124  131  134  131  137  136  134  135  127  135  130  121  140  123  125  134  132  132  138   30
ch:   3  147  133  148  146  132  137  137  139  137  127  131  133  131  136  121  141  143  122  124  123  120  130  123  122  132  120  108  133  123  126  146   24
ch:   4  136  142  137  134  139  125  138  131  140  136  137  125  138  134  126  133  118  118  131  135  124  126  116  122  120  133  119  124  131  124  136   32
ch:   5  136  142  142  132  132  136  141  148  127  126  144  142  121  127  127  131  122  121  116  131  136  126  123  133  122  122  129  125  119  119  120   15
ch:   6  149  132  141  134  142  134  135  134  130  139  141  131  134  135  121  131  139  125  135  133  123  133  120  131  120  131  133  125  125  126  127   27
ch:   7  138  133  137  136  125  148  134  136  125  132  135  135  131  131  122  121  117  127  132  123  136  116  120  135  125  132  125  122  124  122  118   10
ch:   8  139  140  138  141  140  134  126  136  135  136  131  126  127  124  127  115  125  127  118  131  133  125  125  132  125  131  123  136  120  137  124   33
ch:   9  141  137  136  141  137  138  136  135  131  134  124  126  117  136  137  120  132  130  123  123  131  106  121  136  122  126  125  123  124  123  145   16
ch:  10  148  143  140  131  147  146  136  133  135  133  151  139  137  133  124  133  126  123  135  119  127  125  125  124  122  124  135  126  136  135  126   28
ch:  11  136  154  139  136  138  138  138  135  132  137  137  126  125  126  134  134  130  132  132  125  113  137  124  134  121  135  122  132  134  118  137   22
ch:  12  138  138  137  134  138  140  146  139  136  147  126  143  124  136  122  122  118  130  122  122  120  119  122  126  132  125  133  122  121  131  132   31
ch:  13  141  142  135  135  125  139  133  133  137  134  127  131  135  136  124  138  116  130  123  135  130  120  136  124  118  132  138  127  123  134  134   21
ch:  14  137  137  149  135  141  148  127  122  125  132  133  133  135  134  131  127  123  140  120  136  126  123  123  121  132  122  135  133  132  134  133   30
ch:  15  133  142  147  150  138  138  139  131  134  133  141  137  137  120  132  123  138  125  123  134  124  119  116  139  133  132  121  124  133  125  129   16
ch:  16  148  149  137  133  126  136  134  137  134  131  132  139  123  122  132  124  123  125  132  135  123  123  134  126  131  122  133  133  120  135  124   41
ch:  17  137  140  138  125  148  149  133  138  132  131  123  138  134  125  123  123  129  125  127  115  129  124  133  122  122  124  133  124  124  133  121   18
ch:  18  141  142  149  137  132  139  124  134  140  131  124  138  133  134  126  121  115  120  139  123  126  125  131  120  124  127  122  124  134  124  125   36
ch:  19  147  141  137  134  146  134  135  139  134  139  135  126  132  123  125  123  133  117  134  124  125  124  126  139  120  131  126  123  124  122  135   28
ch:  20  124  146  122  141  138  125  136  137  132  132  146  131  138  139  125  124  130  125  122  125  117  121  125  135  132  119  131  122  125  121  132   35
ch:  21  140  136  152  148  136  135  131  148  132  132  125  134  125  122  136  134  138  134  133  125  122  122  120  122  126  133  118  133  124  121  123   25
ch:  22  147  136  136  139  135  134  140  138  140  139  138  124  131  125  127  127  133  133  126  132  120  133  115  121  125  121  125  122  123  127  120   36
ch:  23  140  155  147  146  142  136  138  135  138  137  135  136  134  131  134  118  136  123  117  132  122  124  119  124  119  125  124  121  132  139  126   23
ch:  24  147  142  135  131  150  134  122  133  137  140  131  132  132  127  134  121  134  127  138  122  129  125  117  134  124  134  123  121  142  124  134   38
ch:  25  136  138  149  143  135  137  151  140  137  132  140  141  116  125  127  146  121  133  122  124  123  123  133  124  123  116  126  117  134  126  141   16
ch:  26  135  130  134  135  139  140  125  137  138  137  130  137  141  125  135  122  125  125  123  118  124  136  123  134  120  123  120  127  124  135  125   31
ch:  27  141  137  134  138  131  135  137  141  138  137  118  140  139  137  132  132  121  132  132  133  131  125  135  132  117  133  118  126  133  137  137   19
ch:  28  136  143  134  138  148  147  123  147  138  138  135  123  131  134  137  130  118  123  123  125  134  126  124  130  117  124  132  140  124  127  121   37
ch:  29  137  132  127  144  137  133  141  134  136  132  134  126  141  135  121  124  122  137  120  134  133  122  132  123  121  118  119  120  132  125  138   21
ch:  30  142  146  146  142  140  140  143  140  141  120  140  137  136  126  123  127  126  138  133  124  120  133  118  116  116  131  120  127  118  121  139   29
ch:  31  140  130  147  148  141  138  140  138  139  135  134  121  123  124  124  137  126  123  133  142  126  133  124  123  117  119  131  131  125  126  132   10
ch:  32  138  141  139  149  125  117  143  129  138  134  133  135  133  133  124  142  120  125  127  125  131  127  126  118  118  121  132  123  123  120  139   32
ch:  33  141  131  141  141  138  137  137  131  139  127  134  121  132  126  123  140  132  121  142  123  134  121  123  124  126  137  121  121  130  135  130   23
ch:  34  138  140  141  137  133  137  139  138  137  132  133  133  131  131  135  139  123  116  119  123  131  125  120  132  118  131  135  135  133  136  122   30
ch:  35  135  140  150  139  132  142  146  140  138  134  139  138  124  127  127  133  123  125  119  123  126  125  132  123  126  125  123  124  136  127  132   29
ch:  36  136  140  139  132  134  140  134  136  137  137  134  130  133  131  135  132  135  137  127  131  123  118  137  125  120  148  117  123  138  136  121   35
ch:  37  138  133  138  136  138  135  137  134  140  138  134  137  134  134  126  124  133  135  125  132  123  120  124  133  135  123  134  124  139  134  131   24
ch:  38  148  141  135  142  139  137  146  123  149  133  140  136  134  126  126  126  137  132  127  121  131  133  138  108  138  119  132  131  125  139  134   35
ch:  39  134  135  150  142  139  140  143  137  138  132  132  126  132  125  124  133  119  133  133  132  135  119  124  131  127  120  138  117  124  135  118   13
ch:  40  141  140  139  134  136  142  153  137  137  140  132  139  138  123  137  124  132  133  133  122  142  137  127  132  124  123  130  126  124  124  132   34
ch:  41  135  137  143  135  149  141  136  135  134  125  126  136  135  129  134  135  141  123  125  135  123  119  135  124  126  124  134  132  137  132  141   22
ch:  42  143  135  134  148  136  134  133  116  131  136  132  125  129  125  132  122  124  126  125  123  122  131  130  120  126  135  134  125  131  138  140   30
ch:  43  131  142  136  131  142  137  147  131  132  135  141  141  138  137  147  133  125  130  132  122  114  127  125  123  126  130  118  123  139  125  143   19
ch:  44  138  132  135  137  150  142  138  135  141  133  136  141  126  133  126  127  124  143  117  130  124  131  132  139  121  130  121  122  133  132  133   32
ch:  45  149  145  137  138  125  146  148  140  126  135  135  140  134  138  136  133  123  121  139  124  111  123  127  136  126  133  134  132  134  127  133   25
ch:  46  138  143  142  141  142  136  140  137  134  141  132  141  135  139  135  124  135  133  123  120  131  137  130  124  137  137  132  124  127  135  138   33
ch:  47  143  142  139  140  134  148  135  141  132  137  139  140  135  146  121  136  141  118  121  140  123  120  133  127  133  122  121  131  137  130  136   15
ch:  48  142  137  147  147  142  137  138  145  138  136  134  127  133  131  135  126  126  140  136  136  136  129  124  135  136  130  126  147  138  136  126   22
ch:  49  146  140  132  138  138  135  134  137  136  125  134  122  140  133  134  132  131  116  125  138  127  133  122  138  120  110  124  131  125  121  143   23
ch:  50  147  148  138  137  138  141  137  143  139  135  133  134  131  139  124  125  139  133  132  141  125  131  132  121  138  131  124  125  135  136  131   24
ch:  51  142  145  152  139  141  137  136  133  130  136  143  139  147  135  132  139  131  135  132  125  123  132  127  140  134  132  137  132  133  137  123   17
ch:  52  141  139  134  123  161  138  151  131  150  119  125  131  132  132  120  142  126  135  136  131  121  120  118  132  124  119  132  121  126  125  124   22
ch:  53  134  141  135  136  147  136  137  139  134  140  149  139  136  134  147  137  126  137  141  130  138  132  132  136  132  136  132  121  132  132  124   27
ch:  54  145  134  142  135  148  137  134  140  149  136  148  140  127  142  131  124  143  133  122  133  123  132  122  132  124  135  127  135  133  141  141   21
ch:  55  141  136  152  137  150  145  130  131  132  134  133  143  149  148  125  136  134  131  132  141  122  130  123  111  124  125  131  132  138  138  130   22
ch:  56  148  140  147  141  126  135  136  131  138  127  124  133  141  139  136  136  132  136  121  137  136  130  120  134  137  132  121  136  127  135  132   27
ch:  57  139  149  140  143  126  139  134  142  135  136  149  132  136  148  137  126  134  135  135  131  130  123  134  127  123  118  133  123  142  134  136   22
ch:  58  154  141  148  132  139  136  147  140  146  124  130  140  141  138  134  136  135  133  137  135  126  132  132  124  137  135  134  124  126  134  131   34
ch:  59  145  135  143  141  148  133  149  136  135  131  133  125  133  134  124  131  134  136  131  126  132  125  137  129  127  136  131  118  131  134  124   22
ch:  60  138  150  137  135  150  132  148  140  135  132  133  136  127  126  132  134  122  121  140  133  131  124  136  135  138  123  123  119  136  140  131   34
ch:  61  141  146  132  140  147  143  135  135  141  131  132  134  149  121  126  138  132  126  135  125  124  123  121  135  129  136  117  137  131  126  132   24
ch:  62  147  138  148  148  133  137  139  137  135  127  147  149  123  138  148  136  134  127  137  132  125  121  125  136  135  118  136  136  132  126  133   27
ch:  63  133  138  139  135  148  146  132  125  137  132  118  123  135  119  123  123  126  131  126  130  122  119  138  117  136  134  130  120  132  137  134   23
ch:  64  130  140  142  138  141  133  135  136  139  152  140  136  140  132  149  131  130  132  134  121  121  134  118  116  125  125  126  135  137  142  125   37
ch:  65  147  141  147  137  138  138  153  137  122  135  145  135  140  122  138  132  136  138  130  133  137  119  131  133  136  132  131  134  132  131  136   23
ch:  66  151  148  148  134  140  149  127  134  132  151  119  135  134  132  150  131  123  123  125  132  122  133  125  139  126  124  134  122  133  130  134   26
ch:  67  142  135  145  161  133  141  147  127  138  137  139  140  138  131  136  136  121  132  133  126  126  133  125  132  133  139  125  124  136  136  137   27
ch:  68  149  155  134  134  150  142  151  139  133  136  139  134  132  132  132  132  140  135  136  131  130  117  132  136  126  132  133  139  125  131  139   24
ch:  69  131  150  136  142  148  134  136  133  138  122  141  135  133  142  135  137  121  132  124  131  131  124  124  127  118  133  135  125  124  142  125   22
ch:  70  137  153  139  137  139  139  147  133  136  146  130  124  137  135  126  142  139  121  132  124  147  132  136  134  131  126  124  137  131  134  131   33
ch:  71  148  134  142  143  152  140  137  143  148  142  133  134  135  134  132  131  134  136  131  124  120  135  121  132  132  134  135  136  139  136  134   27
ch:  72  131  134  148  143  136  132  149  140  135  136  132  136  138  130  132  133  126  123  135  134  133  122  134  132  127  126  134  124  131  135  137   49
ch:  73  136  147  132  140  149  136  140  138  142  138  131  137  136  142  136  123  136  146  133  125  126  123  135  126  130  124  139  127  126  121  134   17
ch:  74  150  140  143  136  141  139  137  141  139  147  137  131  125  150  130  126  125  118  137  122  137  130  127  135  119  123  135  126  125  140  125   48
ch:  75  140  153  142  132  146  132  138  124  127  136  136  148  148  139  137  134  124  123  127  125  132  132  120  124  122  118  124  124  125  137  132   22
ch:  76  138  138  140  156  138  137  137  141  147  126  136  134  139  132  134  137  127  138  132  120  134  132  132  134  131  133  135  127  139  130  135   30
ch:  77  135  156  150  141  138  138  134  148  142  134  141  138  137  121  119  130  136  133  145  126  135  140  131  124  130  138  126  138  125  131  146   24
ch:  78  143  148  148  140  140  141  147  137  135  148  126  138  136  123  131  142  132  137  122  121  122  131  118  125  122  121  125  125  138  130  133   40
ch:  79  137  140  147  136  135  142  136  131  134  137  141  139  125  132  139  122  138  121  122  122  133  136  137  148  130  123  123  131  134  133  124   31
ch:  80  143  148  146  137  141  136  122  137  135  143  129  126  132  144  134  133  136  139  118  122  129  123  133  108  121  138  124  134  140  125  125   35
ch:  81  150  143  141  139  133  139  153  140  138  146  138  145  132  134  135  140  133  134  133  123  135  130  122  119  126  131  133  121  124  123  121   21
ch:  82  143  142  142  152  141  141  148  141  143  142  131  142  126  122  142  125  139  137  123  131  136  126  130  139  131  120  125  132  126  124  141   32
ch:  83  138  149  147  148  138  134  139  131  141  132  135  145  134  127  137  127  126  125  125  126  125  130  127  122  126  133  120  138  132  149  131   22
ch:  84  136  148  133  136  147  139  132  140  139  140  121  136  143  125  135  130  127  130  137  125  119  140  122  121  126  131  126  125  135  128  123   36
ch:  85  142  133  135  151  147  139  131  138  118  133  136  135  132  138  140  130  138  135  131  130  126  131  119  115  122  125  125  124  123  133  126   22
ch:  86  146  138  141  152  140  151  147  136  136  141  140  147  126  137  133  126  131  124  120  135  125  134  122  124  134  135  132  118  122  140  124   34
ch:  87  137  150  142  139  148  137  139  132  135  131  133  142  133  136  127  125  141  125  122  133  119  111  122  117  124  121  132  133  133  131  131   23
ch:  88  139  149  149  143  134  139  137  136  140  139  137  132  142  132  140  133  135  131  129  121  125   -1   -1  122  134  134  135  132  134  125  131   41
ch:  89  140  148  135  143  133  138  134  141  132  140  136  122  136  135  138  137  126  135  132  135  124  133  126  121  124  123  134  122  133  126  126   19
ch:  90  138  131  134  151  140  132  134  149  134  150  134  137  132  132  136  124  137  126  122  130  131  141  122  132  122  136  123  141  125  124  138   31
ch:  91  143  140  141  148  139  126  148  150  134  140  133  138  133  124  133  124  121  133  124  121  137  132  118  132  124  129  122  124  131  131  120   25
ch:  92  136  140  135  147  139  140  136  134  126  141  121  125  126  139  134  130  135  125  137  123  133  126  123  125  120  119  132  130  119  118  123   32
ch:  93  138  139  133  140  125  124  130  137  137  127  133  132  135  132  134  133  133  119  132  118  134  118  121  115  134  126  136  137  124  133  136   19
ch:  94  139  159  136  142  136  138  138  136  140  132  132  142  125  148  140  120  136  133  125  125  137  125  119  134  136  116  123  119  125  142  124   36
ch:  95  137  143  147  139  138  132  142  137  139  141  137  134  124  137  119  148  121  137  132  137  133  125  133  118  132  134  135  120  124  136  126   26
ch:  96  147  135  120  134  138  138  139  148  134  139  142  137  136  140  139  134  132  123  123  126  122  132  125  125  134  126  135  127  124  131  136   36
ch:  97  147  142  150  139  139  135  138  151  137  133  130  137  139  140  131  132  133  136  126  136  118  132  124  135  121  127  120  134  125  135  144   21
ch:  98  138  148  144  139  135  134  132  126  141  125  135  124  136  131  147  125  132  133  124  118  125  135  124  140  121  123  127  121  125  136  131   29
ch:  99  143  141  140  138  136  136  140  140  143  134  134  142  139  137  133  139  135  120  126  122  131  119  123  130  121  126  131  123  135  135  122   22
ch: 100  145  135  148  142  133  137  125  139  134  121  131  119  134  136  133  137  122  137  123  132  131  139  127  120  138  139  127  124  123  133  137   41
ch: 101  139  148  136  148  124  132  137  141  137  139  137  131  140  134  124  132  135  137  122  123  132  125  133  136  136  116  133  125  133  126  131   34
ch: 102  138  135  146  140  142  139  133  147  135  139  141  140  127  135  132  139  118  126  127  123  123  126  132  119  122  132  134  132  137  132  127   35
ch: 103  147  153  141  149  134  135  136  132  132  131  151  134  135  127  139  134  129  125  131  121  123  131  132  117  115  131  119  117  125  123  124   13
ch: 104  149  140  139  133  149  147  134  133  138  135  132  140  137  132  127  124  133  136  127  137  131  137  121  120  123  118  122  126  133  133  121   36
ch: 105  139  147  149  146  135  140  127  132  133  135  127  139  139  123  130  131  136  137  121  120  120  126  133  136  132  121  135  122  134  134  138   24
ch: 106  150  153  140  148  142  138  143  143  136  130  142  136  136  124  132  121  133  135  122  124  134  124  126  130  124  133  114  132  131  120  126   29
ch: 107  154  132  141  133  139  135  138  123  123  135  136  133  140  124  131  136  119  134  127  126  133  133  132  131  131  133  131  133  125  124  133   22
ch: 108  139  136  153  141  133  139  135  132  137  132  145  136  121  136  133  125  133  123  134  126  123  124  134  125  131  118  132  135  131  127  134   33
ch: 109  139  136  148  138  151  137  140  149  136  142  140  142  135  141  126  139  123  135  122  136  124  125  118  133  124  136  124  132  126  126  133   25
ch: 110  145  142  156  137  142  141  138  140  140  132  133  141  123  134  136  125  131  132  119  131  124  125  122  125  123  123  125  133  124  122  126   47
ch: 111  136  151  140  150  135  136  131  146  136  140  138  144  133  127  141  132  123  126  125  125  122  119  134  134  131  127  130  116  122  123  139   22
ch: 112  150  138  150  136  150  146  139  138  146  135  126  134  136  139  134  122  149  125  135  138  126  123  140  134  137  126  134  145  132  125  139   22
ch: 113  154  149  140  137  137  134  139  140  148  141  136  133  122  123  136  135  136  124  117  134  123  132  125  125  116  137  132  123  121  117  123   18
ch: 114  142  139  150  137  134  135  126  134  142  142  133  131  137  136  136  126  131  131  139  124  122  121  139  121  134  134  121  122  136  140  132   32
ch: 115  138  138  148  130  127  137  135  132  132  138  126  137  141  137  132  125  133  125  119  120  125  131  132  126  123  124  132  137  139  132  137   23
ch: 116  154  137  136  139  137  132  139  135  131  140  127  122  141  132  120  134  131  124  136  119  131  125  132  124  125  117  121  136  125  134  136   18
ch: 117  138  136  147  135  136  125  143  134  132  133  134  125  136  134  137  122  131  135  122  124  131  131  123  126  122  131  122  134  134  127  121   11
ch: 118  140  147  139  139  140  129  127  139  124  141  135  134  137  147  133  134  138  123  135  131  118  127  121  123  132  126  120  132  136  126  121   27
ch: 119  136  151  141  141  148  133  135  123  126  132  124  135  125  120  127  125  127  120  122  131  142  132  133  131  131  118  132  127  129  125  141   17
ch: 120  149  136   -1  137  146  138  140  136  138  137  126  141  132  133  124  136  133  120  136  134  133  118  142  124  131  133  117  133  120  127  130   45
ch: 121  139  154  137  137  138  137  147  151  134  138  147  141  135  125  138  139  135  141  135  133  123  134  133  124  125  123  131  124  135  137  126   24
ch: 122  137  146  150  133  138  135  138  124  140  132  141  138  133  123  133  132  132  130  132  131  125  135  135  131  119  130  134  124  132  126  119   30
ch: 123  147  146  137  140  138  150  134  132  138  139  148  134  137  125  126  126  134  134  126  125  135  127  131  119  117  132  133  125  126  131  127   28
ch: 124  139  138  136  133  152  149  142  132  140  147  138  136  140  133  136  138  131  125  131  131  133  132  140  133  126  120  134  130  126  121  136   30
ch: 125  138  142  150  134  140  143  133  140  143  135  140  137  138  125  146  136  140  133  138  134  133  130  120  134  124  127  123  136  134  126  140   25
ch: 126  139  150  151  136  140  147  138  137  133  139  139  138  136  138  133  127  125  132  125  131  126  133  122  135  135  123  131  130  125  137  120   33
ch: 127  141  148  133  153  137  139  147  143  138  133  140  134  134  137  130  148  132  134  130  133  129  139  138  115  117  136  124  131  134  139  132   21
