ch    0:      0     0     0     0     0     0     0     0     0     0     0     0     0     0     0     0     0     0     0     0     0     3    57     7  2617  8710 13653 10534  9752 12231 11392  8723
ch    1:      0     0     0     0     0     0     0     0     0     0     0     0     0     0     0     0     0     0     0     0     0     4    58   689  2813 12982 11122 16362  9523  9826 13009 11905
ch    2:      0     0     0     0     0     0     0     0     0     0     0     0     0     0     0     0     0     0     0     0     0     9   147   951  4847 14775 12875 10783 16927 12016 13648 13118
ch    3:      0     0     0     0     0     0     0     0     0     0     0     0     0     0     0     0     0     0     0     0     1    15   118   942  5902 11078 15415 15039 10730  7012 11567 16142
ch    4:      0     0     0     0     0     0     0     0     0     0     0     0     0     0     0     0     0     0     0     0     0    10   111  1125  6201  9774 11488 10174 12749 11488  5213  7148
ch    5:      0     0     0     0     0     0     0     0     0     0     0     0     0     0     0     0     0     0     0     0     2    12   159   775  7011 11711  9253 14078  8972  5609 16092 11314
ch    6:      0     0     0     0     0     0     0     0     0     0     0     0     0     0     0     0     0     0     0     0     0     3    93   952  8009 11782 10116  9333  9878 10516 12420 12878
ch    7:      0     0     0     0     0     0     0     0     0     0     0     0     0     0     0     0     0     0     0     0     2     4   219  1806  9957  4870 13344 10776  7431  7963 10562 14001
ch    8:      0     0     0     0     0     0     0     0     0     0     0     0     0     0     0     0     0     0     0     0     0    12   200  1218 10777  5733 10675 11493  7717 14170  7531  9828
ch    9:      0     0     0     0     0     0     0     0     0     0     0     0     0     0     0     0     0     0     0     1     1     7   176  1763  5036  6731 11055  8967  6062 15047 10956  8965
ch   10:      0     0     0     0     0     0     0     0     0     0     0     0     0     0     0     0     0     0     0     0     2    20   137  1423  9453 15741 10738 10156 13899 11093  8043 10301
ch   11:      0     0     0     0     0     0     0     0     0     0     0     0     0     0     0     0     0     0     0     1     2    24   291  2204 16138  9413  9502  9284  5041 14217  9152  9177
ch   12:      0     0     0     0     0     0     0     0     0     0     0     0     0     0     0     0     0     0     0     0     1    18   125   946  6162  7831  9730  7363  7165 11574 12488 13421
ch   13:      0     0     0     0     0     0     0     0     0     0     0     0     0     0     0     0     0     0     0     0     2    16   193  1785 13346  5360  8058 11880  6296 10144 11931  5372
ch   14:      0     0     0     0     0     0     0     0     0     0     0     0     0     0     0     0     0     0     0     0     0    18   208  1240 15097 10983 10205  6626  6131 11717 11993  5982
ch   15:      0     0     0     0     0     0     0     0     0     0     0     0     0     0     0     0     0     0     0     0     3    45   255  1982 14533  5639 14897  8839 11316 12881 13613  9178
ch   16:      0     0     0     0     0     0     0     0     0     0     0     0     0     0     0     0     0     0     0     0     1    19   177  2702  3852 10119  5942  9595 11924 11434  4509  8372
ch   17:      0     0     0     0     0     0     0     0     0     0     0     0     0     0     0     0     0     0     0     0     3    29   353  3937 12964 12178 11002 10427  9069 15117  9896  7043
ch   18:      0     0     0     0     0     0     0     0     0     0     0     0     0     0     0     0     0     0     0     0     0    19   190  2482 15278  6670 10818  9008  7786 10209 12188 10171
ch   19:      0     0     0     0     0     0     0     0     0     0     0     0     0     0     0     0     0     0     0     1     7    59   538  4267 14128  4998 12148 11927  9210  7830 13640 13011
ch   20:      0     0     0     0     0     0     0     0     0     0     0     0     0     0     0     0     0     0     0     0     3    23   363  3070 15198 12468  9680 10683  8135  5550  9552 10039
ch   21:      0     0     0     0     0     0     0     0     0     0     0     0     0     0     0     0     0     0     0     0     1    23   415  2862 13946  5709  9172  5120 13178 10543  7649  8909
ch   22:      0     0     0     0     0     0     0     0     0     0     0     0     0     0     0     0     0     0     0     0     1    23   357  2682 10469 12594 12664 10161  9565  9854 10632  4735
ch   23:      0     0     0     0     0     0     0     0     0     0     0     0     0     0     0     0     0     0     0     0     2    73   516  5443 10291 11481  6935 12737 15551 12775  7729 14601
ch   24:      0     0     0     0     0     0     0     0     0     0     0     0     0     0     0     0     0     0     0     1     3    41   295  3458 11706  9688 11381 15106  7962 11768 12152  6222
ch   25:      0     0     0     0     0     0     0     0     0     0     0     0     0     0     0     0     0     0     0     1     2    38   643  4509  2744  7902  9788 13270 14102  4327 10519  9577
ch   26:      0     0     0     0     0     0     0     0     0     0     0     0     0     0     0     0     0     0     0     0     3    30   393  3683 10512 15398 10608 10175  9539 10611  8801  9628
ch   27:      0     0     0     0     0     0     0     0     0     0     0     0     0     0     0     0     0     0     0     0     7    56  1214  6068 12073  3585 13911 13175 11965 13414 12381 10240
ch   28:      0     0     0     0     0     0     0     0     0     0     0     0     0     0     0     0     0     0     0     0     5    54   355  5283  9463  8680 10818 11180 13632 13604 13506  8588
ch   29:      0     0     0     0     0     0     0     0     0     0     0     0     0     0     0     0     0     0     0     0     4    72   773  6408 13886 11690  9462  8901 13974 16654  5947 15758
ch   30:      0     0     0     0     0     0     0     0     0     0     0     0     0     0     0     0     0     0     0     0     1     1   451  4365 12742  6319  6539 10353  8792  7784 12598 13841
ch   31:      0     0     0     0     0     0     0     0     0     0     0     0     0     0     0     0     0     0     0     0     8    68  1121  5483 11122 13178 10269 12273 13148 12696 11869  8056
ch   32:      0     0     0     0     0     0     0     0     0     0     0     0     0     0     0     0     0     0     0     0     5    33   495  5632  9083  9367  9034 13295  9218  9700 13326 11770
ch   33:      0     0     0     0     0     0     0     0     0     0     0     0     0     0     0     0     0     0     0     0    10    66   578  8400  9959  8093 16519  8308  4941  8189 12416 12247
ch   34:      0     0     0     0     0     0     0     0     0     0     0     0     0     0     0     0     0     0     0     0     5    56   767  7249  9888  7090  6732 12241 11121 11315  6012  6940
ch   35:      0     0     0     0     0     0     0     0     0     0     0     0     0     0     0     0     0     0     0     0     2   122   867 13387  6287  5599 12586  8831 15652  9899  6008  9177
ch   36:      0     0     0     0     0     0     0     0     0     0     0     0     0     0     0     0     0     0     0     0     3    50  1049  8629  9702 10265  9827  8752 11322  9598  7618 15403
ch   37:      0     0     0     0     0     0     0     0     0     0     0     0     0     0     0     0     0     0     0     0     3    63   895 12010  9583 14297  8162 13362 10336 11062 11543 12074
ch   38:      0     0     0     0     0     0     0     0     0     0     0     0     0     0     0     0     0     0     0     0     3    85  1290  8101  9850 11629 12965 17133 11824  7062  8671  6236
ch   39:      0     0     0     0     0     0     0     0     0     0     0     0     0     0     0     0     0     0     0     0     9    99  1670 10947  9759  7228  7647 11368 10467 13296  9071  9617
ch   40:      0     0     0     0     0     0     0     0     0     0     0     0     0     0     0     0     0     0     0     0     6    48  1487  8171 12937  7993 11400 14662 16142  9843  4067  7178
ch   41:      0     0     0     0     0     0     0     0     0     0     0     0     0     0     0     0     0     0     0     0     8   103  1908 11561 15843  8084  7419  4423  7705 10566 10738 17237
ch   42:      0     0     0     0     0     0     0     0     0     0     0     0     0     0     0     0     0     0     0     1     3    84   647  9326  8906 11900 10148  9590 11357 12343  8262 10994
ch   43:      0     0     0     0     0     0     0     0     0     0     0     0     0     0     0     0     0     0     0     0     9   133  1325  9916 15069 11949  8393  9058  9729  9245  5714 10360
ch   44:      0     0     0     0     0     0     0     0     0     0     0     0     0     0     0     0     0     0     0     0     3   103  1281 13211  9453 10851 12709 13466  7033 11076 10391  8270
ch   45:      0     0     0     0     0     0     0     0     0     0     0     0     0     0     0     0     0     0     0     0     8   148  1922 16878  7627 11843 13896  7255 12105 13029 10273 12968
ch   46:      0     0     0     0     0     0     0     0     0     0     0     0     0     0     0     0     0     0     0     0     9   131   781  8935  7962 12467  6293  7727 14917 10387 10084  8524
ch   47:      0     0     0     0     0     0     0     0     0     0     0     0     0     0     0     0     0     0     1     1     6   213  1891 13340  8244  9886 10287  8375 16529  7584 12663 14157
ch   48:      0     0     0     0     0     0     0     0     0     0     0     0     0     0     0     0     0     0     0     1     1   114  1737  9776 10839 12903  5438  6805  9560 13892 10812 11108
ch   49:      0     0     0     0     0     0     0     0     0     0     0     0     0     0     0     0     0     0     0     0     9   167  1886 13035 14550 13129  8459 10857 11306  6790  6848  6126
ch   50:      0     0     0     0     0     0     0     0     0     0     0     0     0     0     0     0     0     0     0     0     4    92  1144  9349  6809  9824 12500  7854 12512  8376  8915  8977
ch   51:      0     0     0     0     0     0     0     0     0     0     0     0     0     0     0     0     0     0     0     0    13   271  2541 14638  7878  8762  9896 10829 10198 10924 10791 12482
ch   52:      0     0     0     0     0     0     0     0     0     0     0     0     0     0     0     0     0     0     0     2    15    95  1780 14606 14841  8100  7249  6389 11323  5694  5314  9207
ch   53:      0     0     0     0     0     0     0     0     0     0     0     0     0     0     0     0     0     0     0     0    12   210  1234 12715 10790 11331  8896  9777  7673 10032 13127 10935
ch   54:      0     0     0     0     0     0     0     0     0     0     0     0     0     0     0     0     0     0     0     1    21   131  1577  9370  9765 11932  6976 13612  7900 13056 10860 10905
ch   55:      0     0     0     0     0     0     0     0     0     0     0     0     0     0     0     0     0     0     0     1    47   423  4780 13682  7908  8385  5532 10681  9322  8290 10480  7332
ch   56:      0     0     0     0     0     0     0     0     0     0     0     0     0     0     0     0     0     0     1     4    19   336  2808 16168 14463 12596 10700  6616 12598 13455  7370  8769
ch   57:      0     0     0     0     0     0     0     0     0     0     0     0     0     0     0     0     0     0     0     1    32   477  3379  4553  9281 11573  9564  8803 15277  7403 14047  7412
ch   58:      0     0     0     0     0     0     0     0     0     0     0     0     0     0     0     0     0     0     0     0     0     0     0     0     0     0     3  9952    78     0     0     0
ch   59:      0     0     0     0     0     0     0     0     0     0     0     0     0     0     0     0     0     0     0     1    29   255  3455 15490  9090  6808  9876 13501 10223  8115  9226 11911
ch   60:      0     0     0     0     0     0     0     0     0     0     0     0     0     0     0     0     0     0     0     3    18   302  3822  7632  7581  7569 12706  9013  5236 12300 12237 10162
ch   61:      0     0     0     0     0     0     0     0     0     0     0     0     0     0     0     0     0     0     0     0    33   219  4289  5231  9138  9311  7916 13333 10176 10589 10256 14951
ch   62:      0     0     0     0     0     0     0     0     0     0     0     0     0     0     0     0     0     0     0     1    12   232  1229 14030  9542 11824 11552  7588  9856  9164 14861 10647
ch   63:      0     0     0     0     0     0     0     0     0     0     0     0     0     0     0     0     0     0     0     0    28   199  3474 15276  8496  6639  4327  6225 12521 11569 11872  9616
ch   64:      0     0     0     0     0     0     0     0     0     0     0     0     0     0     0     0     0     0     0     0    14   150  2747 14874  6961  6243 10211 15542 11816  5953 10101 16586
ch   65:      0     0     0     0     0     0     0     0     0     0     0     0     0     0     0     0     0     0     0     0     6   134  1903  5963  9546 11475  8620  7403  9757  8546  6637 11662
ch   66:      0     0     0     0     0     0     0     0     0     0     0     0     0     0     0     0     0     0     0     1    14   124  1301 14320 15928  9572 14282 10546 11461 12899  8464 11973
ch   67:      0     0     0     0     0     0     0     0     0     0     0     0     0     0     0     0     0     0     0     2    12   250   445 15509 13748 14842  6017  9521 12273 12652 10644 12631
ch   68:      0     0     0     0     0     0     0     0     0     0     0     0     0     0     0     0     0     0     0     0     2    11  1794 14393 14552 13222 17924 13433  4899  8133  9834  8503
ch   69:      0     0     0     0     0     0     0     0     0     0     0     0     0     0     0     0     0     0     0     0    14   180  2792  7409  5958  9519  6805 10408 11398 10636  6011  9879
ch   70:      0     0     0     0     0     0     0     0     0     0     0     0     0     0     0     0     0     0     0     0    10   161  1879 15319  7575  7289  8305  8418  5074  6742  8874  9510
ch   71:      0     0     0     0     0     0     0     0     0     0     0     0     0     0     0     0     0     0     0     0    26   173  2814 10976  7982 12552 16850 11001 11760  6273  9215  8535
ch   72:      0     0     0     0     0     0     0     0     0     0     0     0     0     0     0     0     0     0     0     0    13   169  1705 14724  8667 11768 11149 12929  6044  7682  7969  6258
ch   73:      0     0     0     0     0     0     0     0     0     0     0     0     0     0     0     0     0     0     0     0    11   218  4318  7324  9431 12204 10889  5472 10171 14282 11913 13983
ch   74:      0     0     0     0     0     0     0     0     0     0     0     0     0     0     0     0     0     0     1     2    23   116  2253 16660  9912  8687 10951 17515 13643 13342  9057  8533
ch   75:      0     0     0     0     0     0     0     0     0     0     0     0     0     0     0     0     0     0     0     2    19   476  2320 10735  9535 11790 10559 10756  9259  9444 13635 12556
ch   76:      0     0     0     0     0     0     0     0     0     0     0     0     0     0     0     0     0     0     0     0    26   208  2698  9846 11929 12357 11140 12081 12405 10270 12325 13777
ch   77:      0     0     0     0     0     0     0     0     0     0     0     0     0     0     0     0     0     0     1     3    14   491  2668  8139  5962  6937 11068 10024 11443  8996 10766 13647
ch   78:      0     0     0     0     0     0     0     0     0     0     0     0     0     0     0     0     0     0     0     1    17   222  2500 15410 10013 13604  5938  7550  9486 12414 11602 11637
ch   79:      0     0     0     0     0     0     0     0     0     0     0     0     0     0     0     0     0     0     0     2    19   231  6447  3761 12618 12436 12058  9995  7059  8407 11007  9992
ch   80:      0     0     0     0     0     0     0     0     0     0     0     0     0     0     0     0     0     0     0     0    10   131  2626  9507 15883 12042 13081  9016 13624 11716 12531 10653
ch   81:      0     0     0     0     0     0     0     0     0     0     0     0     0     0     0     0     0     0     0     1    23   280  3709 15533  9097 12837 12257  8678 10982  8909 11147 12496
ch   82:      0     0     0     0     0     0     0     0     0     0     0     0     0     0     0     0     0     0     0     0    14   240  5016 10674 10894  8495  6894  7811  6623 10433  8579  9151
ch   83:      0     0     0     0     0     0     0     0     0     0     0     0     0     0     0     0     0     0     1     1    22   248  2464 19428 12196 11602  9911 14383 11509  8194  7045  9358
ch   84:      0     0     0     0     0     0     0     0     0     0     0     0     0     0     0     0     0     0     0     0     9   358  2938 16029 10227  9256  8637  6418 11614 13221 13559 13329
ch   85:      0     0     0     0     0     0     0     0     0     0     0     0     0     0     0     0     0     0     0     1    24   584  3077  7298 10288 11514  8950 10768 10197 15604  8672  7292
ch   86:      0     0     0     0     0     0     0     0     0     0     0     0     0     0     0     0     0     0     0     0    19   224  2070 17001  6980  7252  7154  6095 13608 13797 11347  8561
ch   87:      0     0     0     0     0     0     0     0     0     0     0     0     0     0     0     0     0     0     0     3    22   458  6410  3397 11731  7287  8351  9145  8794 11620 15673 13654
ch   88:      0     0     0     0     0     0     0     0     0     0     0     0     0     0     0     0     0     0     0     0     8   187  2389 11790  8960  9741  9885 12775  9614  6203 13600 11525
ch   89:      0     0     0     0     0     0     0     0     0     0     0     0     0     0     0     0     0     0     0     1    14   203  4407 15423 13693 12393 13237  8544 11646  9930  8021  7709
ch   90:      0     0     0     0     0     0     0     0     0     0     0     0     0     0     0     0     0     0     0     1    12   188  3740  2035  9724 10307  9438  8433  5909 14403  7414  8235
ch   91:      0     0     0     0     0     0     0     0     0     0     0     0     0     0     0     0     0     0     0     2    45   377  5702 11458 12562 11488 12643 10825 11394  8764  8027  8854
ch   92:      0     0     0     0     0     0     0     0     0     0     0     0     0     0     0     0     0     0     0     0    11   295  3589  1550 15587 10680 11779 15328 12625 13510  7650  8524
ch   93:      0     0     0     0     0     0     0     0     0     0     0     0     0     0     0     0     0     0     0     1    18   332  4389  5728 12418 14486  9448  9675 12023 13807 10891 11782
ch   94:      0     0     0     0     0     0     0     0     0     0     0     0     0     0     0     0     0     0     0     0    23   241  3194 12247  6802 10573 12281 11245 14686  7378 16121 16707
ch   95:      0     0     0     0     0     0     0     0     0     0     0     0     0     0     0     0     0     0     0     2    29   430  5104 16831  6522  7494 10172 14220 13840 12380 10743  9036
ch   96:      0     0     0     0     0     0     0     0     0     0     0     0     0     0     0     0     0     0     0     1    19   281  2734 14823 11112 11468 13627 10445 10684  9857  7885  7070
ch   97:      0     0     0     0     0     0     0     0     0     0     0     0     0     0     0     0     0     0     0     1    22   329  3417  8953  6908 12981 10786 14598  9724 10329 11228 13105
ch   98:      0     0     0     0     0     0     0     0     0     0     0     0     0     0     0     0     0     0     0     1     5   366  3059 11317 12112  7670  7681  8018  9719 10107 11347  8158
ch   99:      0     0     0     0     0     0     0     0     0     0     0     0     0     0     0     0     0     0     0     0    15   454  7757  5760 11072  8693 12036 12459 12123  6947 10262 12270
ch  100:      0     0     0     0     0     0     0     0     0     0     0     0     0     0     0     0     0     0     0     1    13   209  3201  3899  8053  8058 14030 13914 10824 10602 12892 13490
ch  101:      0     0     0     0     0     0     0     0     0     0     0     0     0     0     0     0     0     0     0     0    18   572  3493 16418 10735 13608 12066 10058  5037 12829  4593  9388
ch  102:      0     0     0     0     0     0     0     0     0     0     0     0     0     0     0     0     0     0     0     0    18   307  2642  3525 10179 15498  9563 15840 16277  9538  9802 15218
ch  103:      0     0     0     0     0     0     0     0     0     0     0     0     0     0     0     0     0     0     0     0    28   349  4637 15423 10553 10389  7621 11587 13004 10192 11319  7690
ch  104:      0     0     0     0     0     0     0     0     0     0     0     0     0     0     0     0     0     0     0     1    38   353  5038 10965 10434 13089 12382  7975 10062 13154  6449 11171
ch  105:      0     0     0     0     0     0     0     0     0     0     0     0     0     0     0     0     0     0     0     3    15   265  3279 17615  9687  9170 10635 11472  7976 13218 14275 10924
ch  106:      0     0     0     0     0     0     0     0     0     0     0     0     0     0     0     0     0     0     0     2    27   205  1957  7650  6331  7927 12189 10971  9699 10730 12403 14791
ch  107:      0     0     0     0     0     0     0     0     0     0     0     0     0     0     0     0     0     0     0     2     5   453  6425  9005  8560 13148 10175 10597 10929  5954  9958  9516
ch  108:      0     0     0     0     0     0     0     0     0     0     0     0     0     0     0     0     0     0     0     1    17   475  4141  4333  5848 12144  6636 13086  9880 14015 11616  8577
ch  109:      0     0     0     0     0     0     0     0     0     0     0     0     0     0     0     0     0     0     0     1    18   375  3446  3802  8873  9622  6406 10851 12389  8174 12599  7531
ch  110:      0     0     0     0     0     0     0     0     0     0     0     0     0     0     0     0     0     0     0     1    28   188  2405  6994 11705  7495 10084 10130 13685  5382 15903  9403
ch  111:      0     0     0     0     0     0     0     0     0     0     0     0     0     0     0     0     0     0     0     0    34   390  6637 10878 10282  6266 11890 10158 14270 10709 11104 10270
ch  112:      0     0     0     0     0     0     0     0     0     0     0     0     0     0     0     0     0     0     0     2    68   718  4177 13982  9304  8720  5985  6093  6225 14499 11075 10911
ch  113:      0     0     0     0     0     0     0     0     0     0     0     0     0     0     0     0     0     0     0     4    54   698  6349 15248  8959  4175 11142  4624  9660 14738  8937  9196
ch  114:      0     0     0     0     0     0     0     0     0     0     0     0     0     0     0     0     0     0     0     3    28   153  3001  7176 10874 16041  4355 10483 11082 12910 15320  7906
ch  115:      0     0     0     0     0     0     0     0     0     0     0     0     0     0     0     0     0     0     0     2    43   821  7292  6332 11759 10468  8815 10191 12238 11049  9590 13320
ch  116:      0     0     0     0     0     0     0     0     0     0     0     0     0     0     0     0     0     0     0     2    25   346  3847  8598 11626 15080 10099  6432 12343  9727 12492 10637
ch  117:      0     0     0     0     0     0     0     0     0     0     0     0     0     0     0     0     0     0     0     2    14   522  4801  8848  9853  4421 12149 14774 11365  9263  8743  8653
ch  118:      0     0     0     0     0     0     0     0     0     0     0     0     0     0     0     0     0     0     0     1    32   344  4213 12967 15467  7289 10662 10727  7889 13106  4624 11103
ch  119:      0     0     0     0     0     0     0     0     0     0     0     0     0     0     0     0     0     0     0     3    78   832  7348  6839 13165 14170 15490 14007  7225  6971  9418 11897
ch  120:      0     0     0     0     0     0     0     0     0     0     0     0     0     0     0     0     0     0     0     0    59   601  4299 15570  6747 11274  8684 16023 11687  8170  7967  7106
ch  121:      0     0     0     0     0     0     0     0     0     0     0     0     0     0     0     0     0     0     0     3    54   985  5044  5296 10396  6592 13643 13937  8239  7753 10505 12513
ch  122:      0     0     0     0     0     0     0     0     0     0     0     0     0     0     0     0     0     0     0     3    40   387  2760  5060  9775 10094 11318 13627 10338 11651 12083 12758
ch  123:      0     0     0     0     0     0     0     0     0     0     0     0     0     0     0     0     0     0     1     6    66   785  8682 17297 13217 15535  7422 13486 13749 13320  8490  4528
ch  124:      0     0     0     0     0     0     0     0     0     0     0     0     0     0     0     0     0     0     1     5    41   392  4272 14776  7397  7608  9188 14334 12415  6668 11718  8145
ch  125:      0     0     0     0     0     0     0     0     0     0     0     0     0     0     0     0     0     0     0    15   110  1210 12023  8977 11723  5108 11011 14173  8897  9739  8700  7791
ch  126:      0     0     0     0     0     0     0     0     0     0     0     0     0     0     0     0     0     0     0     6    72   502  5531  8487 11770  9287 11240 12014 12437 13177 13102 11080
ch  127:      0     0     0     0     0     0     0     0     0     0     0     0     0     0     0     0     0     0     1    10   153  2444 17012  3777  7730  6721  6282  8098 12141  9814 11307 12004
