ch    0:      0     0     0     0     0     0     0     0     0     0     0     0     0     0     0     0     0     0     0     0     0     0     6    53   307  3195 12908  6693 11252 12465 10070  3861
ch    1:      0     0     0     0     0     0     0     0     0     0     0     0     0     0     0     0     0     0     0     0     0     0     2    18   376  3854  9075 14560  9212 11768 10839  6209
ch    2:      0     0     0     0     0     0     0     0     0     0     0     0     0     0     0     0     0     0     0     0     0     0     3    66   796  6135  8991  8266 15215  6525  8184    61
ch    3:      0     0     0     0     0     0     0     0     0     0     0     0     0     0     0     0     0     0     0     0     0     0     0    63   736  5506 12316 12139 12975 12191  8290  9562
ch    4:      0     0     0     0     0     0     0     0     0     0     0     0     0     0     0     0     0     0     0     0     0     0     2    51   855  6815 10563  5901 11598 12381  8338   108
ch    5:      0     0     0     0     0     0     0     0     0     0     0     0     0     0     0     0     0     0     0     0     0     0     3    38   894  7571 14495 10342 11631 11652  9746 12425
ch    6:      0     0     0     0     0     0     0     0     0     0     0     0     0     0     0     0     0     0     0     0     0     0     6    53   675  5352  6631  6945 13906 10349 11421   203
ch    7:      0     0     0     0     0     0     0     0     0     0     0     0     0     0     0     0     0     0     0     0     0     1     4    74   949  7695 11345  9579 12724  8430 13869 12899
ch    8:      0     0     0     0     0     0     0     0     0     0     0     0     0     0     0     0     0     0     0     0     0     0     4   112  1246 10918  7869  9897  7994 11349 10198   195
ch    9:      0     0     0     0     0     0     0     0     0     0     0     0     0     0     0     0     0     0     0     0     0     0    10    90  1100 11537 10668  6791 12043 10067 14645  7134
ch   10:      0     0     0     0     0     0     0     0     0     0     0     0     0     0     0     0     0     0     0     0     0     0     7    85  1267 10198 13026  6193  7810 13251  8724   225
ch   11:      0     0     0     0     0     0     0     0     0     0     0     0     0     0     0     0     0     0     0     0     1     1     9   134  1198 14795 11863  6277 12968 12579  8036 12338
ch   12:      0     0     0     0     0     0     0     0     0     0     0     0     0     0     0     0     0     0     0     0     0     0    11    93  1881  7836 12226  4973  7855 10967  9955   237
ch   13:      0     0     0     0     0     0     0     0     0     0     0     0     0     0     0     0     0     0     0     0     0     0     7    53  1082 12970  7933 13512  8287 17679  9729 10264
ch   14:      0     0     0     0     0     0     0     0     0     0     0     0     0     0     0     0     0     0     0     0     0     0     6   100  1143  6034 10202  7901 12059  6266 10736   395
ch   15:      0     0     0     0     0     0     0     0     0     0     0     0     0     0     0     0     0     0     0     0     0     0    10   167  2112  4278  9884 11319  9039 10118 12365 11620
ch   16:      0     0     0     0     0     0     0     0     0     0     0     0     0     0     0     0     0     0     0     0     0     0    11   128  1747 13789 13072 10656 10369 12204  7023   335
ch   17:      0     0     0     0     0     0     0     0     0     0     0     0     0     0     0     0     0     0     0     0     0     0    12   200  2544  3493 13125 12021 14163  9536  4133  6974
ch   18:      0     0     0     0     0     0     0     0     0     0     0     0     0     0     0     0     0     0     0     0     0     1     6   131  1544  9068 10629 12140  4894  8040  9913   388
ch   19:      0     0     0     0     0     0     0     0     0     0     0     0     0     0     0     0     0     0     0     0     0     0     7   123  2261 12734  7300 11408 16813 11627 12359 11474
ch   20:      0     0     0     0     0     0     0     0     0     0     0     0     0     0     0     0     0     0     0     0     0     2    11   177  2750  8617 10802  9963 14532  5453  9327   471
ch   21:      0     0     0     0     0     0     0     0     0     0     0     0     0     0     0     0     0     0     0     0     0     0     4   216  2497  5872 10629  9526 12598 12960  9063 11329
ch   22:      0     0     0     0     0     0     0     0     0     0     0     0     0     0     0     0     0     0     0     0     0     1     6   175  3083  8218  9687 11684 10057  7793 12185   650
ch   23:      0     0     0     0     0     0     0     0     0     0     0     0     0     0     0     0     0     0     0     0     0     0    11   178  2312  2727  8371 10214 11619 12989 11326 10470
ch   24:      0     0     0     0     0     0     0     0     0     0     0     0     0     0     0     0     0     0     0     0     0     0    10   256  2809  3488  9912  9620  5966  7882  9205   521
ch   25:      0     0     0     0     0     0     0     0     0     0     0     0     0     0     0     0     0     0     0     0     0     0     9   149  2985  9559 10515  7850  8943  8612 14714 13396
ch   26:      0     0     0     0     0     0     0     0     0     0     0     0     0     0     0     0     0     0     0     0     0     2    18   124  4796 10468  5829  8240 11563  7812  9369   734
ch   27:      0     0     0     0     0     0     0     0     0     0     0     0     0     0     0     0     0     0     0     0     0     1    12   195  3422 14916  6669 10993  9263  9769  8208 13619
ch   28:      0     0     0     0     0     0     0     0     0     0     0     0     0     0     0     0     0     0     0     0     0     0     7   349  4272 12434  9076  7751  9225  6368  8570   887
ch   29:      0     0     0     0     0     0     0     0     0     0     0     0     0     0     0     0     0     0     0     0     0     1    10   177  3452 14339  8200  7274 13613 10691  9457 11033
ch   30:      0     0     0     0     0     0     0     0     0     0     0     0     0     0     0     0     0     0     0     0     0     2    21   220  3544 15398 10206 13793 14832  8583  8000   862
ch   31:      0     0     0     0     0     0     0     0     0     0     0     0     0     0     0     0     0     0     0     0     0     0     7   147  2800  9933  8182  6503  6818 10022 13662  9379
ch   32:      0     0     0     0     0     0     0     0     0     0     0     0     0     0     0     0     0     0     0     0     0     1    13   158  2838 12944  7677 10073  9743  9570  6618  1289
ch   33:      0     0     0     0     0     0     0     0     0     0     0     0     0     0     0     0     0     0     0     0     0     0    12   215  3914  6171 10240 15855  7288  8049  9046  6174
ch   34:      0     0     0     0     0     0     0     0     0     0     0     0     0     0     0     0     0     0     0     0     0     1     9   233  4206 15043 10094  9144  7814  6853  6643  1610
ch   35:      0     0     0     0     0     0     0     0     0     0     0     0     0     0     0     0     0     0     0     0     0     0    20   346  5054 13852 12276  7564 11378 10805  7302 11501
ch   36:      0     0     0     0     0     0     0     0     0     0     0     0     0     0     0     0     0     0     0     0     0     3    25   419  5246 13762  8693  7082 11847  6661  7651  1657
ch   37:      0     0     0     0     0     0     0     0     0     0     0     0     0     0     0     0     0     0     0     0     0     0    22   143  3919  8068 12000 10280  7273 10723  9172 15592
ch   38:      0     0     0     0     0     0     0     0     0     0     0     0     0     0     0     0     0     0     0     0     0     0    15   245  6313 10649 13219  9179  7657  6753  9621  1314
ch   39:      0     0     0     0     0     0     0     0     0     0     0     0     0     0     0     0     0     0     0     0     0     1    15   320  5795  8835 14754 12189 10973  9044 12473  5919
ch   40:      0     0     0     0     0     0     0     0     0     0     0     0     0     0     0     0     0     0     0     0     0     0    13   288  4979  7095 13932  8945 12432 12999 13417  2087
ch   41:      0     0     0     0     0     0     0     0     0     0     0     0     0     0     0     0     0     0     0     0     0     2    18   426  6942  8886  9127 12365 10608 12169  9573 14017
ch   42:      0     0     0     0     0     0     0     0     0     0     0     0     0     0     0     0     0     0     0     0     0     0    16   329  3971 10496  9762 13656  6964 11530  7609  2576
ch   43:      0     0     0     0     0     0     0     0     0     0     0     0     0     0     0     0     0     0     0     0     0     0    28   398  8645  9438  9710 13879  8546 10603 11596 10687
ch   44:      0     0     0     0     0     0     0     0     0     0     0     0     0     0     0     0     0     0     0     0     0     1    27   433  6376 11286  8213 10086  5577  9398  6630  2353
ch   45:      0     0     0     0     0     0     0     0     0     0     0     0     0     0     0     0     0     0     0     0     0     2    32   338  6967 10224 11057  8983 14432  7340  9030 17010
ch   46:      0     0     0     0     0     0     0     0     0     0     0     0     0     0     0     0     0     0     0     0     1     3    24   638  6733  6695  5274  8722 10172  7720 11731  2426
ch   47:      0     0     0     0     0     0     0     0     0     0     0     0     0     0     0     0     0     0     0     0     0     1    46   670  7998  8813 10760 11685  6634 11063  9653 13565
ch   48:      0     0     0     0     0     0     0     0     0     0     0     0     0     0     0     0     0     0     0     0     0     3    58   509  6786  9439 10696 11920 11566 11065  8340  2431
ch   49:      0     0     0     0     0     0     0     0     0     0     0     0     0     0     0     0     0     0     0     0     0     2    28   464  7861  7347 12231  8081 13729  7543  8853 11944
ch   50:      0     0     0     0     0     0     0     0     0     0     0     0     0     0     0     0     0     0     0     0     0     3    32   440  6197 10560 11532 13753 10322 12227 12644  2789
ch   51:      0     0     0     0     0     0     0     0     0     0     0     0     0     0     0     0     0     0     0     0     0     2  5051   357  7105 13222 11037  7735 10181  7458 10568 13990
ch   52:      0     0     0     0     0     0     0     0     0     0     0     0     0     0     0     0     0     0     0     0     0     1    41   303  8102 11005 12799 12596  9186 11327 12944  3255
ch   53:      0     0     0     0     0     0     0     0     0     0     0     0     0     0     0     0     0     0     0     0     0     0    42   577  8068  8910  4279 11519  9202 11921 12275  8031
ch   54:      0     0     0     0     0     0     0     0     0     0     0     0     0     0     0     0     0     0     0     0     1     2    36   467  7871  9183 10604 11825  4461 13161  3949  3332
ch   55:      0     0     0     0     0     0     0     0     0     0     0     0     0     0     0     0     0     0     0     0     0     0    40   655  8840 13972  3791  5333  8169  9396  8831  7812
ch   56:      0     0     0     0     0     0     0     0     0     0     0     0     0     0     0     0     0     0     0     0     0     1    26   589  6326  9527  7087  9843 10586 11262 14148  3897
ch   57:      0     0     0     0     0     0     0     0     0     0     0     0     0     0     0     0     0     0     0     0     0     1    47   797 12317 15610 10973 11652  5073  6386 14973  1961
ch   58:      0     0     0     0     0     0     0     0     0     0     0     0     0     0     0     0     0     0     0     0     0     1    43   651  7419  7805 13165 14777  5057 15345  6154  3367
ch   59:      0     0     0     0     0     0     0     0     0     0     0     0     0     0     0     0     0     0     0     0     1     1    48   670 12286  6725 11688 14152 11907  9320 11613 11133
ch   60:      0     0     0     0     0     0     0     0     0     0     0     0     0     0     0     0     0     0     0     0     0     2    32   817 10557 11932  9923 11505 11937  9038 11077  3930
ch   61:      0     0     0     0     0     0     0     0     0     0     0     0     0     0     0     0     0     0     0     0     0     3    49   741 10620 10758 15682  8188 13548 10601  8401  6399
ch   62:      0     0     0     0     0     0     0     0     0     0     0     0     0     0     0     0     0     0     0     0     0     1    52  1081 10178 11270  8062 12205  8658  9654  7265  4009
ch   63:      0     0     0     0     0     0     0     0     0     0     0     0     0     0     0     0     0     0     0     0     0     4    41  1102 11604 11025  8157 11653  9428  9040  7860 10623
ch   64:      0     0     0     0     0     0     0     0     0     0     0     0     0     0     0     0     0     0     0     0     0     2    70   704  9015  9351 13402  6481 12271  8304  8374  3520
ch   65:      0     0     0     0     0     0     0     0     0     0     0     0     0     0     0     0     0     0     0     0     0     2    71   649 12480  7592 16591 12249 13149 13943 14441 10287
ch   66:      0     0     0     0     0     0     0     0     0     0     0     0     0     0     0     0     0     0     0     0     0     1    43   761 14408 12589 11783 10222  9026 13634 12003  4311
ch   67:      0     0     0     0     0     0     0     0     0     0     0     0     0     0     0     0     0     0     0     0     0     6    64   797 13414 12094  8918 13207  9934  8774  8676  8781
ch   68:      0     0     0     0     0     0     0     0     0     0     0     0     0     0     0     0     0     0     0     0     0     2    56   983 11290  9103  9768  9222  8319  8811 15150  4796
ch   69:      0     0     0     0     0     0     0     0     0     0     0     0     0     0     0     0     0     0     0     0     0     1    57   643 13561 10098 13106 11541 13639 10959 10403 12171
ch   70:      0     0     0     0     0     0     0     0     0     0     0     0     0     0     0     0     0     0     0     0     0     3    97  1163  8696  7987  8737  7996  7318 11850 11500  4769
ch   71:      0     0     0     0     0     0     0     0     0     0     0     0     0     0     0     0     0     0     0     0     0     3    94   906 10884  6220  8209 11062  7706  9255  9481 17142
ch   72:      0     0     0     0     0     0     0     0     0     0     0     0     0     0     0     0     0     0     0     0     1     4    63   621 16778 10641  9935 11170 13930 10816 12368  4864
ch   73:      0     0     0     0     0     0     0     0     0     0     0     0     0     0     0     0     0     0     0     0     0     6    72  1401 16923 11494 12658 11758 10674 11503  9127  8484
ch   74:      0     0     0     0     0     0     0     0     0     0     0     0     0     0     0     0     0     0     0     0     0     0    40   726 11053 10848  8788 13333  9520  5196  9365  5011
ch   75:      0     0     0     0     0     0     0     0     0     0     0     0     0     0     0     0     0     0     0     0     0     2    70  1438 10670  6377 10701  8205  3852  6745  9074 11048
ch   76:      0     0     0     0     0     0     0     0     0     0     0     0     0     0     0     0     0     0     0     0     0     2    81   686  9799 11416  7057 12653  6429  9512  9327  5411
ch   77:      0     0     0     0     0     0     0     0     0     0     0     0     0     0     0     0     0     0     0     0     0     4    69  1275 17476  9124  8102  8068  9315  8824  8248  9957
ch   78:      0     0     0     0     0     0     0     0     0     0     0     0     0     0     0     0     0     0     0     0     0     6    62  1128  6381 13069  7199  4720 11911  8517 10875  4961
ch   79:      0     0     0     0     0     0     0     0     0     0     0     0     0     0     0     0     0     0     0     0     0     4    66   727 11825  5719  8500  9391 14085 15698  9342  4434
ch   80:      0     0     0     0     0     0     0     0     0     0     0     0     0     0     0     0     0     0     0     0     0     4    70   807 11168  8287 11608 13648  9345 10003  9462  4541
ch   81:      0     0     0     0     0     0     0     0     0     0     0     0     0     0     0     0     0     0     0     0     0     3    81  1213 15358 15122 11326  9474 13248 11896 11244 10819
ch   82:      0     0     0     0     0     0     0     0     0     0     0     0     0     0     0     0     0     0     0     0     0     3    54   702 13996  8179 12549  6142  6695 14382  8549  4623
ch   83:      0     0     0     0     0     0     0     0     0     0     0     0     0     0     0     0     0     0     0     0     0     2    55  1050 14038 10030 10550 11594 10801  9617  9641  9656
ch   84:      0     0     0     0     0     0     0     0     0     0     0     0     0     0     0     0     0     0     0     0     0    10    71   922 12866  6460  8706 10224 10227  8844 10689  5724
ch   85:      0     0     0     0     0     0     0     0     0     0     0     0     0     0     0     0     0     0     0     0     0     2    83  1032 16289 13314 12662  8923  8201 10529 15158  4715
ch   86:      0     0     0     0     0     0     0     0     0     0     0     0     0     0     0     0     0     0     0     0     0     2    46   719 13596 12336  4188  9214 12310 12324 13199  5208
ch   87:      0     0     0     0     0     0     0     0     0     0     0     0     0     0     0     0     0     0     0     0     0     2    53   856 14572 15488  7598 11336 11442  8388 13051  8690
ch   88:      0     0     0     0     0     0     0     0     0     0     0     0     0     0     0     0     0     0     0     0     0     3    64  1454 17192  8697  7035 12385 11702 11816  3981  3261
ch   89:      0     0     0     0     0     0     0     0     0     0     0     0     0     0     0     0     0     0     0     0     0     1    80  1113 11248  5919  9708  9219  9428  8236 11677 11931
ch   90:      0     0     0     0     0     0     0     0     0     0     0     0     0     0     0     0     0     0     0     0     0     2    70  1066 10877 13478  9398  8834 14139 11718 10807  4092
ch   91:      0     0     0     0     0     0     0     0     0     0     0     0     0     0     0     0     0     0     0     0     0     5    56  1409 17303 10096 13624  9711 11239 10940 12036 12009
ch   92:      0     0     0     0     0     0     0     0     0     0     0     0     0     0     0     0     0     0     0     0     0     5    59   770 10939  8600 12600 13413  6897  5119 12031  4165
ch   93:      0     0     0     0     0     0     0     0     0     0     0     0     0     0     0     0     0     0     0     0     0     4    72   951 12877  8920 13044 11320 15050  9098  8006 16158
ch   94:      0     0     0     0     0     0     0     0     0     0     0     0     0     0     0     0     0     0     0     0     0     4    74  1467 14695 14243 14720 14439  8624  5895 10805  2936
ch   95:      0     0     0     0     0     0     0     0     0     0     0     0     0     0     0     0     0     0     0     0     0     2    55  1642  3977 10849  7713 10461  7372 10638 11116  8528
ch   96:      0     0     0     0     0     0     0     0     0     0     0     0     0     0     0     0     0     0     0     0     0     1    95  1323 14388  6596  7476 12198  8933 11625 12716  3445
ch   97:      0     0     0     0     0     0     0     0     0     0     0     0     0     0     0     0     0     0     0     0     0     3    85  1363 15092  9200 11095  6856  8761 11859 16686  9228
ch   98:      0     0     0     0     0     0     0     0     0     0     0     0     0     0     0     0     0     0     0     0     0     3    53  1081 15002 13036 13472 11183  7598 10378  7128  2968
ch   99:      0     0     0     0     0     0     0     0     0     0     0     0     0     0     0     0     0     0     0     0     0     3    67  1474 17570 12414  9535 15586 11672 10354  6700 12216
ch  100:      0     0     0     0     0     0     0     0     0     0     0     0     0     0     0     0     0     0     0     0     0     8    59  1364 13272  9564  9417 14461  9934  6798 15854  2749
ch  101:      0     0     0     0     0     0     0     0     0     0     0     0     0     0     0     0     0     0     0     0     0     8   129  1582 14345 11186 12278  8073  6277 10828 12330  9418
ch  102:      0     0     0     0     0     0     0     0     0     0     0     0     0     0     0     0     0     0     0     0     0     7    96  1452 14291 13760 10693  8973  9258  9823  9818  1869
ch  103:      0     0     0     0     0     0     0     0     0     0     0     0     0     0     0     0     0     0     0     0     0     2   112  1999  5450 11446  5513 13858  6847 16006  5942  4764
ch  104:      0     0     0     0     0     0     0     0     0     0     0     0     0     0     0     0     0     0     0     0     0     6    92  1857 11350 10967  8881 12782  8939 11608  9851  1990
ch  105:      0     0     0     0     0     0     0     0     0     0     0     0     0     0     0     0     0     0     0     0     0     7   128  1603  8531  9422  3277  3024 13093 11931 12791  9965
ch  106:      0     0     0     0     0     0     0     0     0     0     0     0     0     0     0     0     0     0     0     0     1     4    85  1459 14802 13035  7852 10352 10599  8502 12407  2244
ch  107:      0     0     0     0     0     0     0     0     0     0     0     0     0     0     0     0     0     0     0     0     0     1   115  1075 18128  7997 12676 14809  4588  9137  8385 11063
ch  108:      0     0     0     0     0     0     0     0     0     0     0     0     0     0     0     0     0     0     0     0     2    15   166  1797 15179  7305  7949 11343  8362 10724 15893  2277
ch  109:      0     0     0     0     0     0     0     0     0     0     0     0     0     0     0     0     0     0     0     0     0     7   126  1394  8739 13975 11197 13287 14662  8334 12918  9935
ch  110:      0     0     0     0     0     0     0     0     0     0     0     0     0     0     0     0     0     0     0     0     0     3   126  1336  8876  8710 11369  8215 11324  8330  9102  1796
ch  111:      0     0     0     0     0     0     0     0     0     0     0     0     0     0     0     0     0     0     0     0     0     9   126  1584 17350  9358  6590 10664 14241 10259 11986  5207
ch  112:      0     0     0     0     0     0     0     0     0     0     0     0     0     0     0     0     0     0     0     0     1    11   128  2627 15877 10789 13770  7782 10543  7721  6106  1429
ch  113:      0     0     0     0     0     0     0     0     0     0     0     0     0     0     0     0     0     0     0     0     0     7    99  2062  6151  9721  8304 14327  4335 11333 13067 14512
ch  114:      0     0     0     0     0     0     0     0     0     0     0     0     0     0     0     0     0     0     0     0     0     5   124  2201 17502 11051 12406 10720  7942 12517 13190  1665
ch  115:      0     0     0     0     0     0     0     0     0     0     0     0     0     0     0     0     0     0     0     0     0     4   145  2147  8309  8791  4817 10158  8797  8856  8481 13099
ch  116:      0     0     0     0     0     0     0     0     0     0     0     0     0     0     0     0     0     0     0     0     0     8    96  1660 15762 10685 11326 14191  9979  9673 11816  1522
ch  117:      0     0     0     0     0     0     0     0     0     0     0     0     0     0     0     0     0     0     0     0     0     4   150  1586  3663 12515 10239 16517 15574  7948  6852 14441
ch  118:      0     0     0     0     0     0     0     0     0     0     0     0     0     0     0     0     0     0     0     0     1     7   121  2106  4115  9213  7846 11149 14567  6227  6976  1644
ch  119:      0     0     0     0     0     0     0     0     0     0     0     0     0     0     0     0     0     0     0     1     3    11   127  2370  9807 11321 11219  5272 11802  9851 10558  7312
ch  120:      0     0     0     0     0     0     0     0     0     0     0     0     0     0     0     0     0     0     0     0     0     7   205  2311  5971  7638 11307 12171 10268 10199  7758  1703
ch  121:      0     0     0     0     0     0     0     0     0     0     0     0     0     0     0     0     0     0     0     0     1    16   156  1786 11982  8315 15201  4920  8036  7933  8349 15895
ch  122:      0     0     0     0     0     0     0     0     0     0     0     0     0     0     0     0     0     0     0     0     0    13   113  2185 16122 12131 15942  7896 13551 10482  7751  1463
ch  123:      0     0     0     0     0     0     0     0     0     0     0     0     0     0     0     0     0     0     0     0     1     5   194  3330  4992  8202  8085 11344 11225  3426  8924 12420
ch  124:      0     0     0     0     0     0     0     0     0     0     0     0     0     0     0     0     0     0     0     0  1160    20   433  4966 17506 11067 11190 10757  7823 15233  8380  9948
ch  125:      0     0     0     0     0     0     0     0     0     0     0     0     0     0     0     0     0     0     0     0     1    36   369  4537 13983  7251  7405 13389 13585 10466  8346  9806
ch  126:      0     0     0     0     0     0     0     0     0     0     0     0     0     0     0     0     0     0     0     0     0    23   286  3590  5583  9857  9761  8332 10531  6998  7699   309
ch  127:      0     0     0     0     0     0     0     0     0     0     0     0     0     0     0     0     0     0     0     0     4    44   912 10691 10961  5712 10642 12090 11493 13890 11142  2936
