# ID XA-000-08-002-000-008-168-06
# Tag _trim_
# Date 240719_14:38:56
# Vref_p 57
# Vref_n 19
# Thr2_glb 57
# Vref_t 118
# Vref_t_range 1
# Pol 1
# ADC range 30-247
# FAST disc 30
ch:   0  116  119  118  107  124  116  119  123  110  116  116  119  123  118  104  116  117  120  111  108  132  120  121  102  113  124  122  125  119  118  131   -1
ch:   1  131  119  115  119  114  117  115  110  110  107  118  115  110  111  116  118  110  122  107  110  107  122  117  107  116  117  116  136  139  126  124   56
ch:   2  124  122  108  122  113  107  117  120  116  117  116  110  124  119  107  118  110  106  115  115  124  107  112  123  116  118  124  130  121  136  132   -1
ch:   3  123  108  107  107  120  118  121  120  124  120  123  114  107  108  120  114  108  119  108  120  124  118  119  120  125  120  121  124  119  134  136   56
ch:   4  118  110  122  119  118  116  108  116  109  115  123  122  118  116  106  115  110  108  117  117  119  111  118  117  125  122  122  135  119  121  131    9
ch:   5  108  109  109  122  115  116  110  118  124  121  107  108  109  114  119  113  106  122  118  115  116  114  122  118  121  115  120  112  119  137  123   56
ch:   6  108  103  116  124  116  116  123  119  118  117  119  110  107  117  108  106  117  107  115  121  108  109  105  115  105  114  121  130  124  135  135   19
ch:   7  121  125  109  116  105  121  117  105  116  122  116  110  125  108  107  115  117  116  115  111  132  116  113  117   -1  119  124  138  120  134  133   56
ch:   8  124  117  110  105  117  115  117  114  108  118  113  114  121  108  111  109  110  116  109  110  120  116  120  123  110  121  125  121  111  134  131   20
ch:   9  110  119  110  113  107  123  119  123  116  117  110  121  102  108  116  108  107  109  114  115  116  108  129  108  119  125  122  121  121  121  121   56
ch:  10  120  106  115  107  117  115  109  107  112  120  121  120  118  116  116  107  115  117  109  124  121  117  115  116  112  123  122  123  125  124  132   21
ch:  11  131  119  112  113  123  115  113  117  119  103  118  104  120  121  103  108  115  110  124  115  113   -1  104  110  117  114  123  134  121  120  123   56
ch:  12  111  123  124  124  110  120  123  106  116  117  104  109  117  118  119  108  124  117  116  116  111  106  112  106  124  117  106  132  136  124  135   20
ch:  13  110  126  121  118  115  118  110  124  121  108  104  113  118  104  115  113  109  124  119  115  116  117  114  124  123  124  120  122  124  122  127   56
ch:  14  123  117  119  115  122  113  118  118  115  106  109  108  116  107  103  113  122  105  115  116   94  117  105  113  120  117  108  123  130  131  130   19
ch:  15  120  133  118  118  120  114  112  123  115  115  113  116  110  104  111  103  111  119  120  115  113  120  114  122  120  117  110  122  121  130  133   56
ch:  16  114  127  106  118  117  118  121  116  108  113  116  108  118  122  116  107  106  115  105  118  117  109  108  104  108  116  113  122  119  120  125   20
ch:  17  107  107  106  118  102  110  110  108  119  112  108  121  107  114  120  118  104  115  126  115  108  107  130  119  121  122  117  121  122  125  134   56
ch:  18  120  123  108  123  108  123  122  119  110  130  110  113  119  109  115  105  111  116  116  116  118  122  115  107  120  120  118  106  123  135  134   31
ch:  19  120  101  109  118  103  120  101  117  121  104  110  117  124  121  104  114  114  107  118  120  120  106  118  118  108  119  120  124  126  120  133   56
ch:  20  126  124  116  103  122  114  109  122  108  120  107  107  118  119  117  106  116  108  114  107  110  103  114  106  123  119  123  123  116  122  136   19
ch:  21  119  116  123  116  130  107  111  112  120  118  118  115  115  100  118  116  119  108  105  119  117  114  105  116  121  116  122  121  131  132  120   56
ch:  22  109  119  124  120  115  118  134  119  119  111  116  108  122  130  110  120  116  111  116  120  120  124  123  117  122  120  111  124  119  126  121   19
ch:  23  120  114  116  115  118  121  121  116  111  122  105  108  110  109  116  110  110  118  117  117  106  116  116  119  120  121  122  121  123  125  124   56
ch:  24  117  117  116  118  113  121  114  122  110  121  132  121  110  120  121  123  119  121  115  104  118  122  123  121  123  119  125  119  124  130  136   20
ch:  25  110  121  118  108  121  114  115  119  105  122  118  115  100  103  118  116  118  117  112  108  116  105  118  107  124  108  120  123  125  124  122   56
ch:  26  117  119  124  118  111  122  106  125  124  116  120  121  114  108  110  107  107  116  116  117  108  115  117  107  120  117  123  134  135  126  127   29
ch:  27  134  116  116  132  116  118  104  114  108  115  117  117  116  108  108  114  110  100  109  115  103  115  112  122  121  120  116  111  123  136  135   56
ch:  28  121   -1  119  120  115  122  123  123  121  116  130  111  124  113  115  108  107  120  103  120  119  116  117  117  118  132  132  118  123  132  127   25
ch:  29  116  113  116  120  117  110  119  122  117  107  107  116  114  116  120  113  120  111  116  118  106  105  107  117  122  116  124  121  122  119  125   56
ch:  30  119  106  101  118  115  126  116  116  116  116  100  121  115  123  122  119  110  108  122  117  114  113  114  122  106  127  121  114  119  124  136   32
ch:  31  115  119  106  116  121  124  122  108  125  114  118  122  107  106  108  117  119  106  111  118  110  116  117  131  118  117  125  126  124  119  132   56
ch:  32  116  126  123  119  123  116  121  115  119  108  114  121  119  121  109  105  115  110  118  104  119  112  120  123  110  122  116  117  125  132  122   37
ch:  33  121  124  132  119  110  122  121  119  105  104  116  105  104  119  120  109  118  101  101  115  111  102  119  116  131  120  118  131  126  121  134   56
ch:  34  120  121  120  119  119  118  111  123  111  110  107  121  118  116  118  121  123  118  115  115  118  121  120  123  116  119  134  133  135  117  130   36
ch:  35  121  113  116  115  123  118  118  108  117  111  114  103  107  108  110  110  113  107  120  115  119  115  117  100  121  116  116  122  124  135  132   56
ch:  36  116  125  120  117  120  119  116  118  121  116  108  111  125  116  116  121  110  122  110  122  120  114  117  116  124  121  122  131  127  126  125   34
ch:  37  132  109  108  117  124  115  116  109  115  120  118  121  118  109  120  108  121  115  109  117  115  119  110  106  119  108  117  134  118  126  130   56
ch:  38  126  122  119  123  121  118  120  131  119  117  123  121  115  107  117  111  118  118  110  107  122  120  120  113  122  121  122  131  135  134  137   26
ch:  39  108  116  124  132  116  102  104  109  119  115  113  124  114  107  118  115  118  116  106  122  105  122  120  123  123  118  122  125  132  143  147   56
ch:  40  119  118  122  116  127  114  119  122  102  124   -1  116  116  117  123  121  117  110  124  118  105  116  124  114  114  110  117  118  123  126  131   26
ch:  41  123  107  121  123  117  116  111  117  123  123  119  102  113  119  115  123  106  113  120  118  106  113  122  117  122  113  105  124  131  133  133   56
ch:  42  123  121  118  117  130  118  106  110  121  121  122  114  121  122  116  123  113  117  107  110  118  119  122  108  108  111  124  121  130  124  122   33
ch:  43   -1  127  119  120  116  131  109  118  111  121  109  120  119  119  125  110  109  117  114  118  120  118  122  119  133  121  122  136  138  132  122   56
ch:  44  123  123  106  117  118  116  110  122  118  114  106  110  123  122  120  115  108  121  107  115  123  118  122  110  109  120  119  124  121  121  132   42
ch:  45  120  118  120  120  123  125  121  115  123  118  119  114  125  124  122  115  110  121  121  105  106  116  122  118  118  131  125  121  125  138  137   56
ch:  46  109  122  130  123  118  116  118  105  117  106  107  123  116  116  106  109  104  120  115  123  115  119  114  117  105  120  115  120  121  119  125   42
ch:  47  112  117  121  106  124  122  119  119  117  106  113  110  115  118  117  119  106  126  106  113  117  117  123  117  134  132  121  122  122  124  134   56
ch:  48   -1  123  106  109  120  108  118  106  110  109  114  118  117  116  110  109  113  103  116  115  117  110  116  119  118  122  107  118  125  135  125   40
ch:  49  107  123  120  123  118  122  126  127  121  120  114  105  111  108  117  107  115  117  115  110  125  117  118  127  110  121  134  124  115  122  124   56
ch:  50  120  125  120  125  122  125  106  109  117  103  126  110  121  119  104  111  128   -1  119  117  110  120  114  122  122  124  123  133  133  134  134   49
ch:  51  118  117  121  107  133  118  108  122  119  122  109  115  102  111  119  114  117  115  117  118  124  123  114  111  115  117  122  122  134  125  132   56
ch:  52  117  122  116  126  120  123  119  113  113  119  119  110  110  113  124   93  108  111   -1  120  127  125  119  121  116  110  130  122  131  125  134   48
ch:  53  115   -1  125  117  126  106  115  108  115  105  116  116  119  106  115  108  120   99  110  104  110  122  124  122  119  116  117  123  126  123  134   56
ch:  54  110  108  119  109  115  107  119  123  116  107  120  118  108  107  120  118  114  125  125  106  121  114  123  120  115  120  109  122  122  133  132   37
ch:  55  121  114  124  105  110  121  120  118  117  107  110  116  107  116  121  116  110  107  118  117  123  107  115  118  130  123  114  120  123  133  122   56
ch:  56  127  124  120  110  121  113  117  121  123  110  116  118  116  124  118  119  116  117  103  109  110  108  116  118  125  118  122  116  121  126  126   26
ch:  57  122  118  116  115  122  117  116  115  114  107  123  112  117  106  106  109  118  118  123  107  111  115  116  114  119  132  120  122  126  134  131   56
ch:  58  111  119  115  109  131  118  118  131  117  110  111  118  108  118  123  105  108  107  111  121  115  119  120  111  117  117  107  124  127  127  127   35
ch:  59  121  124  104  110  117  115  119  121  115  107  111  118  109  109  105  119  108  120  120  117  118  121  120  126  116  117  131  122  123  139  134   56
ch:  60  126  118  124  120  117  108  121  116  118  118  119  114  118  122  118  109  106  115  120  104  124  117  118  116  122  119  124  135  127  141  124   42
ch:  61  108  117  122  116  107  121  117  110  110   99  122  116   93  103  109  117  110  117  113  117  119  124  114  110  121  118  109  122  133  129  139   56
ch:  62  115  121  121  116  116  121  119  117  121  124  116  120  105  112  118  113  116  116  117  116  120  103  109  116  117  110  121  126  124  125  129   33
ch:  63  124  133  115  120  119  116  119  111  117  124  114  111  115  116  122  119  123  117  120  104  111  124  120  122  122  110  122  117  120  124  133   56
ch:  64  123  123  122  120  126  121  122  117  114  120  106  124  115  114  109  126  107  118  116  108  108  121  119  124  119  120  126  119  126  135  125   38
ch:  65  116  118  115  108  115  116  123  108  120  119  118  114  121  121  122  101  119  104  117  104  119  121  117  117  121  121  121  118  134  116  135   56
ch:  66  120  102  106  124  118  126  113  116  107  116  122  132  119  105  106  110  110  118  111  114  119  108  109  116  117  123  121  125  130  126  132   37
ch:  67  119  118  117  110  116  125  106  118  114  102  124  117  103  105  117  116  109  105  123  114  109  106  117  119  117  116  127  121  131  122  133   56
ch:  68  110  114  131  123  115  120  118  120  108  118  110  122  116  113  108  109  115  114  116  117  115  116  115  121  119  121  120  141  136  124  133   33
ch:  69  106  124  122  118  107  117  121  112  114  109  124  115  119  119  106  120  124  115  117  103  118  119  110  113  116  123  135  117  121  118  131   56
ch:  70  120  114  129  122  114  124  116  104  112  115  103  111  110  121  111  118  108  119  116  115  117  117  109  117  120  115  118  110  123  126  117   29
ch:  71  117  116  117  117  116  123  117  125  123  119  117  119  118  103  108  120  109  120  109  118  114  111  120  105  120  124  126  136  135  117  134   56
ch:  72  124  121  123  117  120  115  121  115  117  116  116  132  114  116  118  113  108  110  109  119  110  120  121  122  120  120  123  124  131  138  137   31
ch:  73  131  123  108  129  115  116  122  119  120  107  121  118  119  118  108  119  119  121  111  117  119  117  116  116  125  116  126  121  121  127  124   56
ch:  74  115  124  117  129  117  121  122  124  110  123  116  118  119  124  109  118  108  116  121  116  119  115  121  118  124  117  118  133  126  138  141   56
ch:  75  116  109  120  129  125  116  121  118  118  111  118  104  112  119  116  111  132  116  118  118  110  108  131  119  120  119  125  138  125  136  125   56
ch:  76  126  124  122  119  120  115  121  108  126  116  115  110  111  107  124  115  106  115  119  120  111  133  115  116  124  135  122  125  123  131  124   44
ch:  77  116  127  118  110  107  117  122  107  124  108  117  107  122  108  107  113  100  114  117  123  115  118  109  120  116  118  122  120  127  125  135   56
ch:  78  115  123  121  122  121  119  121  119  117  117  122  116  116  108  122  115   94  109  116  117  109  120  110  118  106  120  116  121  119  135  121   44
ch:  79  117  109  117  108  119  119  119  121  108  116  122  108  121  115  103  110   91  108  111  123  121  122  118  111  122  114  134  123  125  132  135   56
ch:  80  118  117  127  109  105  122  121  119  111  111  116  105  118  117  108  118  115  115  121  117  116  115  114  108  118  134  121  121  125  134  127   38
ch:  81  110  123  113  118  123  115  104  132  131  117  112  119  123  105  115  133  110  114  115  120  115  120  120  114  113  123  134  126  126  132  133   56
ch:  82  131  131  115  118  115  110  124  117  116  106  118  111  106  119  114  107  112  110  106  115  121  110  121  107  120  121  107  129  119  125  119   44
ch:  83  110  119  126  121  108  120  108  106  110  111  105  117   98  116  103  117   -1  109  117  109  120  118  117  116  121  122  115  119  135  136  119   56
ch:  84  119  113  132  115  103  109  119  110  120  106  118  117  114  108  116  117  116  116  126  116  115  103  118  117  119  116  121  119  130  131  126   45
ch:  85  119  131  117  110  114  114  118  117  118  112  107  115  119  127  121  114  115  116  119  106  114  117  121  122  116  119  123  123  133  111  137   56
ch:  86  121  119  118  120  108  108  116  116  116  113  113  121  126  107  121  119   99  113  118  119  119  121  122  116  113  118  104  134  118  132  133   43
ch:  87  132  119  104  108  121  107  118  126  115  124  118  108  106  108  102  119  107  126  117  120  117  122  113  123  122  117  118  120  131  132  135   56
ch:  88  121  118  126  122  125  113  121  118  119  105  118  124  120  115  118  103  103  122  114  119  111  118  114  117  113  121  118  123  116  133  139   36
ch:  89  116  109  129  125  122  123  101  115  123  124  122  109  115  117  121  108  113  121  103  115  116  120  119  133  108  109  121  122  119  127  131   56
ch:  90  117  119  115  122  121  120  103  119  108  106  110  121  107  114  101  107  116  103  108  105  117  106  110  121  114  116  118  125  115  131  125   37
ch:  91  124  117  116  114  108  108  117  120  108  123  117  103  115  116  110  115  119  119  105  113  110  100  114  123  121  129  120  125  135  124  124   56
ch:  92   94  118  118  123  117  120  112  122  114  111  119  119  106  119  116  120  114  115  108  115  116  113  117  111  116  122  121  124  126  118  122   30
ch:  93  116  108  121  108  116  124  121  115  108  118  119  122  125  124  117  108  119  110  119  132  122  118  119  122  124  126  118  122  141  134  141   56
ch:  94  120  116  121  118  118  124  108  119  122  116  113  122  121  122  109  115  119  119  116  117  123  125   -1  122  115  119  116  116  117  124  138   35
ch:  95  121  133  123  108  106  126  120  123  121  110  117  110  106  104  119  123  117  110  126  122  106  120  117  130  121  118  122  130  115  122  139   56
ch:  96  116  116  119  122  107  108  119  115  105  120  108  116  110  119  108  121  129  120  113  124  119  122  119  120  124  124  122  119  122  131  122   37
ch:  97  107  117  121  121  115  117  107  116  104  119  106  115  123  115  131  113  124  119  114  123  117  110  121  117  123  132  118  110  124  127  125   56
ch:  98  123  124  115  118  105  121  121  115  115  116  108  119  115  115  116  104  115  125  104  122  118  132  109  115  123  124  123  122  127  137  118   48
ch:  99  102  123  127  116  123  121  124  108  130  116  115  109  110  110  119  114  118  121  113  119  103  119  110  115  113  113  121  132  126  125  134   56
ch: 100  118  110  124  119  118  123  109  106  117  109  119  110  123  117  122  104  122  108  104  117  124  118  108  124  107  107  118  116  130  119  131   30
ch: 101  119  122  122  124  126  109  116  111  126  110  122  102  111  119  110  106  115  110  116  103  123  116  107  119  114  133  118  130  122  123  133   56
ch: 102  120  119  114  124  108  121  116  115  108  107  123  117  117  111  108  103  117  119  108  117  109  114  117  118  121  121  132  126  118  121  119   21
ch: 103  117  119  113  116  107  119  113  116  117  123  117  110  119  118  115  116  123  116  113  122  102  110  127  113  116  117  119  133  124  127  124   56
ch: 104  119  119  125  123  121  109  131  114  111  114  118  119  117  116  118  122  115  118  116  106  122  112  104  115  124  116  121  119  122  124  135   22
ch: 105  118  118  123  124  117  116  115  120  114  125  118  110  120  105  114  124  121   91  116  113  117  119  126  118  114  121  115  131  120  130  134   56
ch: 106  125  121  119  120  118  121  110  115  119  116  121  115  119  119  118  110  110  113  115  116  118  121  111  116  118  117  116  125  117  120  122   25
ch: 107  108  124  115  122  103  119  122  111  117  110  121  117  118  109  115  115  114  122  107  114  115  121  120  118  122  121  136  134  133  126  139   56
ch: 108  116  118  111  121  121  119  115  121  121  121  115  122  106  115  117  117  114  109  104  121  103  111  119  109  117  115  124  123  115  124  120   19
ch: 109  121  120  121  117  117  107  116  117  105  122  122  123  123  118  106  120  119  118  114  119  126  119  122  123  125  117  127  131  132  125  123   56
ch: 110  127  113  107  119  118  116  118  114  122  120  121  105  118  106  117  116  100  115  118  117  119  122  117  120  125  123  119  125  123  120  124   20
ch: 111  123  114  124  121  115  120  124  105  108  113  109  118  109  117  106  113  116  120  120  120  120  120  120  123  120  107  119  124  115  120  122   56
ch: 112  114  126  120  109  126  110  111  110  110  122  120  115  119  123  114  108  104  115  113  116  117  118  125  119  119  112  117  120  131  126  133   27
ch: 113  116  131  126  124  108  134  107  115  114  117  116  121  107  120  101  109  111  109  118  106  104  110  121  122  132  104  124  116  121  137  121   56
ch: 114  116  110  117  109  124  125  117  119  116  108  108  118   91  116  119  117  120  121  108  116  114  109  115  126  122  124  115  116  124  120  137   20
ch: 115  108  117  118  121  107  121  109  110  119  120  117  117  108  110  106  108  118  115  110  107  118  109  121  107  124  132  124  132  133  127  131   56
ch: 116  118  125  104  116  123  117  114  116  108  119  106  115  110  114  121  101  106  107  107  125  122  117  109  119  115  122  124  118  131  124  141   23
ch: 117  125  121  138  127  122  108  117  118  106  109  132  109  118  122  114  117  117  118  111  121  116  115  116  116  124  123  131  118  119  134  122   56
ch: 118  116  123  122  121  121  124  109  129  119  102  118  116  107  121  117  116  108  127  131  116  116  116  110  124  121  131  131  116  123  123  133   19
ch: 119  118  118  124  116  126  120  109  121  118  121  118  115  113  110  119  120  102  107  106  118  120  118  121  122  131  114  124  132  122  122  131   56
ch: 120  127  122  118  119  123  118  107  115  107  114  122  121  112  118  106  107  119  115  114  119  111  119  123  118  123  118  116  120  125  135  134   20
ch: 121  123  119  122  116  118  118  118  130  114  122  115  111  117  109  108  120  118  115  116  118  123  111  132  123  114  124  120  124  148  136  137   56
ch: 122  117  120  117  119  122  116  126  120  119  123  110  109  107  119  119  116  133  116  121  118  110  109  111  116  132  108  108  121  119  133  142   17
ch: 123  132  120  125  116  115  118  123  119  123  111  120  129  109  124  123  118  110  126  120  111  122  120  119  133  117  132  139  119  118  124  134   56
ch: 124  123  118  124  110  121  124  117  130  131  122  119  121  108  110  120  104  119  110  114  117  118  120  117  131  118  125  130  123  124  124  122   -1
ch: 125  124  125  115  119  114  121  109  115  116  115  118  103  116  116  119  108  122  105  123  116  108  124  115  106  120  118  116  122  124  137  128   56
ch: 126  120  108  133  115  120  118  111  106  116  108  122  108  120  117  120  117  121  119  115  119  118  118  120  111  122  117  125  118  123  126  136   16
ch: 127  121  112  122  122  112  109  115  115  116  118  121  110  116  116  113  116  110  115  117  120  123  116  119  118  122  131  119  131  123  136  126   48
