# ID XA-000-08-002-000-004-027-15
# Tag _trim_
# Date 240410_17:13:59
# Vref_p 56
# Vref_n 23
# Thr2_glb 39
# Vref_t 118
# Vref_t_range 1
# Pol 0
# ADC range 30-247
# FAST disc 30
ch:   0  134  126  118  121  131  123  118  109  119  117  115  117  123  124  110  109  108  108  108  109  109  108  125  115  108  123  100  106  117  116  119   27
ch:   1  133  135  124  132  122  118  123  117  122  133  126   -1  118  126  116  118  131  126  126  117  106  117  135  110  111  119  123  115  122  132  120   56
ch:   2  122  120  126  103  119  124  134  118  122  109  122  123  101  116  117  111  119  117  111  116  105  105  116  127  110  115  107  103  115  121  121   44
ch:   3  131  125  135  119  137  120  132  138  136  126  132  124  127  132  130  116  122  119  116  124  118  134  123  119  114  118  122  131  125  139  130   56
ch:   4  117  132  122  124  135  139  119  134  117  119  110  119  120  107  118  122  116  126  117  116  119  120  120  110  116  105  108  126  113  121  114   42
ch:   5  141  131  120  134  122  133  120  137  133  122  121  124  135  123  121  119  132  119  111  119  123  117  123  126  117  126  124  123  136  121  130   56
ch:   6  134  125  123  122  132  133  121  124  120  115  122  118  122  111  114  103  121  107  120  116  110  111  116  105  108  108  119  121  108  120  119   31
ch:   7  122  134  123  116  121  121  119  132  135  117  125  123  115  134  131  119  120  115  119  118  123  116  118  114  129  110  106  120  121  120  121   56
ch:   8  136  117  121  132  117  119  123  124  120  126  121  109  108  121  106  106  122  118  116  107  117  119  115  116  108  103  111  113  108  100  117   44
ch:   9  126  134  140  117  131  125  120  135  133  132  125  108  125  131  131  138  120  133  125  134  120  122  122  120  126  132  127  124  125  119  133   50
ch:  10  126  125  131  121  124  126  122  120  120  114  120  124  121  104  123  131  121  118  115  115  122  117  103  120  122  125   94  115  117  120  110   37
ch:  11  122  122  119  115  125  124  121  124  112  125  117  122  135  121  122  119  132  122  124  117  106  117  123  121  123  120  120  122  121  118  137   49
ch:  12  126  122  125  132  118  119  118  125  115  120  131  117  121  115  114  122  123  119  106  117   93  117  116  118  115  113  118  135  124  118  111   40
ch:  13  141  118  135  136  120  125  122  133  122  133  133  121  122  121  124  135  125  123  132  124  125  117  127  135  126  139  118  132  133  134  131   51
ch:  14  131  135  116  115  117  118  125  116  120  119  122  116  119  120  116  126  122  111  110  109  123  126  120  119  122  117  110  110  121  106  105   31
ch:  15  134  133  126  136  137  127  124  133  131  126  132  115  136  121  122  122  131  135  122  132  120  132  140  135  132  137  139  132  140  134  133   45
ch:  16  134  135  122  124  123  125  124  130  119  121  110  119  119  106  122  121  110  114  110  117  114  119  106  115  110  114  101  119  110  117  118   33
ch:  17  119  123  126  134  111  119  130  114  134  125  137  125  122  121  121  136  120  141  121  121  126  134  126  133  122  124  133  125  116  120  134   56
ch:  18  122  123  119  134  120  116  110  122  132  123  132  123  118  132  117  136  118  120  118  116  121  123  122  118  105  127  108  117  112  120  118   46
ch:  19  118  125  130  119  122  135  132  122  125  121  125  138  121  122  120  125  120  123  121  134  134  123  138  132  122  109  135  116  126  133  124   56
ch:  20  121  120  133  114  131  122  117  121  119  119  124  115  126  116  123  117  111  115  118  117  119  108  110  110  116  102  111  111  123  111  124   42
ch:  21  125  131  120  136  132  116  134  125  135  122  123  122  136  118  127  137  122  126  123  118  119  124  122  117  132  134  124  123  132  122  121   56
ch:  22  131  132  124  126  113  122  123  126  113  132  115  118  116  122  114  115  116  116  120  111  124  125  116   92  123  123  116  116  110  126  124   41
ch:  23  123  124  126  132  118  134  133  118  118  135  126  123  136  117  135  137  125  127  121  137  123  119  125  110  131  131  126  133  119  133  124   56
ch:  24  117  123  117  139  136  121  118  122  135  117  117  108  122  117  111  117  114  115  122  124  121  117  118  114  111  117  121  118  115  118  117   42
ch:  25  132  133  133  135  134  137  137  126  140  120  120  117  131  126  122  121  133  116  122  130  132  122  118  131  125  124  132  121  122  124  132   47
ch:  26  122  125  123  134  122  131  120  120  124  123  114  125  121  124  115  114  118  113  120  104  108  120  121  111  122  116  118  116  117  114  126   38
ch:  27  126  125  131  125  120  123  125  136  123  122  123  125  133  133  119  135  124  122  124  123  126  122  126  126  119  125  122  137  123  137  136   56
ch:  28  134  142  138  120  123  124  125  122  135  114  115  120  117  115  123  117  120  121  111  122  116  113  122  115  120  110  119  118  109  121  121   52
ch:  29  136  137  141  132  139  132  121  138  133  122  133  134  124  123  135  122  124  133  126  136  119  124  119  121  133  127  133  140  126  139  124   37
ch:  30  132  116  130  133  123  120  126  116  125  120  119  118  126  120  117  120  119  115  108  119  120  119  119  108  107  111  108  124  127  118  123   45
ch:  31  123  125  120  126  140  131  123  135  131  132  131  134  133  135  126  123  134  117  136  125  124  133  134  132  135  126  134  140  135  138  127   45
ch:  32  132  125  136  133  123  123  120  123  122  130  124  113  108  123  109  122  124  116  120  118  113  115  108  107  108  114  121  102  118  121  108   41
ch:  33  148  137  134  127  133  138  134  141  133  120  121  124  132  133  136  124  127  133  133  134  131  132  135  124  125  139  134  143  135  139  133   56
ch:  34  117  138  118  132  116  134  120  115  110  116  122  118  111  106  123  114  126  110  108  113  111  118  117  108  118  116  109  122  130  115  122   40
ch:  35  135  140  124  119  134  135  134  123  125  131  138  124  132  132  122  116  133  131  119  125  120  125  120  133  121  135  122  136  133  134  118   56
ch:  36  124  122  134  137  134  133  119  124  121  133  124  124  131  121  124  125  127  108  119  116  122  121  118  115  138  114  125  121  122  121  119   40
ch:  37  132  133  139  118  132  125  123  133  126  133  118  126  124  122  134  136  120  122  115  125  132  135  123  124  126  131  125  134  123  131  134   56
ch:  38  115  125  131  135  126  126  125  122  130  124  133  111  123  121  118  118  113  133  104  117  119  124  120  132  119  110  117  109  116  109  122   41
ch:  39  121  136  136  138  121  134  123  124  123  120  138  141  122  135  123  141  124  136  136  135  136  133  136  135  122  122  117  121  123  137  142   56
ch:  40  137  124  135  124  115  133  126  137  137  125  116  132  127  123  118  120  121  135  137  120  124  122  122  136  122  113  113  133  118  138  121   47
ch:  41  141  131  115  121  125  122  136  132  131  127  123  134  121  124  126  132  124  132  123  123  134  131  126  119  121  131  122  122  127  122  137   51
ch:  42  135  122  125  127  135  132  120  122  124  134  125  121  123  124  122  136  124  114  117  106  123  118  118  124  132  123  118  121  121  117  118   53
ch:  43  134  124  131  136  137  133  122  122  140  138  133  139  133  119  117  126  126  132  122  123  127  123  132  133  125  123  123  124  134  121  138   56
ch:  44  121  124  132  130  123  121  137  119  119  119  132  121  132  125  123  117  137  111  121  121  117  126  122  117  136  126  108  111  125  115  124   44
ch:  45  120  134  136  150  134  132  132  137  135  124  123  126  132  138  123  140  110  131  125  122  119  120  120  120  130  125  117  140  126  123  133   51
ch:  46  125  122  132  134  123  117  116  117  136  124  131  133  115  123  121  118  125  106  126  124  127  119  133  116  120  134  126  120  124  134  120   44
ch:  47  131  140  122  116  121  131  122  134  135  119  118  117  111  119  136  136  121  126  131  124  125  124  137  126  135  130  126  135  135  136  125   43
ch:  48  138  123  125  125  129  116  125  119  115  123  120  116  118  117  120  108  117  116  118  111  114  113  108  117  109  122  117  119  117  119  123   41
ch:  49  125  134  133  136  132  124  135  122  124  133  136  126  122  132  140  124  126  121  125  120  135  124  127  124  126  122  138  125  133  134  132   56
ch:  50  116  132  134  124  136  118  117  125  131  133  131  116  116  135  120  133  131  115  116  123  124  121  118  124  122  117  117  120  130  126  119   38
ch:  51  147  126  137  136  134  132  134  136  120  127  127  130  125  125  134  123  126  139  119  134  124  134  126  109  132  124  125  122  121  139  131   56
ch:  52  136  134  126  132  117  132  126  125  134  132  120  117  122  120  116  121  119  117  116  117  126  117  110  117  123  116  114  121  122  115  120   43
ch:  53  126  125  132  136  135  125  140  121  134  127  139  124  134  129  115  133  149  125  126  135  125  121  134  133  118  132  135  132  134  140  135   55
ch:  54  135  125  122  127  117  118  122  131  117  136  125  120  118  119  133  122  122  109  117  123  120  118  120  114  110  123  119  118  121  122  125   40
ch:  55  136  123  138  135  137  132  124  133  136  140  133  125  134  122  132  133  133  120  136  123  126  136  125  126  124  135  125  134  142  138  148   52
ch:  56  131  132  136  138  132  124  124  119  133  121  109  118  135  133  131  121  121  118  125  123  143  123  124  133  122  127  115  135  125  135  124   29
ch:  57  131  139  133  120  131  125  132  121  131  125  123  123  124  116  123  129  130  135  131  137  132  132  134  136  136  134  126  133  123  132  140   43
ch:  58  135  131  133  133  130  120  127  125  122  125  130  120  119  137  116  126  120  123  117  122  111  121  113  122  136  114  123  121  117  116  131   47
ch:  59  121  143  142  136  132  122  117  138  133  135  136  120  135  140  124  120  137  114  122  123  134  139  138  118  123  132  134  132  124  141  140   56
ch:  60  137  122  138  122  132  122  131  123  122  117  132  122  116  132  121  120  121  120  123  139  108  115  115  126  117  111  121  119  127  124  133   34
ch:  61  139  125  124  142  132  138  125  134  135  124  126  122  117  130  127  124  133  121  127  138  119  135  124  118  133  133  137  136  125  132  134   56
ch:  62  126  139  115  127  121  120  122  125  119  121  120  123  131  121  117  127  124  118  127  137  125  105  119  124  117  125  118  134  140  132  132   37
ch:  63  124  122  123  135  122  125  138  136  134  123  140  133  127  133  126  138  131  119  133  132  114  124  138  126  124  122  137  136  133  141  136   50
ch:  64  124  121  132  127  119  133  115  118  125  133  115  124  117  116  116  123  126  124  117  133  120  126  127  124  121  121  117  103  121  132  124   42
ch:  65  132  136  133  131  140  123  133  132  124  121  134  135  120  135  122  125  128  131  135  139  127  132  126  137  133  136  132  141  136  136  147   50
ch:  66  115  126  134  123  120  117  119  137  121  117  121  131  122  133  131  118  120  111  125  124  125  132  134  131  108  122  139  116  120  120  132   42
ch:  67  125  132  140  141  133  132  131  135  126  139  151  124  135  117  126  135  131  138  136  134  135  132  125  137  136  132  137  126  145  140  143   48
ch:  68  140  126  133  120  122  138  134  120  122  138  131  124  122  133  116  122  104  125  136  117  123  133  125  120  122  122  115  132  131  133  126   38
ch:  69  125  121  124  126  124  119  124  124  132  139  121  127  137  124  138  137  138  138  125  141  131  116  123  121  135  135  134  136  122  141  126   55
ch:  70  136  135  123  136  119  124  135  134  117  117  125  133  123  123  120  116  114  123  131  109  122  117  117  121  124  110  122  125  132  125  121   32
ch:  71  124  131  134  132  122  128  123  136  131  137  133  132  123  125  140  119  140  121  122  134  125  125  132  132  134  133  129  138  146  132  139   56
ch:  72  138  131  135  116  124  115  125  138  127  119  119  125  117  133  116  120  117  110  138  119  131  110  117  120  134  131  115  130  125  115  120   39
ch:  73  130  117  134  136  133  135  122  134  126  135  125  141  136  140  132  125  127  132  129  131  119  137  142  125  141  120  138  142  141  134  138   56
ch:  74  132  123  133  123  137  122  122  124  121  126  125  108  137  122  124  125  116  125  119  123  124  121  115  118  114  108  133  121  127  122  141   53
ch:  75  133  133  123  130  135  135  120  140  132  122  123  130  125  134  122  131  120  135  123  117  127  131  130  138  134  120  123  131  141  124  131   56
ch:  76  123  135  125  124  118  140  125  132  135  119  116  121  119  117  124  123  122  120  123  124  116  118  117  121  127  133  122  136  124  123  122   38
ch:  77  125  131  127  121  134  125  131  138  138  119  135  137  140  133  122  134  121  131  132  137  132  124  125  130  122  133  133  139  138  132  133   53
ch:  78  132  132  122  135  118  126  122  132  132  134  137  120  119  116  125  119  131  121  117  122  115  123  115  117  134  120  135  132  120  114  110   44
ch:  79  139  131  132  136  119  140  136  132  136  138  138  133  137  131  133  127  139  136  140  124  127  140  132  138  133  136  146  138  147  147  142   56
ch:  80  121  126  126  132  133  131  116  125  130  133  131  124  136  135  124  135  119  111  122  127  124  123  116  126  121  120  118  121  123  123  122   42
ch:  81  119  130  123  136  132  125  126  134  140  118  135  118  136  132  125  124  140  137  126  125  139  120  133  126  137  123  138  131  136  142  132   56
ch:  82  124  126  125  120  121  122  134  131  133  124  124  119  124  121  117  126  108  119  112  114  125  111  119  114  119  114  115  119  133  121  115   39
ch:  83  135  134  123  117  134  120  123  141  118  127  134  124  126  137  133  133  132  124  137  123  126  134  146  123  138  146  122  124  139  148  146   56
ch:  84  138  134  123  106  123  135  134  111  127  119  125  124  134  132  119  120  120  126  125  127  126  117  118  116  122  118  124  121  121  132  121   43
ch:  85  122  131  135  126  132  135  124  125  133  136  136  133  125  125  127  137  132  130  110  124  120  123  135  136  135  131  114  136  132  137  139   56
ch:  86  123  117  127  123  131  120  125  113  122  133  119  110  134  133  119  121  131  109  124  123  118  117  118  123  113  118  125  123  117  126  133   46
ch:  87  136  137  133  133  120  122  141  138  124  133  142  122  123  136  122  133  133  122  132  138  134  132  132  136  139  127  138  137  139  136  137   56
ch:  88  119  119  131  132  109  116  122  123  122  119  130  126  119  117  122  119  123  116  108  130  116  120  115  110  119  126  125  119  124  121  119   39
ch:  89  133  133  134  132  136  142  135  124  139  133  146  131  132  146  136  137  137  126  133  125  133  124  131  136  135  138  139  119  137  138  141   56
ch:  90  123  133  123  124  122  134  124  108  136  121  134  125  134  121  117  114  118  117  123  125  122  119  122  125  115  123  119  120  123  122  125   43
ch:  91  137  141  137  137  137  132  115  136  132  124  135  121  123  134  137  131  123  132  122  135  124  122  131  124  135  135  138  133  126  140  137   56
ch:  92  116  131  123  133  121  133  120  126  133  126  124  120  121  114  120  134  115  113  123  119  122  109  121  115  118  120  124  121  124  120  139   37
ch:  93  122  131  132  122  130  121  122  124  133  121  123  125  133  122  127  126  120  125  117  134  141  119  120  122  136  126  123  131  121  122  121   56
ch:  94  122  134  123  124  124  122  119  135  137  122  133  131  136  126  134  127  123  117  132  120  123  127  119  134  120  124  125  119  121  124  134   42
ch:  95  122  123  132  138  133  134  123  135  111  132  131  138  132  126  122  134  124  133  123  122  131  120  123  132  135  135  133  122  135  124  126   56
ch:  96  123  134  132  125  122  125  121  130  116  132  137  136  123  132  118  134  131  118  124  121  120  123  125  120  117  116  123  121  116  131  123   44
ch:  97  142  131  140  135  133  127  125  136  134  139  126  132  125  125  136  123  120  131  133  132  135  133  134  141  132  130  132  124  124  122  134   51
ch:  98  121  125  123  124  117  122  124  122  134  118  121  120  131  121  124  126  115  131  122  107  122  121  111  107  120  116  120  124  117  133  121   42
ch:  99  125  132  126  124  138  122  124  143  134  132  136  134  132  132  132  134  131  145  130  122  140  137  136  139  126  142  136  116  122  126  132   56
ch: 100  120  122  135  119  125  120  131  124  126  123  120  114  119  120  123  116  115  113  114  110  130  122  113  124  119  124  110  121  121  120  127   44
ch: 101  131  131  138  134  134  126  119  135  134  133  127  136  119  124  132  117  133  121  137  131  125  126  136  131  129  137  118  138  136  134  141   56
ch: 102  124  122  125  135  134  120  132  134  125  137  124  132  118  126  130  139  119  127  119  117  119  120  132  125  122  117  124  123  120  115  123   44
ch: 103  139  133  119  135  138  132  131  140  122  138  135  132  135  135  122  119  132  137  136  122  136  131  132  126  132  135  120  137  147  132  130   56
ch: 104  118  124  136  136  124  120  134  135  122  134  131  124  126  134  124  132  114  124  120  122  120  118  120  121  119  123  135  138  124  133  122   42
ch: 105  133  141  138  138  124  132  136  134  135  146  133  126  136  134  135  140  122   -1  132  131  123  124  122  134  142  133  132  123  138  138  138   56
ch: 106  135  136  121  131  133  125  124  121  126  133  115  118  124  130  125  122  120  132  118  125  120  110  124  129  111  116  117  117  124  122  133   54
ch: 107  134  121  125  122  125  137  133  132  120  123  133  121  126  136  125  133  127  125  132  125  132  132  127  135  137  123  122  131  122  119  140   44
ch: 108  123  132  125  123  131  136  125  123  127  122  123  137  125  125  131  122  122  117  114  129  121  110  118  119  120  122  108  119  123  122  123   55
ch: 109  125  136  136  133  134  138  125  139  140  127  139  132  132  123  133  133  133  116  123  123  126  137  130  138  117  135  135  124  133  125  124   56
ch: 110  138  126  114  136  126  122  125  133  122  124  132  121  122  121  119  131  133  130  110  125  123  134  117  113  134  130  125  132  125  127  124   46
ch: 111  136  133  132  132  143  131  126  134  131  138  133  121  139  123  133  133  125  123  124  126  134  123  135  121  134  124  135  133  120  134  143   56
ch: 112  139  121  132  135  136  122  134  126  122  122  131  130  121  122  120  123  133  121  121  121  134  117  115  122  125  121  115  125  136  123  133   38
ch: 113  133  120  135  137  135  123  117  125  117  132  136  138  137  118  124  123  125  123  133  123  133  123  124  119  132  124  117  133  124  122  124   56
ch: 114  137  137  132  124  118  121  123  125  126  125  124  116  116  123  121  117  121  123  124  121  120  126  117  120  117  118  125  119  124  115  131   42
ch: 115  124  132  119  137  124  135  134  133  126  138  125  125  135  122  124  147  126  132  133  120  120  121  131  124  141  134  135  124  115  122  135   56
ch: 116  132  142  136  127  132  122  135  121  131  131  121  115  133  123  118  124  132  123  117  115  124  117  124  123  137  118  127  126  120  114  133   43
ch: 117  132  132  126  125  118  134  131  124  126  119  127  137  122  123  139  135  126  133  125  131  123  122  134  120  125  125  132  122  121  133  138   46
ch: 118  136  138  135  122  125  118  121  130  126  118  131  121  121  130  121  121  124  111  121  117  122  123  116  123  122  121  119  123  124  116  124   33
ch: 119  141  133  125  140  127  133  119  137  139  133  124  122  137  130  124  135  138  137  125  124  125  132  117  119  114  124  141  131  127  123  138   49
ch: 120  126  134  119  126  116  135  125  120  116  133  124  135  122  121  115  135  121  121  117  108  120  116  119  115  120  116  134  132  123  119  134   35
ch: 121  125  121  115  138  130  123  135  125  134  133  124  135  122  133  117  121  120  139  126  118  119  116  124  126  118  133  123  138  122  123  132   51
ch: 122  131  123  131  120  124  114  125  124  110  125  122  133  118  119  124  108  123  125  134  111  120  108  118  124  120  114  111  117  116  127  120   36
ch: 123  135  131  133  121  135  134  124  137  126  122  139  121  135  133  122  119  136  123  124  122  120  115  135  127  132  118  134  125  133  136  133   44
ch: 124  123  141  123  136  134  120  124  136  124  119  132  126  118  140  123  118  117  122  137  121  121  120  126  119  110  125  119  135  117  117  125   26
ch: 125  124  129  134  123  121  141  117  152  132  126  137  124  120  125  123  124  123  135  125  125  123  122  132  121  122  132  133  119  120  115  126   56
ch: 126  141  125  134  130  118  116  120  134  126  121  133   -1  120  132  122  121  124  119  111  135  126  107  119  121  117  115  124  117  131  125  118   32
ch: 127  136  134  124  142  117  119  135  134  119  123  118  117  118  124  120  122  105  121  107  134  122  122  121  124  121  116  123  110  126  119  115   51
