# ID XA-000-08-002-000-004-023-15
# Tag _trim_
# Date 240411_12:55:28
# Vref_p 57
# Vref_n 18
# Thr2_glb 34
# Vref_t 118
# Vref_t_range 1
# Pol 1
# ADC range 30-247
# FAST disc 30
ch:   0  117  132  121  104  130  115  123  122  122  116  114  115  107  121  122  122  125  119  122  125  116  120  133  126  135  121  123  131  123  135  137   31
ch:   1  117  126  127  123  121  121  121  130  119  116  119  118  119  121  114  121  119  109  118  124  121  116  118  115  121  124  124  120  131  120  132   15
ch:   2  132  121  104  116  119  118  120  111   -1  116  124  115  116  121  108  121  111  111  118  115  133  116  118   -1  117  125  132  136  132  131  134   19
ch:   3  126  124  120  120  123  133  114  114  118  106  121  106  110  120  119  118  120  118  130  115  120  118  131  117  125  122  121  131  126  140  143   17
ch:   4  123  116  118  117  118  121  120  124  108  109  119  110  116  109  118  115  108  113  109  110  119  109  117  128  107  123  120  126  127  135  126   13
ch:   5  120  121  110  130  118  116  121  118  106  109  110  106  117  109  114  125  114  115  118  122  123  123  122  110  119  123  125  121  132  131  135   19
ch:   6  123  116  111  122  119  121  116  115  115  114  120  115  107  117  118  115  118  115  118  127  110  118  117  111  120  109  123  116  125  132  136   16
ch:   7  120  125  118  116  118  124  107  116  107  120  123  122  121  118  115  125  120  114  111  117  123  116  119  106  133  127  124  136  138  132  125   19
ch:   8  118  122  110  125  122  122  119  121  115  120  118  118  114  107  116  117  117  122  110  118  125  121  104  118  125   -1  132  121  124  138  134   20
ch:   9  117  109  132  117  133  107  110  116  116  115  115  110  116  117  120  121  133  114  131  122  113  120  123  124  132  134  124  126  139  136  132   12
ch:  10  124  118  121  123  120  116  113  118  110  117  116  122  114  110  113  107  107  114  115  116  109  124  120  107  110  116  118  122  135  134  141   22
ch:  11  118  124  119  129  123  114  115  122  117  110  116  114  119  124  111  118  116  125  122  124  118  130  121  119  136  142  125  132  131  135  153   15
ch:  12  116  119  117  121  120  110  122  106  116  116  112  109  120  117  110  113  119  106  122  125  117  115  106  123  109  119  118  121  135  131  132   32
ch:  13  123  120  123  115  116  111  117  119  120  109  111  126  116  116  111  117  108  121  120  123  121  123  122  122  132  135  116  136  135  141  142   12
ch:  14  124  121  119  115  109  120  122  113  105  120  113  119  118  126  116  104  114  115  114  114  124  118  121  116  115  127  114  133  133  123  134   26
ch:  15  114  120  123  122  124  114  115  125  113  119  116  111  120  115  125  124  116  115  122  125  123  118  127  120  130  120  126  133  131  134  137   14
ch:  16  121  117  115  122  131  118  108  117  120  122  117  119  123  116  111  105  115  115  115  120  111  110  120  120  107  118  122  126  125  131  132   27
ch:  17  117  132  119  116  124  116  109  120  121  120  121  118  109  119  118  126  111  119  126  117  132  123  115  121  125  127  127  125  135  138  126    9
ch:  18  119  121  127  120  118  116  118  115  123  113  104  108  119  121  116  119  108  116  120  116  110  120  109  120  125  126  117  118  123  131  125   15
ch:  19  126  114  123  124  120  122  119  123  137  120  117  119  114  130  123  127  120  119  120  118  121  122  118  132  117  124  133  137  135  146  138   16
ch:  20  120  115  111  114  124  118  117  125  117  122  117  124  119  130  117  107  120  121  115  125  121  122  122  118  131  125  118  123  111  137  122   19
ch:  21  120  120  115  119  124  121  120  136  119  111  109  118  110  123  118  108  121  117  126  118  118  123  130  120  123  135  126  136  137  123  146   14
ch:  22  125  115  117  114  123  120  113  122  125  118  134  120  108  117  114  117  110  121  114  116  115  115  117  123  125  121  124  141  124  125  118   32
ch:  23  130  124  134  126  109  114  118  116  125  117  119  124  119  118  119  113  120  131  119  125  121  125  136  114  123  130  135  124  137  134  146   26
ch:  24  135  107  121  127  118  120  114  117  124  103  116  115  124  106  119  109  106  119  117  111  114  118  123  117  123  130  114  118  124  125  135   24
ch:  25  119  116  125  115  125  116  114  115  118  120  121  121  123  115  120  123  123  119  120  114  120  119  122  115  120  133  122  131  136  128  136   22
ch:  26  133  120  118  113  116  122  118  115  106  116  119  109  102  110  118  110  119  109  116  113  117  122  106  119  117  132  124  124  133  132  121   20
ch:  27  120  109  123  118  119  117  118  120  120  118  118  118  121  120  121  118  118  114  136  120  122  125  122  125  126  120  131  125  136  139  136   17
ch:  28  121  116  123  120  121  117  116  110  119  115  124  117  125  123  108  118  117  114  113  118  108  116  126  117  131  123  124  131  131  134  132   29
ch:  29  118  114  108  118  120  120  121  118  132  116  118  116  123  117  121  124  115  123  123  110  105  132  116  134  136  124  132  131  135  136  143   17
ch:  30  132  125  126  118  122  106  122  116  119  119  117  129  109  120  116  122  123  109  109  116  124  121  124  124  121  121  127  134  137  137  132   25
ch:  31  124  132  115  119  114  131  120  121  120  129  126  123  119  123  119  116  133  124  121  124  109  127  132  122  126  125  123  135  135  139  137   29
ch:  32  111  116  113  120  110  123  120  105  123  114  113  116  120  134  110  119  118  113  109  104  123  120  100  115  122  133  124  137  119  143  121   28
ch:  33  110  123  119  110  120  120  120  130  124  123  121  116  115  121  123  120  105  125  122  123  119  117  115  121  122  114  128  136  116  131  134   19
ch:  34  117  103  117  120  118  135  118  123  122  106  120  117  122  118  105  114  123  119  117  124  118  114  120  118  117  116  122  126  125  124  122   41
ch:  35  124  120  114  125  120  123  120  119  118  116  133  105  109  117  115  119  119  118  117  116  117  113  137  131  122  123  124  135  123  125  137   22
ch:  36  124  127  108  108  119  108  118  117  121  108  104  106  125  121  121  116  119  117  103  123  108  108  111  120  110  109  136   -1  134  128  135   28
ch:  37  125  116  119  120  116  119  126  132  108  109  119  108  106  117  110  115  118  116  118  120  113  110  126  125  134  124  135  138  142  131  137   23
ch:  38  122  120  116  106  121  118  107  119  105  109   -1  131  119  106  109  110  114  114  111  118  118  115  117  115  114  122  119  120  123  123  132   36
ch:  39  120  117  117  125  119  106  126  114  117  120  120  132  117  119  117  120  124  115  115  122  108  121  131  111  121  134  137  127  120  131  133   20
ch:  40  124  118  108  134  109  111  121  118  119   99  106  116  120  119  110  117  110  109  124  110  118  127  132  119  116  120  122  122  127  133  132   33
ch:  41  132  114  119  119  117  120  119  111  105  123  120  119  116  122  120  109  118  114  120  123  111  118  118  123  118  125  137   -1  125  136  140   15
ch:  42  124  137  115  106  124  111  120  118  115  105  115  129  114  115  125  109  114  115  107  114  124  120  124  119  125  123  126  133  126  123  122   30
ch:  43  117  116  116  117  115  119  119  120  117  121  117  123  118  119  118  118  122  109  116  119  124  123  121  116  119  126  135  132  123  132  135   14
ch:  44  135  110  123  123  123  114  124  124  123  114  116  117  118  116  116  110  114  110  110  118  119  123  116  124  118  119  126  124  116  133  123   33
ch:  45  116  117  115  118  119  121  121  115  104  108  117  121  123  121  107  121  118  118  117  115  118  101  122  126  118  131  131  126  120  127  135   23
ch:  46  119  118  118  123  108  124  111  122  121  123  119  119  123  119  111  123  109  110  115  120  114  115  110  123  117  124  115  108   -1  126  126   32
ch:  47  124  121  109  132  120  119  121  117  121  119  125  118  120  123  123  117  126  120  111  131  123  126  127  134  131  137  136  132  137  127  137   17
ch:  48  131  122  121  116  116  114  115  117  119  124  122  132  108  113  123  107  117  121  109  117  110  109  116  122  124  119  133  122  122  122  124   26
ch:  49  120  123  122  119  120  114  116  121  113  124  122  120  116  123  117  121  115  123  122  119  125  118  115  121  124  141  134  127  132  141  138   30
ch:  50  118  124  123  121  118  121  117  122  121  110  122  110  117  122  122  120  110  117  118  118  119  120  110  123  140  107  130  134  132  134  123   33
ch:  51  130  121  119  114  122  118  114  123  123  124  120  131  116  118  116  110  117  124  119  116  125  120  115  119  117  122  136  133  135  136  141   23
ch:  52  119  123  108  126  117  117  115  118  125  115  127  118  117  120  115  118  109  118  121  119  119  104  121  123  108  122  117  125  131  116  132   29
ch:  53  125  124  124  117  116  123  127  117  116  116  120  119  118  120  120  118  117  121  115  130  126  120  121  116  122  123  136  125  140  134  123   26
ch:  54  115  113  117  123  120  120  125  118  130  122  106  119  116  116  124  121  120  119  134  108  117  110  116  118  117  111  116  127  126  135  136   28
ch:  55  132  123  131  120  117  102  131  118  127  117  117  120  110  123  123  122  123  119  131  116  127  110  119  137  115  125  140  126  136  132  135   19
ch:  56  125  110  119  118  121  116  132  120  107  105  115  114  122  119  116  119  119  117  107  111  116  125  124  116  122  120  133  124  123  130  134   37
ch:  57  121  119  117  107  124  115  117  115  117  123  114  123  138  106  121  117  111  120  122  125  123  131  132  133  131  125  139  134  125  123  124   22
ch:  58  122  122  119  120  107  122  123  120   -1  125  120  119  123  117  114  106  120  110  117  121  117  116  124  116  124  120  120  117  131  120  125   30
ch:  59  121  116  123  117  132  123  120  122  115  122  121  119  124  122  111  122  125  130  122  135  125  138  120  134  127  121  137  122  140  136  143   21
ch:  60  119  127  120  126  123  110  123  118  120  121  121  122  122  119  110  116  115  127  112  121  116  123  121  132  122  123  124  125  134  125  124   26
ch:  61  134  119  123  117  118  116  121  119  125  121  116  118  125  125  127  123  109  123  122  107  118  125  123  124  122  124  124  122  136  133  131   25
ch:  62  123  127  116  120  117  121  116  122  121  118  117  116  110  122  109  104  115  115  106  114  131  122  111  123  112  132  121  133  121  122  131   27
ch:  63  124  117  108  121  102  118  118  117   93  118  118  114  131  122  118  116  119  120  110  110  135  133  116  136  111  122  132  131  134  126  132   31
ch:  64  122  123  119  121  108  117  118  120  122  122  119  126  122  124  117  115  121  124  117  111  116  123  120  118  115  121  116  120  132  123  125   30
ch:  65  118  117  118  131  120  132  122  123  111  122  122  116  125  107  129  111  121  116  125  117  118  127  120  124  125  134  132  139  134  136  139   25
ch:  66  124  123  121  121  109  122  113  119   -1  122  115  117  119  115  109  120  122  120  116  115  124  122  109  109  121  120  132  140  136  126  135   32
ch:  67  115  119  118  119  115  120  122  115  120  117  116  130  117  120  115  120  115  119  122  116  116  111  131  126  133  124  133  145  136  135  143   19
ch:  68  123  121  121  123  117  119  115  115  119  117  115  117  122  133  102  127  126  117  118  105  123  115  124  117  126  124  108  132  123  133  133   30
ch:  69  136  121  116  122  120  131  112  118  113  121  119  122  126  115  116  116  120  131  116  122  108  120  131  124  140  123  125  138  127  142  135   25
ch:  70  122  120  125  125  118  119  124  123  115  120  116  117  107  111  104  119  107  115  109  118  109  119  120  118  119  122  118  131  131  127  143   34
ch:  71  117  115  121  111  118  123  116  120  121  120  117  116  107  116  110  118  119  120  131  120  120  126  108  116  125  119  127  131  126  138  148   27
ch:  72  115  121  122  115  117  126  118  125  113  120  113  119  121  116  113  121  118  121  123  117  107  115  121  116  120  118  124  130  121  119  138   37
ch:  73  123  110  124  137  119  114  119  120  122  125  120  105  114  122  125  118  115  131  115  119  124  116  124  129  123  133  139  134  124  154  133   26
ch:  74  122  122  110  121  118  116  122  109  115  118  117  108  115  126  103  120  120  117  120  110  123  115  125  115  114  124  116  120  132  120  136   31
ch:  75  124  116  107  119  117  121  115  116  115  113  117  125  110  116  110  118  125  116  107  121  121  120  115  120  120  125  134  131  137  126  146   27
ch:  76  134  126  122  120  109  119  119  118  116  120  126  117  131  124  117  135  105  120  115  114  115  105  131  116  118  119  116  133  133  135  131   30
ch:  77  120  135  115  123  117  121  119  119  116  110  120  125  130  118  114  109  118  116  117  118  121  113  117  117  126  122  121  134  133  138  135   25
ch:  78  118  116  118  116  110  114  122  123  116  113  116  117  121  116  127  116  117  116  120  125  115  125  123  118  116  131  120  125  129  127  124   35
ch:  79  125  124  123  108  116  119  121  119  119  117  117  122  111  118  124  123  114  118  115  116  121  115  110  120  130  122  131  135  122  127  139   30
ch:  80  108  125  114  118  116  120  125  116  117  111  120  115  122  123  107  116  122  118  117  116  119  118  118  122  121  121  122  114  123  126  132   37
ch:  81  119  118  118  126  131  117  122  119  121  108  123  107  119   -1  119  114  118  119  116  117  114  118  125  114  136  131  123  121  125  124  138   22
ch:  82  126  119  120  131  119   99  118  122  120  115  117  115  117  116  121  118  108  120  114  116  118  109  117  123  124  125  133  124  134  132  146   36
ch:  83  117  121  120  118  124  117  118  124  117  123  119  111  115  115  120  117  109  126  116  121  121  116  132  119  123  132  122  125  126  126  147   17
ch:  84  131  109  123  122  130  126  119  133  115  108  116  109  121  119  116  122  123  119  114  122  124  116  115  123  122  120  114  131  131  141  137   29
ch:  85  119  114  125  119  122  122  115  122  118  110  118  112  117  117  132  119  118  120  116  114  125  134  119  122  130  130  135  147  138  127  135   25
ch:  86  117  117  123  110  119  109  124  121  117  118  100  121  119  117  119  121  117  118  104  126  118  125  115  118  107  119  120  130  131  123  135   23
ch:  87  124  131  114  126  118  119  126  117  119  116  115  111  120  109  118  110  117  118  121  117  122  111  110  121  119  124  131  131  132  139  142   18
ch:  88  126  118  116  120  115  130  121  119  113  117  122  111  109  122  106  116  115  108  109  124  124  107  118  116  120  124  137  121  126  140  139   32
ch:  89  115  124  124  124  118  131  120  121  117  117  115  122  119  123  115  110  120  132  114  110  121  122  132  118  122  124  120  131  123  132  136   21
ch:  90  119  117  122  120  118  118  125  118  115  124  124  119  116  118  114  130  119  121  115  111  109  108  119  120  124  125  127  135  120  136  130   39
ch:  91  116  119  131  119  118  118  119  117  133  118  132  121  122  125  121  109  130  121  116  133  124  124  124  131  122  131  125  140  131  138  139   15
ch:  92  107  122  124  115  120  118  106  125  112  116  120  108  117  116  121  117  118  117  118  122  120  114  124  124  132  120  132  120  118  131  125   35
ch:  93  131  115  122  109  126  109  120  127  123  117  115  123  123  116  119  122  118  118  124  121  125  123  122  125  121  117  127  123  125  138  137   16
ch:  94  125  122  118  127  117  120  117  133  114  119  120  108  115  118  115  119  122  116  118  123  108  114  115  125  131  117  121  120  126  123  127   24
ch:  95  123  118  120  122  115  124  108  117  134  114  117  107  119  121  105  118  126  116  122  129  118  117  131  132  137  123  124  125  119  138  142   17
ch:  96  124  125  120  117  118  115  119  124  117  136  115  116  117  120  114  121  123  122  111  126  120  124  121  115  134  131  137  122  123  134  139   26
ch:  97  132  113  117  119  117  127  119  118  120  119  119  133  111  115  124  116  120  115  126  115  116  136  125  131  114  136  123  133  123  127  137   16
ch:  98  119  116  117  122  120  115  131  136  127  118  118  110  124  122  120  125  123  116  129  113  123  116  124  136  117  125  124  122  126  129  127   34
ch:  99  126  124  116  117  117  124  118  124  120  125  121  133  108  114  122  105  125  118  117  117  125  134  119  133  123  124  145  124  130  143  137   22
ch: 100  131  125  120  124  115  105  111  120  117  123  104  117  122  119  116  123  123  120  123  119  114  116  116  124  131  114  126  124  126  125  134   23
ch: 101  120  120  116  115  124  124  122  115  118  120  120  118  120  120  120  120  120  120  116  125  115  108  120  124  118  124  125  139  136  132  138   28
ch: 102  123  121  108  106  124  116  122  119  108  117  116  123  118  108  119  123  111  123  121  124  122  121  120  120  114  114  126  132  137  130  124   26
ch: 103  136  123  125  110  124  116  131  132  120  115  122  126  123  107  118  125  122  118  132  123  117  121   -1  125  132  127  131  126  135  136  142   19
ch: 104  117  132  122  111  117  120  119  124  121  130  130  110  119  123  110  119  115  120  120  122  117  122  119  127  111  131  124  121  138  140  135   37
ch: 105  120  119  116  120  115  118  117  103  110  109  125  122  115  125  121  117  111  114  107  122  114  116  114  122  119  135  123  122  137  132  135   16
ch: 106  120  121  118  122  119  133  117  117  122  121  119  125  118  119  117  119  116  122  118  122  123  119  117  120  108  117  125  136  137  140  135   32
ch: 107  109  117  124  116  120  115  112  119  120  123  122  112  108  119  121  118  125  119  125  133  125  115  111  123  134  117  131  138  136  147  139   17
ch: 108  120  124  115  120  119  119  122  122  105  121  131  123  125  129  111  109  109  133  108  122  116  113  131  130  120  133  126  124  133  136  134   22
ch: 109  119  117  125  116  123  124  118  121  120  114  118  112  130  120  120  122  124  120  117  116  117  122  122  123  120  127  131  124  131  145  140   18
ch: 110  117  111  123  120  123  124  114  116  114  118  115  114  124  122  119  118  119  118  118  116  117  118  121  125  122  121  124  127  136  134  135   31
ch: 111  122  117  120  122  130  119  125  124  113  122  124  121  106  121  123  119  115  107  126  124  131  122  114  132  138  123  124  138  134  138  132   29
ch: 112  131  111  119  117  125  119  124  116  125  114  117  127  124  113  108  109  103  120  113  110  120  122  123  121  125  117  118  131  122  120  138   27
ch: 113  118  117  122  125  118  121  118  135  122  120  118  127  120  123  122  116  111  111  113  117  114  126  136  116  123  133  125  126  131  137  135   16
ch: 114  109  122  120  116  126  111  108  122  113  118  110  117  116  116  109  124  117  108  109  119  108  125  119  125  115  107  120  126  124  127  139   24
ch: 115  115  126  119  121  131  125  113  116  107  121  125  116  119  118  122  120  121  108  124  130  120  125  122  125  127  124  124  126  139  139  132   27
ch: 116  124  119  126  114  114  118  118  107  121  111  122  116  115  122  116  123  120  119  113  116  122  114  124  122  116  118  124  130  125  132  136   31
ch: 117  126  121  120  107  114  132  124  114  110  109  120  119  121  118  120  122  123  126  124  113  116  126  131  119  122  123  121  132  136  141  127   15
ch: 118  117  117  122  123  115  119  117  115  120  120  116  110  115  104  113  121  114  123  127   -1  107  122  121  114  135  120  122  130  135  125  145   24
ch: 119  126  116  118  126  115  108  120  124  118  108  134  119  121  122  117  122  117  120  118  117  110  111  121  126  120  126  133  131  126  137  135   17
ch: 120  117  130  123  119  109  124  120  124  126  118  115  117  126  110  117  110  124  121  121  120  119  114  118  131  124  126  122  130  131  124  134   33
ch: 121  124  119  122  121  121  106  119  120  110  117  119  107  120  124  108  120  124  109  121  122  116  121  117  119  132  130  126  123  125  149  138   20
ch: 122  117  126  117  105  120  119  117  119  110  117  119  123  123  110  117  109  108  117  115  128  120  124  126  115  120  137  124  134  131  126  133   34
ch: 123  118  110  121  123  117  118  119  119  119  123  116  118  123  118  110  116  120  115  120  113  123  123  126  124  120  115  126  139  126  136  139   12
ch: 124  119  116  116  110  118  121  119  110  124  115  118  120  113  125  135  109  118  121  120  120  124  125  122  121  115  131  127  120  125  131  138   23
ch: 125  110  122  119  123  118  116  119  118  130  115  116  116  126  120  121  119  110  107  117  125  121  121  115  122  121  121  118  147  139  141  133   19
ch: 126  118  114  119  115  117  106  104  116  107  114  122  121  111  107  109  120  118  115  122  120  104  116  121  119  120  120  120  115  131  121  134   24
ch: 127  118  123  117  115  111  115  122  109  105  110  115  105  105  116  119  118  110  118  115  120  117  109  123  120  119  136  133  124  130  137  134   16
