# ID XA-000-08-002-000-001-130-09
# Tag _trim_
# Date 240617_13:21:32
# Vref_p 57
# Vref_n 26
# Thr2_glb 38
# Vref_t 118
# Vref_t_range 1
# Pol 1
# ADC range 30-247
# FAST disc 30
ch:   0  125  127  119  119  123  110  121  125  106  116  105  134  116  121  121  117  115  106  107  118  105  107  106  121  118  120  117  111  119  125  119   24
ch:   1  123  120  105  120  118  106  102  104  105  105  109  121   95  103  116  119  105  110  104   99   91  116  100  118  104  117  106  108  113  114  113   34
ch:   2  126  123  119  125  106  119  117  107  118  120  126  108  107   99  105  117  114  115  109  107  117  108  106  104  110  108  121  103  121  117  107   17
ch:   3  105  116  124  125  119  117  119  108  118  117  105  117  120  115  110  103  115   89   94  103  102  105  104  114  105  118  105  107  100  121   92   22
ch:   4  122  106  119  116  121  116  127  119  110  106  107  104  106  106  103  113  110   94  110  115  106  105  116  102  120  115  119  103  109  109  107   22
ch:   5  119  130  107  124  104  115  120  119  104  106  102  119  103  108  105  106  107  114  102  114  102  114  104  102  107  110   95  106  103  118  117   20
ch:   6  125  127  122  121  118  116  107  119  107  110  111  115  101  119  115  104  106  104  116  106  119  111  117  108   -1  106  114  101  111  119  124   29
ch:   7  121  124  119  111  131  119  108  120  118  123  108  103  105  102  105  120  116  115  102   86  104  107  117  114   -1  106  120  109  105  112  102   26
ch:   8  123  120  119  117  106  115  111  120  106  105  104  109  100  109  107  117  102  110   86  107  111  106  104  116  110  106  101  102  120  105  111   25
ch:   9  125  120  124  114  122  110  109  107  116  118  115  122  112  106  103  114  108  106  101  102  102  106  110  106  107  115  109  104  102  115  108   24
ch:  10  119  120  121  116  116  106  121  117  120  101  101  108  109  117  104  108  105  116   99  106  107  115  107  103  118  116  105  106  104  106  107   29
ch:  11  118  118  110  118  117  124  117  119  127  110  115  116  124  118  104  116  106  110  114  107  103   89  115  118  104  106  107  105  116  103  109   28
ch:  12  131  125  120  119  115  114  107  104  102  118  104  124  113  120  102  104  108  107  109  104  105  108  109  115  105  109  116  119   94  110  108   28
ch:  13  125  110  122  117  119  115  118  108  109  120  122   99  114  102  106  105  117  107  115  111   90   90  114  116  102  115  111  111  118  118  111   25
ch:  14  131  117  119  125  125  119  105  115  123  104  113  110  102  104  109  108  115  105  108  109  104  103  107  103  110  109  110  103   98  122  109   28
ch:  15  122  124  118  124  115  116  119  106  118  117  110  103  113   95  105  103  112  106  103  104  106  117  100  106   90  100  117   99  103   94  117   34
ch:  16  121  131  115  119  114  120  100  117  105  122  108  103  115  118  101  114  107  107  103  101  106  101  105   95  102  119  106  108  113  108  119   26
ch:  17  121  136  108  114  110  117  117  120  111  117  103  121  116  116  116  107  102  101  110  105  106  106  117   90  119  112  107  105  104  111  103   23
ch:  18  110  130  130  120  121  121  117  104  110  119  122  105  123  116  110  108  115  115  112  106  109  109  101  104  105  115  117  107  117  117  103   32
ch:  19  104  107  130  124  105  119  117  111  108  118  113   93  109  106  103  120  106  114  118  104  104  105  102  105  108  103  117  121  111  123  116   32
ch:  20  123  125  125  119  115  116  121  116  114  106  120  116  117  111  113  111  105  105  106  107  103  105  100  116  105  117  102  109  106  119  119   32
ch:  21  124  121  119  114  107  117  125  106  116  107  100  116  100  112  107  100  106  109  110   93  109  103  107  116  107  118  119  115  107  109  108   24
ch:  22  118  117  117  116  121  120  107  113  109  107  118  107  109  105  108  101  121  103  110  117  111  114  105  109  105  105  101  107  106  106  108   29
ch:  23  117  117  118  121  108  110  117  118  115  117  117  104  106  117  102  105  104   94   91  104  109  108  102  105  117  123  102  107  107  107  120   37
ch:  24  127  118  117  120  120  125  119  107  116  104  104  122  115  106  106  111  104  105  117  129  106  108  113  116   92  108  104  109  116  117  119   34
ch:  25  110  119  108  126  118  120  121  103  109  106  108  107  124  106  102  107  109  114  108  102  104  105  108  103  104  123  105  117  107  119  121   29
ch:  26  126  122  121  116  106  119  114  114  106  119  115  104  120  106  110  108  108   90  117  114  116  116  104  104  117  115  105  110  121  105  108   26
ch:  27  126  118  121  125  123  101  116  124  107  102  114  109  105  104  122  107  116   99   99  109  101   94  118  106  109  117  113  107  114  121  104   33
ch:  28  123  109  117  117  103  122  119  114  114  119  106  119  104  121  110  102  117   95  109  105  102  122  105  103  107  108  106  105  103  105  121   41
ch:  29  119  120  123  117  123  116  106  117  114  120  100  104  114  111  104  104  116   94  107  115  115  101  102  104  105  103  107  114  101  111  116   40
ch:  30  125  125  122  124  120  123  110  106  105  118  131  121  108  115  101  104  103  102  119  105  108  116  106   95  116  105  106  110  104  116  116   29
ch:  31  123  123  119  131  117  109  110  106  115  110  101  113  102  105  106   92  106   92   87   95  118   91  101   91  102   91   92  101  107   94  108   27
ch:  32  123  121  124  108  106  120  119  107  125  122  117  117  121  120  107   98  104  121  117  102  105  122  110  117  125  103  101  120  101  116  113   23
ch:  33  131  122  120  119  130  118  116  119  104  115  104  107  100  117  102  102   94  108  106  101  101  106  115  122  105  116  102  107  106  131  118   42
ch:  34  133  122  125  126  130  121  119  123  119  115  115  118  116  104  118  118  115  115  101  118  109  103  110  118  115  102  110  121  122  121  120   28
ch:  35  126  118  114  130  118  120  110  110  117  116  115  116  102  114  114  101  111  105  106  103  105  109  119  106  107  106  105  100  109  115  108   38
ch:  36  123  123  132  109  107  102  111  105  118  107  118  107  107  119  110  118  112  108  104  115  108  105  105  120  105  104  101  103  102  123  121   16
ch:  37  125  131  122  116  124  129  104  122  107  116  116  120  116   99  107  109  107  104   99  104  107  101  103  105  101  103  111  106  117  106  116   46
ch:  38  123  120  120  121  121  113  125  120  108  115  117  108  114  121  114  117  110  106  110  115  105   92  118  117  114  108  119  114  102  104  119   28
ch:  39  122  121  120  114  106  124  119  120  120  120  112  114  101  107  107  119  122  102   86  107  100  107  106  116  107  115  121  100  121  107  114   37
ch:  40  122  124  126  132  122  119  109  110   99  118  103  113  107  119  106  103  116  114  121  107  119  110  108  123  117  124  120  105  107  118  115   22
ch:  41  121  122  117  123  132  108  107  121  116  119  112  107  117  110  118  107  101  116  108  105  105  102  109  101  115  116  116  113  109  119  101   42
ch:  42  125  117  118  116  116  119  122  115  118  105  117  123  106  126  111  111  111   94  106  106  111  102  106  104  116  118  117  109  119  102  108   38
ch:  43  125  114  121  118  104  125  116   -1  119  105  108  106  107  106  108  112  105  107  104  103  106  116  107  108  100  106  113  109  116  105  100   44
ch:  44  126  123  121  121  131  106  106  123  122  116  106  116  118  117  127  106  113  102  105  105   92  107  108  116  108  120  105  125  104  111  108   24
ch:  45  122  124  117  121  134  125  117   -1  125  105  114  119  110  110  110  120   95  118   99   97  101  107   98  122  107  113  116  105  110  102  104   35
ch:  46  132  137  135  108  119  110  125  104  103  112  107  118  105  118   98  103  115  120  119  108  107  103  104   92  109  116  114  104  116  106  121   26
ch:  47  121  121  123  115  124  112  116  116  117  119  103  106  117  107  105  103  108   99  110  100  102  104  106  109  108  105  105  122  115  105  105   40
ch:  48  130  120  133  129  121  116  109  116  120  120  106  119  106  105  108  101  118  105  106  110  119  100  115  107  110  107  106  106  120  114  104   31
ch:  49  130  136  119  117  106  119  105  115  111  107  117  121  115  117  116   93  114  106  102  100  118  109   89  107  108  118  115  119  108  121  117   46
ch:  50  122  116  123  119  114  125  133  108  108  108  106  107  120  106  104  110  103  107  106  110  103  116  109  117  102  114  106  117  110  106  118   28
ch:  51  121  123  116  123  107  118  107  114  115  116  110  103  116  104  116  107  118  103  109  100  103  101  108  119  116  106  114  117  121  107  119   39
ch:  52  124  121  127  138  105  118  106  116  130  115  113  115  113  115  106  119  105  103  104  120  111  106  113  107  100  110  106  115  116  118  103   27
ch:  53  125  137  121  127  125  120  105  123  118  120  118  111  104  104  119  101  108  109  109  111  101  106  110  104  113  107  119  108  121  116  125   37
ch:  54  119  109  123  122  124  121  104  105  123  121  110  116  100  114  114  100  107  110  103  106  114  108  105  107  114  103  101  107  108  107  100   29
ch:  55  118  124  120  122  125  120  109  109  125  113  108  115  117  101  105  101  106  108  107  100  122  106  106  106  108  104  104  107  109  119  107   49
ch:  56  116  121  125  118  118  120  115  120  119  119  105  118  108  117  105  115  115  110  107  107  114  108  103  110  108  112  107  114  118  118  115   34
ch:  57  129  116  117  116  124  120  120  118  101  111  120  122  107  106  117  104  119  108  107  104  109  106  101  103  108  105  109  116  110  113  118   53
ch:  58  124  130  120  120  126  104  120  106  122  105  106  105  118  116  105  111  110  119   93  105  125  108  101  108  118  111  108  114  118  108  125   28
ch:  59  124  135  119  124  117  120  116  114  115  104  118  118  102  103  118   98  103  100  105  105  106  106  104  117   98  111  117  119  115  113  104   48
ch:  60  126  124  127  117  127  116  119  122  119  126  117  116  118  118  121   99  101  115  120  115  111  102  102  115  117  109  112  105  119  121  111   44
ch:  61  120  117  119  106  123  123  109  119  107  100  106  104  101  122  105  111  118  115  107  107  106  107  107  109  107  101  104  104  109  119  118   56
ch:  62  123  123  115  133  120  105  117  114  123  115  114  106  101  101  111  106  106  103  117  109  108  118  107  105  103  109  102   99  106  121  108   45
ch:  63  124  131  132  120  119  124  126  102  118  110   99  100  105  114  107  102  109   94  122  100  110  116  117  109  103  106  116  108  119  114  118   51
ch:  64  121  124  123  126  117  133  118  122  118  119  118  132  115  107  113  117  108  121  115  108  108  132  100  116  109  109  114  121  116  118  122   34
ch:  65  116  124  129  107  114  119  110  124  106  107  115  115  100  103  115  118  113  109  101  113  107  109  105  106  106  109  109  102  114  106  105   45
ch:  66  125  129  127  102  122  121  119  115  110  121  119  124  122  101  120  101  102  103  100  101  103  118  106  107  117  115  108  117  109  109  120   24
ch:  67  115  129  122  125  120  105  121  119  114  117  119  106  119  108  104  117  115  120  116  110  107  124  113  120  103  106  116  115  115  127  120   44
ch:  68  122  122  121  126  108  118  126  124  119  118  103  120  105   99  102  108  118  118  100   91  116  116  121  102   94  102  111  117  115  116  111   51
ch:  69  139  120  123  108  121  119  108  116  115  121  114  116  102  113  107  108  109  102  115  113  110  103  106  102  106  106  106  101  114  118  110   46
ch:  70  119  130  123  121  110  118  118  116  122  122   99  114  110  110  110   94  108  113  105  103  119  104  119  116  109  105  116  114  129  117  115   44
ch:  71  118  120  115  115  121  120  117  114  106  117  102  105  118  118  109  101  109  110  116  105  101  105   95  119  111  116  105  109  114  120  103   42
ch:  72  125   -1  122  119  124  125  125  118  122  107  116  108  117  100  119  117  113  108  105  106   88  106  109   90  104  103  108  115  129  104  105   32
ch:  73  122  125  122  133  119  107  131  109  101  119  107  109  117  114  105  115  106  104  105  119   99  102  108  129  107   99  112  119  109  120  107   56
ch:  74  121  123  135  125  113  107  119  121  104  116  109  110  105  113  110  114  109  102  101  111  106  115  107  109  100  121  101  120  122  119  111   39
ch:  75  123  118  117  118  115  123  105  106  122  105  114  108  107  112  117  105  106  115  106  107  120  106  108  105  105  101  118  124  119  114  118   50
ch:  76  122  129  113  124  127  127  117  120  111  119  105  103  115   94  115  107  105  119  113  104  107  106  105  109  107  124  107  106  123  104  108   42
ch:  77  121  117  117  123  122  126  118  121  120  105  114  117  102  108  114  106  102   99   92  104  104  117  116  103  109  102  103  105  101  119  118   52
ch:  78  122  118  122  125  120  116  108  119  110  107  121  115  121  119  107  113  116  104  108  118  107  108   99  104  127  119  118  107   -1  105  124   30
ch:  79  124  127  110  125  124  124  118  122  104  117  117  110  114  114  104  106  111  104  106  104  106  118  105  109  115  106  122  109  116  117  117   56
ch:  80  119  109  124  132  117  117  117  122  116  117  109  107  114  104   98  124  115  104  106  113  104   98  107  107  106  101  104  111  110  118  117   29
ch:  81  124  120  127  125  117  118  109  117  125  122  103  125  109  115  118  109  105  113  109  117  108  110  102  110  101  115  107  117  111  113  118   41
ch:  82  132  122  123  124  116  123  114  117  119  110  118  116  107  105  127  107  108  107  117   93  103  108  106  116  101   99  115  117  108  123  109   29
ch:  83  131  133  134  121  119  117  121  103  115  109  121  114  116   93  108  103  113  118  105  108  111  102  105  108   -1  107  104  119  119  115  119   22
ch:  84  115  123  121  120  116  121  120  117  118  107  106  107  105  115  106  102  118  106  108  118  116  106  108  119  109  107  105  103  120  120  121   45
ch:  85  123  121  114  115  115  108  116  129  118  104  111  105  105  100  118  112  105  115  103  117   91  104  106  101  102  104  107  119  116  121  122   52
ch:  86  132  127  116  123  120  109  121  110  114  119  109  114  135  116  127  105   89  117  101  107  103  102  108  107  105  108  101  106  107  118  117   36
ch:  87  126  120  137  110  110  115  134  123  118  104  109  102  117  121  106  104  105  109  101  107   99  118  115  118  107  106  115  103  123  113  102   45
ch:  88  120  124  119  132  133  120  122  122  122  118  108  116  117  108  115  123  108   99  101  108  119  103  109  118  109  124  115  126  118  108  110   35
ch:  89  132  118  106  115  125  120  117  119  113  133  114  106  113  105  107  100  106  117  100  107  107  106  104  108  103  106  104  107  104  116  122   54
ch:  90  124  110  131  108  121  120  113  118  110  106  117  113  116  110  110  115  106   92  104  111  103  100  109  110  104  116   99  104  109  115  115   35
ch:  91  131  114  127  121  118  107  110  105  107  119  118  103  106  107  120  106  107  117  112  100  115  116  100  114  120  117  105  108  121  117  117   54
ch:  92  110  116  119  125  111  116  116  120  114  116  118  117  104  116  115  113  104  111   -1  114   94  103  104  101  114  102  107  105  108  107  108   35
ch:  93  132  133  117  120  129  108  125  119  124  117  107  117  113  108  132  118   95  106  108   99   95  111  106  117  115  116  110  124  121  104  116   48
ch:  94  140  130  117  118  124  127  122  118  114  121  110  116  105  104  117  102  103  103  113  116  103  106  107  104  105  122  106  119  106  105  120   33
ch:  95  127  126  124  117  121  119  124  115  114  119  127  109  122  116  115  104  114  112  102  110  104  106  105  118  107  123   -1  108  120  104  117   46
ch:  96  121  134  126  123  121  116  108  117  111  119  120  103  115  100  107  122  108  102  101  108  103  117  100  107  107  103  106  104  108  103  110   28
ch:  97  117  123  107  104  118  108  117  121  115  107  119  108  117  108  108  102  104  101  106  105  111  116  107  122  113  118  118  102  117  126  118   44
ch:  98  123  123  106  129  115  120  116  111  114  115  109  114  107  105  114  119  106  118  116  115  102  108  118  103  117  116  107  101  105  118  118   36
ch:  99  121  117  116  122  119  122  122  118  115  120  109  122  103  107   99  101  117  109  107  108  118  105  106  120  100  108  116  105  118  118  115   41
ch: 100  127  132  115  123  116  120  120  117  125  114  106  117  105  102  117  117  103  101  102  113  104  106  108  103  101  111  107  120  116  110  114   34
ch: 101  120  123  130  118  120  124  103  119  113  116  108  115  109  115  116  112  119  115  116  106  102  115  105  118  110  122  108  113  118  119  104   46
ch: 102  114  125  126  119  126  119  122  107  104  123  102  105  115  119  103  109  103  108  105  104  105  117   99  100   99  118  110  103  106  107  114   29
ch: 103  123  126  123  108  107  121  115  105  121  106  115  108   92  115  105  108  105   98  116  116  106  109  109  105  107  113  114  121  109  109  116   39
ch: 104  121  132  124  118  121  121  120  122  116  109  114  117  117  119  123  107  106  103  120  108  106  104  106  115  105  109  123  116  100  123  117   34
ch: 105  123  107  131  126  120  114  104  119  114  105  110  104  106  104  108  106  109  107  120  115  105  106  107  101  114  109  118  121  113  119  117   40
ch: 106  116  127  133  136  124  118  107  124  104  100  120  105  117  124  116  101  100  106  102  111  105  104  107  106  115  110  119  111  106  106  118   25
ch: 107  118  121  107  118  119  110  118  123  108  110  111  107  108  115  105  105  108  103  104  119  119   98  101  108  103   94  118  105  118  122  120   45
ch: 108  118  121  121  119  121  107  118  117  111  114  121  108  104  120  110  105  115  111  109  104  113  115  117  116  119  112  119  103  110  108  117   29
ch: 109  116  130  119  106  123  116  118  109  118  117  114  124   99  120   93  109  105  101  102   98  107  108  101  107  101  108  106  118  118  102  118   47
ch: 110  122  109  122  115  121   99  119  122  116  112  118  112  107  108  104  102  115  104  104  124  103  106  100  103  107  114   99  101  116  108  107   34
ch: 111  125  123  124  118  124  123  120  109  116  131  117  122  115  113  122  101  105  109  117  116  105  106  111  104  114  118  114  105  122  104  116   40
ch: 112  117  131  120  124  108  124  111  119  118  119  106  116  116  116  123  109  100  106  117  119  117  117  110  118  104  108  103  109  115  118  124   20
ch: 113  131  117  130  121  122  118  116  118  118  105  106  118  110  108  101   94  111  106  115  115  106  104  104  105  105  114  120  116  107  109  117   38
ch: 114  117  122  125  126  122  123  117  108  116  115  108  125  120  107  114  123  107  119  100  104  115  116  106  114  108  106  120  115  101  106  116   22
ch: 115  123  121  130  123  124  109  124  110  114  108  105  109  107  105  123  106  120  105  107  109  117  101  117  109  107  107  116  116  107  122  118   41
ch: 116  118  132  120  119  116  122  129  116  117  113   99  104  104  108  105  107  120  115  118  116  116  103  119  116  104  110  125  101  117  111  105   17
ch: 117  121  133  122  125  125  128  120  106  114  109  107  114  105  120  100  109  104  107  110  106  108  101   92   93  100  105  100  109  105  115  116   37
ch: 118  119  127  133  117  127  120  120  118  130  119  122  107  106  107  122  109  117  102  104  107  108  106  104  104  102  115  106  115  100  105  117   25
ch: 119  119  120  124  122  114  119  124  114  114  103  119  117  119  117  115  119  119  118  106  105  115  117  115  117  102  115  118  120  126  117  125   41
ch: 120  115  119  108  126  117  124  121  122  127  121  118  111  119  108  109  107  111  109   99  113  102  119  103  106  107  105  110  111  103  108  101   15
ch: 121  110  133  122  118  136  115  116  118  111  127  117  113  120  106  113  109  107  110  119  107  102  123  114  106  104  106  106  108  107  122  101   36
ch: 122  125  127  126  134  118  120  118  119  111  117  119  121  113  103  108  101  111  120  100  106  115  116  112  109  101  110   93  111  116  101  107   22
ch: 123  117  136  120  120  118  125  122  119  123  109  110  118  117  117  121  110  105  106  102  107  109   99  116  103  108  101  105  116  112  108  103   38
ch: 124  117  120  124  117  135  117  117  120  121  126  120  105  116  121  116  104  117  104  109  101  115  115  108  122  119  109  130  108  110  108  117   12
ch: 125  125  124  134  126  131  123  121  114  123  115  127  105  117   92  120  108  109  103  119  111  117  105  119  110  109  106  120  115  107  116  116   39
ch: 126  126  126  136  123  124  123  118  119  118  109  105  103  121  109  110  103  113  120  104  109  116   99   92  109  108  103  106  121  116  114  116   13
ch: 127  120  136  135  122  121  109  115  122  118  118  120  110  130  106  101  123  108  119  106  108  106  110  115  107  100  121  107  117  119  121  120   30
