ch    0:      0     0     0     0     0     0     0     0     0     0     0     0     0     0     0     0     0     0     0     0     5    61   576  2107 12918  8783  5416  4828  8773  9900 12394 12886
ch    1:      0     0     0     0     0     0     0     0     0     0     0     0     0     0     0     0     0     0     0     1    14   102   652  2933 10949 12583 12987  8805 10857 11152 12222 13160
ch    2:      0     0     0     0     0     0     0     0     0     0     0     0     0     0     0     0     0     0     0     0     0     0     0     0     0     0     0     0     0     0 15463     0
ch    3:      0     0     0     0     0     0     0     0     0     0     0     0     0     0     0     0     0     0     0     2     9    47   615  2996 12899  9508  7482 14240 10186  7529  9561 12489
ch    4:      0     0     0     0     0     0     0     0     0     0     0     0     0     0     0     0     0     0     0     0     4    55   354  3283 13248 13185  7130 12216 13275  9479  9731 11612
ch    5:      0     0     0     0     0     0     0     0     0     0     0     0     0     0     0     0     0     0     0     1    11    92   499  3906 11377  9603  8702 10798  8689 11367  9269  6938
ch    6:      0     0     0     0     0     0     0     0     0     0     0     0     0     0     0     0     0     0     0     0     6    52   555  2417 12698 11908 12416 14297 13989  6235 10087 12600
ch    7:      0     0     0     0     0     0     0     0     0     0     0     0     0     0     0     0     0     0     0     2     6    88   682  7415 12702  8604  5851  9015 12944 13741 13001  7460
ch    8:      0     0     0     0     0     0     0     0     0     0     0     0     0     0     0     0     0     0     0     0     6    57   468  3911 12506 12717  8960 11288  9926 13927 12256  6498
ch    9:      0     0     0     0     0     0     0     0     0     0     0     0     0     0     0     0     0     0     0     0     5    53   568  5050  4596  8320 11049 10012 11233 14756 14093 12061
ch   10:      0     0     0     0     0     0     0     0     0     0     0     0     0     0     0     0     0     0     0     0     3    62   693  3690  4182  9470  8932  7166 10323 10506  7791  6420
ch   11:      0     0     0     0     0     0     0     0     0     0     0     0     0     0     0     0     0     0     0     1     6   116   666  6085  3941 10695 11844 10034 10090  9079  9761  7220
ch   12:      0     0     0     0     0     0     0     0     0     0     0     0     0     0     0     0     0     0     0     1     4    63   730  7613 10139 10262  9778 10119 10207  7349 10815 10225
ch   13:      0     0     0     0     0     0     0     0     0     0     0     0     0     0     0     0     0     0     0     0     5   127  1125  6338 10702 11583 14115  8636 10513  8647 12442  6192
ch   14:      0     0     0     0     0     0     0     0     0     0     0     0     0     0     0     0     0     0     0     0     2   106   659  6333  9947  4914  9950 10375  9947 11048 10354 10701
ch   15:      0     0     0     0     0     0     0     0     0     0     0     0     0     0     0     0     0     0     0     0     9   149  1219  6898 13801 12533 10490 15287 13770  9450  7719  9429
ch   16:      0     0     0     0     0     0     0     0     0     0     0     0     0     0     0     0     0     0     0     0     7    67  1187  7560  8357 11863 15071 10744  9596 10664 12602 11489
ch   17:      0     0     0     0     0     0     0     0     0     0     0     0     0     0     0     0     0     0     0     0     0     0     4   146  1941  9181  9671  6391 10346 13448 11311  9949
ch   18:      0     0     0     0     0     0     0     0     0     0     0     0     0     0     0     0     0     0     0     0     0     0     3   120  1518 12127  9080  9851  9711  8435 10182 10054
ch   19:      0     0     0     0     0     0     0     0     0     0     0     0     0     0     0     0     0     0     0     0     0     0     8   184  1986  3345 11841 11420 13652 10383 14067  8796
ch   20:      0     0     0     0     0     0     0     0     0     0     0     0     0     0     0     0     0     0     0     0     0     0     8   127  1750 14187 12136 11168 14171 10196 10902 11790
ch   21:      0     0     0     0     0     0     0     0     0     0     0     0     0     0     0     0     0     0     0     0     0     0    14   172  2254  5380  8355  8855  6897 12514  9212 10162
ch   22:      0     0     0     0     0     0     0     0     0     0     0     0     0     0     0     0     0     0     0     0     0     0     4    87  1372  9207  9630 12534 11738  8249  9605 11417
ch   23:      0     0     0     0     0     0     0     0     0     0     0     0     0     0     0     0     0     0     0     0     0     2    13   254  3303  3928  9038 14870 13337  7312 14097  6339
ch   24:      0     0     0     0     0     0     0     0     0     0     0     0     0     0     0     0     0     0     0     1     1     1     5   159  1967 12537  6570 10045 16462 10286  6317  3262
ch   25:      0     0     0     0     0     0     0     0     0     0     0     0     0     0     0     0     0     0     0     0     0     0    12   222  3165  8020 12216 16523  8219 13081  4669  8248
ch   26:      0     0     0     0     0     0     0     0     0     0     0     0     0     0     0     0     0     0     0     0     0     0     3    84  1537  4580 11326  3517 11458 11155  9268  8431
ch   27:      0     0     0     0     0     0     0     0     0     0     0     0     0     0     0     0     0     0     0     0     0     2    14   252  4211 14355 10991  7008 14342 10964 12319 10353
ch   28:      0     0     0     0     0     0     0     0     0     0     0     0     0     0     0     0     0     0     0     0     0     0     4   136  2164  8199 13983  7195 11510 16407 12662  9095
ch   29:      0     0     0     0     0     0     0     0     0     0     0     0     0     0     0     0     0     0     0     0     0     1    18   189  3198 14689 12380 13304  6387  6160 14893  9050
ch   30:      0     0     0     0     0     0     0     0     0     0     0     0     0     0     0     0     0     0     0     0     0     0     3   130  2098 11999  9246 10326  9704  5294  8698  4160
ch   31:      0     0     0     0     0     0     0     0     0     0     0     0     0     0     0     0     0     0     0     0     0     1    11   462  4729  8001  5737 11209  8912 13906  9138 12739
ch   32:      0     0     0     0     0     0     0     0     0     0     0     0     0     0     0     0     0     0     0     0     0     2    11   135  3321  6365 12448 10862 10985 12227  8338  8203
ch   33:      0     0     0     0     0     0     0     0     0     0     0     0     0     0     0     0     0     0     0     0     0     1    18   233  2992 16421 11663 13666  6967  9593 13440  9211
ch   34:      0     0     0     0     0     0     0     0     0     0     0     0     0     0     0     0     0     0     0     0     0     1    10   186  2513  6952 15566 11434 11469 10085  8176  8147
ch   35:      0     0     0     0     0     0     0     0     0     0     0     0     0     0     0     0     0     0     0     0     0     0    14   295  5395 17064  8584  9059  6850  8761 10803 11735
ch   36:      0     0     0     0     0     0     0     0     0     0     0     0     0     0     0     0     0     0     0     0     0     0    13   293  3454 11184 15484  4002 13283 13890 13289 10170
ch   37:      0     0     0     0     0     0     0     0     0     0     0     0     0     0     0     0     0     0     0     0     0     2    16   334  4287  7646 11622  9474 17057 15664  6380 13194
ch   38:      0     0     0     0     0     0     0     0     0     0     0     0     0     0     0     0     0     0     0     0     0     0    15   166  2846  8810  7611 12348  9396  9574 11553 15238
ch   39:      0     0     0     0     0     0     0     0     0     0     0     0     0     0     0     0     0     0     0     0     0     2    19   373  4198  6426  9877 15083 11135 10915 12445 10703
ch   40:      0     0     0     0     0     0     0     0     0     0     0     0     0     0     0     0     0     0     0     0     0     0    11   292  3900  5848  5612  6749  4890 10525  6212  3976
ch   41:      0     0     0     0     0     0     0     0     0     0     0     0     0     0     0     0     0     0     0     0    17     1    22   375  6232  5986  9506  6242  9208  9902 13443 10428
ch   42:      0     0     0     0     0     0     0     0     0     0     0     0     0     0     0     0     0     0     0     0     0     0    15   303  5037  9151 10282 10503 12581 11294 11544 15070
ch   43:      0     0     0     0     0     0     0     0     0     0     0     0     0     0     0     0     0     0     0     0     0     0    29   376  4598  6703  9828  9742 11591 13365  9931 12916
ch   44:      0     0     0     0     0     0     0     0     0     0     0     0     0     0     0     0     0     0     0     0     0     1    16   270  6928 10601  9706 11082  7569  9854 11959 18317
ch   45:      0     0     0     0     0     0     0     0     0     0     0     0     0     0     0     0     0     0     0     0     0     1    19   514  6165 15170 11002 10710 13046 13661 10981 11097
ch   46:      0     0     0     0     0     0     0     0     0     0     0     0     0     0     0     0     0     0     0     0     0     1    14   265  3443 10445  8971  9226  7560 12015 12520  7750
ch   47:      0     0     0     0     0     0     0     0     0     0     0     0     0     0     0     0     0     0     0     0     0     0    32   575  6684 13773  9546  9959 14583 10945 10620  8423
ch   48:      0     0     0     0     0     0     0     0     0     0     0     0     0     0     0     0     0     0     0     0     0     1    24   398  6640  5914 10350 12290  8719 12523 14223  4868
ch   49:      0     0     0     0     0     0     0     0     0     0     0     0     0     0     0     0     0     0     0     0     0     0    18   352  3728 10611 10169 12029  9142 16888 11921  9676
ch   50:      0     0     0     0     0     0     0     0     0     0     0     0     0     0     0     0     0     0     0     0     0     2    56   561  8071 10696 10822  4360  7814  7331  6735  8273
ch   51:      0     0     0     0     0     0     0     0     0     0     0     0     0     0     0     0     0     0     0     0     0     0     7   545  5474  6418  6885 12759  5172  7842 11088 13129
ch   52:      0     0     0     0     0     0     0     0     0     0     0     0     0     0     0     0     0     0     0     0     0     1    16   453  6791 12323 12595 16209  8096  9777 10695  6533
ch   53:      0     0     0     0     0     0     0     0     0     0     0     0     0     0     0     0     0     0     0     0     0     0    18   494  7710 14383 11655  9648  9573 11828 10556 10310
ch   54:      0     0     0     0     0     0     0     0     0     0     0     0     0     0     0     0     0     0     0     0     0     1    29   531  7702  9612  3842  9104  7224 13459  9128  5287
ch   55:      0     0     0     0     0     0     0     0     0     0     0     0     0     0     0     0     0     0     0     0     0     0    27   640  7618  8495  7396 12409  8698 14655  6156 10436
ch   56:      0     0     0     0     0     0     0     0     0     0     0     0     0     0     0     0     0     0     0     0     0     0    10   373  7109 10286 13897  7544 11529  8949  6174  6926
ch   57:      0     0     0     0     0     0     0     0     0     0     0     0     0     0     0     0     0     0     0     0     0     2    37   598  7304  9751 11497 10727 14120 10571  6606 10786
ch   58:      0     0     0     0     0     0     0     0     0     0     0     0     0     0     0     0     0     0     0     0     0     0    20   356  6484 14436  8588 11466 11505 12608 10675  2778
ch   59:      0     0     0     0     0     0     0     0     0     0     0     0     0     0     0     0     0     0     0     0     0     2    51   569  8239  6404 14427 12249 12659  8111  8644  9689
ch   60:      0     0     0     0     0     0     0     0     0     0     0     0     0     0     0     0     0     0     0     0     0     0    20   409  7403  8549  6801  7585  6959 10461 14214  6871
ch   61:      0     0     0     0     0     0     0     0     0     0     0     0     0     0     0     0     0     0     0     0    20     0    35   512  5376 12006 10636  7592 12354 13774 14288 10031
ch   62:      0     0     0     0     0     0     0     0     0     0     0     0     0     0     0     0     0     0     0     0     0     2    31   433  7161  9310 11864  9477 12253 11337  8985 17621
ch   63:      0     0     0     0     0     0     0     0     0     0     0     0     0     0     0     0     0     0     0     0     0     0    39  1003  8547 13126 13609 10826 11180 11393 10147 11833
ch   64:      0     0     0     0     0     0     0     0     0     0     0     0     0     0     0     0     0     0     0     0     0     1    28   567  8990 13396 14633 11106  8831  9583  5742  2144
ch   65:      0     0     0     0     0     0     0     0     0     0     0     0     0     0     0     0     0     0     0     0     0     0    32   581 11039 13500 10625  8057  6941  9349 11535  6295
ch   66:      0     0     0     0     0     0     0     0     0     0     0     0     0     0     0     0     0     0     0     0     0     0    23   316  6491  6824 10024 13206  8518 10650  7434  4864
ch   67:      0     0     0     0     0     0     0     0     0     0     0     0     0     0     0     0     0     0     0     0     0     1    36  1144 10436  6187 10957  8642  9032  8158  8653  7240
ch   68:      0     0     0     0     0     0     0     0     0     0     0     0     0     0     0     0     0     0     0     0     0     0    21   558  8983 15296  8659 12768 10541  7730  9972 12058
ch   69:      0     0     0     0     0     0     0     0     0     0     0     0     0     0     0     0     0     0     0     0     0     2    66  1166 12812  4783  7037 11565 13995  8668 14884 12675
ch   70:      0     0     0     0     0     0     0     0     0     0     0     0     0     0     0     0     0     0     0     0     0     2    34   325  8891 11755  7211  9077 10700  8849 11317 11687
ch   71:      0     0     0     0     0     0     0     0     0     0     0     0     0     0     0     0     0     0     0     0     0     1    37   764  8393  9891 14059 12397 11214 13800  9610  8100
ch   72:      0     0     0     0     0     0     0     0     0     0     0     0     0     0     0     0     0     0     0     0     0     0    36   549 13652 12046  5855 12283 11373  5061 11307  8448
ch   73:      0     0     0     0     0     0     0     0     0     0     0     0     0     0     0     0     0     0     0     0     0     1    38  1238 13256 10664 13611 11562  6107  9801  9074 11218
ch   74:      0     0     0     0     0     0     0     0     0     0     0     0     0     0     0     0     0     0     0     0     0     4    59   655 11685  6900 13009  9228  7765  5969 12804  7248
ch   75:      0     0     0     0     0     0     0     0     0     0     0     0     0     0     0     0     0     0     0     0     0     4    87   968 13348  9382  4935  9389  7806  5368  9774 11284
ch   76:      0     0     0     0     0     0     0     0     0     0     0     0     0     0     0     0     0     0     0     0     0     0    47   850  9037  4240  5255 13086 10703 10262  7144 11875
ch   77:      0     0     0     0     0     0     0     0     0     0     0     0     0     0     0     0     0     0     0     0     0     0    60   977 13820  9783 11002  6359  7527  8851  6570  7636
ch   78:      0     0     0     0     0     0     0     0     0     0     0     0     0     0     0     0     0     0     0     0     0     0    56   512  9466  3471 10017  8985 12172  9034 12446 15110
ch   79:      0     0     0     0     0     0     0     0     0     0     0     0     0     0     0     0     0     0     0     0     0     2    53   775 10651 10866  8297 10782 16377  7527 11882  9582
ch   80:      0     0     0     0     0     0     0     0     0     0     0     0     0     0     0     0     0     0     0     0     0     7    54   767 13766  4458 11119  7790 10732 10749  7115  4581
ch   81:      0     0     0     0     0     0     0     0     0     0     0     0     0     0     0     0     0     0     0     0     0     2    57  1083 16401 12366 12250 10287 14234  9351 13142  7852
ch   82:      0     0     0     0     0     0     0     0     0     0     0     0     0     0     0     0     0     0     0     0     0     1    36   615  5301  9603  9257 10559  8971  7720 12729 15568
ch   83:      0     0     0     0     0     0     0     0     0     0     0     0     0     0     0     0     0     0     0     0     0     2    94  1476 13928  8487 14543  6174 12359 10024 16874  7934
ch   84:      0     0     0     0     0     0     0     0     0     0     0     0     0     0     0     0     0     0     0     0     0     3    30   781 11847 11244 13987 10051 11921  7798  8765  6667
ch   85:      0     0     0     0     0     0     0     0     0     0     0     0     0     0     0     0     0     0     0     0     0     0    49   742 15679 10242 11994  8248 11628 16656 11264 10697
ch   86:      0     0     0     0     0     0     0     0     0     0     0     0     0     0     0     0     0     0     0     0     0     4    33   479  9459  9373 12156  8403 13263  6892  9541  7036
ch   87:      0     0     0     0     0     0     0     0     0     0     0     0     0     0     0     0     0     0     0     0     1     5    57  1087 11119 14632 11186  8367 13312  6638 11210 12974
ch   88:      0     0     0     0     0     0     0     0     0     0     0     0     0     0     0     0     0     0     0     0     0     2    49   456 12218  3753  5334 13367  8374 13765 10659 11183
ch   89:      0     0     0     0     0     0     0     0     0     0     0     0     0     0     0     0     0     0     0     0     0     3    60  1032 17608  7147  8387 14118  9009  9738 11742  7284
ch   90:      0     0     0     0     0     0     0     0     0     0     0     0     0     0     0     0     0     0     0     0     0     0    41   698  9947 15123  8420 11418 10040  6586 11818  4802
ch   91:      0     0     0     0     0     0     0     0     0     0     0     0     0     0     0     0     0     0     0     0     0     1    79   633 14890  7597 11718 11638  9627 12481  7291  9013
ch   92:      0     0     0     0     0     0     0     0     0     0     0     0     0     0     0     0     0     0     0     0     0     0    36   928 10188 15303  5527 11505  9675  8543 15502  7595
ch   93:      0     0     0     0     0     0     0     0     0     0     0     0     0     0     0     0     0     0     0     0     0     2    32   763 14324 15066  6155 15516 11614  3823  9221 10827
ch   94:      0     0     0     0     0     0     0     0     0     0     0     0     0     0     0     0     0     0     0     0     0     3    56   619 10589  5017 11675  9520  9177  7986  9726  3121
ch   95:      0     0     0     0     0     0     0     0     0     0     0     0     0     0     0     0     0     0     0     0     0     0    61   872 12524 11736  9343 15094  8666  9285 15471  9631
ch   96:      0     0     0     0     0     0     0     0     0     0     0     0     0     0     0     0     0     0     0     0     0     0    38   578  6432 10486  8370  8742  8398  9809 12907  4525
ch   97:      0     0     0     0     0     0     0     0     0     0     0     0     0     0     0     0     0     0     0     0     1     4    84  1195 13924 10557 10004 11850 10638 15120  8003  7374
ch   98:      0     0     0     0     0     0     0     0     0     0     0     0     0     0     0     0     0     0     0     0     0     1    28   590  9423  6422  8760 13696  5554  7656 10133 12314
ch   99:      0     0     0     0     0     0     0     0     0     0     0     0     0     0     0     0     0     0     0     0     0     4    94   962 15864 10369 10723  9057 12344  6262  7253 10436
ch  100:      0     0     0     0     0     0     0     0     0     0     0     0     0     0     0     0     0     0     0     0     0     1    34   770  8327  3690 14832 11052  8427  9323 12939 12569
ch  101:      0     0     0     0     0     0     0     0     0     0     0     0     0     0     0     0     0     0     0     0     0     0    73  1559 13092 10246 11499  6942  9983  9478 10359  7644
ch  102:      0     0     0     0     0     0     0     0     0     0     0     0     0     0     0     0     0     0     0     0     0     2    24   419  6870 14844 10079 11756  8972 12207 16046  3198
ch  103:      0     0     0     0     0     0     0     0     0     0     0     0     0     0     0     0     0     0     0     0     0     3    65  1521  9531 13597 11688 13064 16283 14328  7661  9375
ch  104:      0     0     0     0     0     0     0     0     0     0     0     0     0     0     0     0     0     0     0     0     0     1    26   770 11889 15801 16937  9782  6810  8718 10712  8900
ch  105:      0     0     0     0     0     0     0     0     0     0     0     0     0     0     0     0     0     0     0     0     1     5   123  1245 15134  7993  8198 10055 11764 12351  8319  6218
ch  106:      0     0     0     0     0     0     0     0     0     0     0     0     0     0     0     0     0     0     0     0     0     1    60   500 11111 11908  8826  7604 12932  9784 13762 12360
ch  107:      0     0     0     0     0     0     0     0     0     0     0     0     0     0     0     0     0     0     0     0     0     3    75  1341 15686 14257  8611 11363 10235 14946 15537  8735
ch  108:      0     0     0     0     0     0     0     0     0     0     0     0     0     0     0     0     0     0     0     0     0     3    31   724 17840  2202  9529  7145  5454  9592  9969  9608
ch  109:      0     0     0     0     0     0     0     0     0     0     0     0     0     0     0     0     0     0     0     0     0     2    43  1018  9252 12741 12426  8995 10834 10934  9283 14678
ch  110:      0     0     0     0     0     0     0     0     0     0     0     0     0     0     0     0     0     0     0     0     0     0    28   490  8418  9593 14512  6545 11528 13017 10927 12853
ch  111:      0     0     0     0     0     0     0     0     0     0     0     0     0     0     0     0     0     0     0     0     0     7    67  1335 18511 14813 11386 10764  6422 10880  3609  7846
ch  112:      0     0     0     0     0     0     0     0     0     0     0     0     0     0     0     0     0     0     0     0     1     3    25   679  8182  4321  9033 10076 15676  9737  8807  4447
ch  113:      0     0     0     0     0     0     0     0     0     0     0     0     0     0     0     0     0     0     0     0     0     1    85  1269 17223  6535  7129  9640  8136 12121 11392 11652
ch  114:      0     0     0     0     0     0     0     0     0     0     0     0     0     0     0     0     0     0     0     0     0     1    44   710 13544 13937  8361  5698 12243 11787 11678  6922
ch  115:      0     0     0     0     0     0     0     0     0     0     0     0     0     0     0     0     0     0     0     0     0     1    79  1564  1033  5948 12783  9223 13707 12135  7607  5758
ch  116:      0     0     0     0     0     0     0     0     0     0     0     0     0     0     0     0     0     0     0     0     0     1    20   608 10136 14931 10183 14569  8130 10559  6512 13330
ch  117:      0     0     0     0     0     0     0     0     0     0     0     0     0     0     0     0     0     0     0     0     1     3   101  1342 17451  9491 12720  8161  9991  9650 11890 11537
ch  118:      0     0     0     0     0     0     0     0     0     0     0     0     0     0     0     0     0     0     0     0     0     3    53   804 11726 16674 13638 10670 11112  7398 10956 10363
ch  119:      0     0     0     0     0     0     0     0     0     0     0     0     0     0     0     0     0     0     0     0     0     4    84  1426 15721  7210 12479 12498 12296 10732 11464  7987
ch  120:      0     0     0     0     0     0     0     0     0     0     0     0     0     0     0     0     0     0     0     0     0     3    38   554 11863 13901 11975 11728 11193 12290  9298 11280
ch  121:      0     0     0     0     0     0     0     0     0     0     0     0     0     0     0     0     0     0     0     0     0     4   138  1610 13584  7031 14785 12955  9856 12022 12053 16713
ch  122:      0     0     0     0     0     0     0     0     0     0     0     0     0     0     0     0     0     0     0     0     0     2    44   596 11268 11334 11543  6467 10437  9555  6076  8102
ch  123:      0     0     0     0     0     0     0     0     0     0     0     0     0     0     0     0     0     0     0     0     0     4   139  1809 19186  9429 12925  9037  6865 12589 10579 10470
ch  124:      0     0     0     0     0     0     0     0     0     0     0     0     0     0     0     0     0     0     0     0     0     5    65  1483 13987  4860 10323 12725 12787 10191 10840 10172
ch  125:      0     0     0     0     0     0     0     0     0     0     0     0     0     0     0     0     0     0     0     0     1    19   309  3697 17479 11954 11928  7717 11596 10388 10160  8243
ch  126:      0     0     0     0     0     0     0     0     0     0     0     0     0     0     0     0     0     0     0     0     0     1    73   940 18272  4197  6856  9033  8512 10606 10675 11483
ch  127:      0     0     0     0     0     0     0     0     0     0     0     0     0     0     0     0     0     0     0     0     1    37   738  6715 16882  8888 13714  8530  9515 11528 10151  7463
