# ID XA-000-08-002-000-000-230-15
# Tag _trim_
# Date 240410_18:51:06
# Vref_p 58
# Vref_n 22
# Thr2_glb 31
# Vref_t 118
# Vref_t_range 1
# Pol 1
# ADC range 30-247
# FAST disc 30
ch:   0  104  107  105  115   93  122  102  109  104  119  111  104  103  117  104  115  106  102  116  116  106  105  104  117  122  116  123  124  131  122  123   24
ch:   1   92  117  104  100  108  115  104   90  103  103   93   90  101  108   93  100   92  105  103  124   93  101  102  115  116  108  104  123  120  118  119   26
ch:   2  108  102  100  107  104  117  103  105   92  101   90  103   98  113  102  109   95  102  103  105  107  108  101  119  109  110  116  114  116  108  105   30
ch:   3  107  113  102  114   92  106  100  117  104  105   90   92  108   91  100  101  107  100   87  102  103  100  111  104   95  107  108  109  115  127  133   21
ch:   4  107  106  106  106  107  108  116  101  109  103  113   92  106  106  119  102   93  100  106  103  102  106  102  105  116  117  112  111  111  113  120   30
ch:   5  122  113  107  106  105  100  115   95  104  103  113  106  107   98  110  107  114   93  111  107  106  100  116  106  111  108  105  117  118  123  117   12
ch:   6  121  111  108  107  107  105  100   94  107  104   92  107  105   99  106  105   99  105  102  116  107  108   98  106  105  113  107  118  107  122  119   32
ch:   7  104  104  108  109  114  106  106  104  106   -1  105  104  105  117  100  100  103   99  107  102  101  118  106  113  108  111  117  119  119  121  119   17
ch:   8  104  117  108  110   93  123  107  102  109  101  109  115  102  111   93  116   90  101  103  106  116  108  110  108  107   99  114  117  117  122  136   26
ch:   9  109  113  110  105  107   91  116  111  121  115  113   92  108  102  107  104  104  109  104  113  112  114  122  110  107  121  120  108  117  115  120   18
ch:  10  117  115  106   92  101  107  100  103  106  106   98  104  105  115   98  118  103  109  101  118  113   99  106  106  107  110  116  110  114  119  122   38
ch:  11  120  108  114  101  104  104  106   91  121  105  106  110  115  105   93  110  109  118   99  105  101  100   88  106  103  120  108  116  120  119  118   21
ch:  12  121  110  120  116  108  115  110  120  102  105  106  100   93  104  104  103  106  118  105  105  110  109  111  105  117  113  117  116  105  119  125   27
ch:  13  117  110  113  101  109  102   94  116  101  105   94   93  103  105  102  110   98   93  105  106  102  113  105  105  105  115  115  112  116  116  110   15
ch:  14  109  100  105  100   90  107  104  111   93  104  100  101  115  106  114  109   99  100  102  103  109  109  123  119  104  111  120  125  116  131  125   24
ch:  15  111  107  106  121  118  108  115  107  120  102  105  100  107  109  101  101  106  110  110  109  102  107  108  114  115  109  120  117  119  117  111   17
ch:  16  121  110  116  115  117  105  109  113  107  118  110  114  108  110  105  115  114  101   99  104  112  109   91  104   -1  108  104  119  120  124  132   38
ch:  17  117  114  109  116   99  103  108  112   99  106  101  110  105  113  108   90  105  102  106  100  104  120  116  105  116  115  119  107  125  133  120   14
ch:  18  108  107  103  116  102  117  116  103  119   94  107  105   92  102  115  115   99  109  102  105  116  102  101  107  105  112  117  117  123  123  124   22
ch:  19  116  107  119  106  100  102  108  108  103  107  103  110  114  104  117  118  114   99  107  104   99  102  106  105  116  107  121  119  123  122  129   11
ch:  20  110  103  103  117  107  109  113  105  107  105  100  117  108  107  109  105  107  101  114  117  106  108  105  114  108  123  110  123  117  124  122   29
ch:  21  104  107  106  107  105  106  100  109  100  118  101  100  102  104  101   98   93  104  101   98  102  111  120  107  115  118  117  119  116  117  131   22
ch:  22  123  106  119  107  104  109  107  115  109  110  105  114  104  117  114  105  106  102  105  109  103  104  109  115  124  104  121  113  121  125  134   22
ch:  23  118  102  105  108  106  105  104   92  106  107  118   91  123  104  104  104  111  112  107  120  113  115  108  110  121  117  120  120  110  117  121   20
ch:  24  118  107  114  106  110  121  116  115  118  105  100  100  103  121  106  116  105  105  114  113  106  105  105  116  121  113  110  107  116  124  121   36
ch:  25  112  115   92  100  110  116  119   92  113  108  106  107  111  100  116  108  108   94  107  101   99  116  100  105  115  110  113  106  126  126  127   21
ch:  26  121  108  116  118  113  111  106  115  105  107   94  106  114  108  107  104  112  108  107  103  102  121  117  119  108  110  115  108  115  121  117   43
ch:  27  110  109  111  122  120  116  106  101  110  105  103  111  102  105  105  103  104  100  116  113  121  106  106  116  106  117  123  104  122  116  124   24
ch:  28  109  108  117  117  114  111  106  100  121  106  102  117  110  105  108  110  104  107  104  103  107  113  108  115  106  125  121  110  109  124  117   35
ch:  29   91  116  104  107  109  113  110  104  110  104  103  114  115  106  101  103  106  106  107  107  131  105  117  107  119  115  125  119  116  130  126   21
ch:  30  118  115  110  116  111  121  104  118  112  120  103  107  114  105  107  102  105  107  107   92  124  105  112  119  103  117  115  109  120  122  117   38
ch:  31  102  106  105  107  106  121  103  118  118  102  106  116  109  120  106   99  107  117  105  106  101  107  120  106  119  121  108  124  123  117  123   24
ch:  32  106   90  111  116  114  118  107  110  116  101  115  102  115  107  115  106  106  107  107  107  102  118  109  110  117  110  104  118  116  126  125   49
ch:  33  118  108  107  105  116  103  112  120  104  103  110  102  102  103  114  100  105   91   89  107  104  105  105  105  116  118  115  116  121  121  124   27
ch:  34  102  111  106  118  101  114  115  107  102  107  114  119  115  107  100  109  112  108  108  105  105  119  115  118  104  109  104  120  122  115  122   24
ch:  35  113  109  122  104  103  101  101  113  102  112  108  116  109  105  108  109  108  106  108  105  109  105  117  116  107  117  123  109  120  122  121   28
ch:  36  107  118  108   91  106  107  103  101   94  108  108  105  105  107  108  100  105   88  115   91  103  103  115  106  102  117  120  116  117  117  125   26
ch:  37  114  104  117  115  108  108  100   94  102  109  114  104  109  107  105  100  116  115  104  117  118  108  115  105  119  119  117  108  122  132  125   22
ch:  38  109  105  111  108  105   99  103  108  115  110  110  110  105  103   93  108  106  108  108  106  106  117  109  117  108  117  116  100  121  126  118   38
ch:  39  119  103  113  107   98  104  105  108  106  110  107  110  106   98  106  100  103  109  110  104  105  117  110  109  107  123  115  117  116  133  126   17
ch:  40   99  118  122  108  116  110  107  102  105  108  104  113  117  106  108  103  106  107  108  109  104  121  110  116  118  121  104  123  124  120  123   32
ch:  41   99  104  110  120  104  100  117  110  102   99  103  118  100  106  102  114  116  109  111  106  119  119  119  106  112  113  119  121  121  130  119   21
ch:  42  124  104  111  103  120  102  107  109  125  101  111  119  108  108   91  104  106  105   91  110  106  108  116  101  115  109  116  126  122  124  119   36
ch:  43  111  105  108  119  107  100   93  105   99  110  106  107   -1  115  105  116   98  117  123  105  109  113  109  121  121  123  118  116  126  119  129   30
ch:  44  117  110  105  104  102  108  117  105  115  107  108   99  109  107  118  105  105  106  105  110   -1  109  102  115  104  123  119  125  122  115  135   26
ch:  45  103  103  114  103  107  116  109  108  107  112  100  110  108   99  115  104  105   89  116  114  116  109  111  117  111  117  121  123  118  115  134   24
ch:  46  108  120  108  105  118  103  107  106  116  106  119  106  109  118   90  120  100  105  107  105  105  105  106  114  111  113  109  104  118  121  125   37
ch:  47  122  109  115  108  106  123  102  112   93  104  103  108  101  104  108  101  101  101  116  116  116  116  100  106  110  122  118  122  121  127  126   37
ch:  48  107  105  115  119  116  108  105  122  117  112  121  107  103  103  118  116  100  116  104  123  118  108  105  116  105  108  125  116  118  124  132   31
ch:  49   91  115  116  105  110  109  116  100   93  101  104   92  102   94  107  110  103  116  109  107  107  108  114  107  110  117  117  121  122  118  121   33
ch:  50  109  111  107  119  104  109  107  107  118  104  102  110  113  108  102  107  115  118  105  101  106  123  128  108  105  119  109  115  132  133  144   32
ch:  51  112  116  124  109   92   91  101  105  105  109  101  109  111  105  106  107  107  105  106  108  115  110  104  105  119  107  109  115  131  122  121   13
ch:  52  117  123  101  117  109  107   94  101   92  113  103  100  107  120  118  107  102  116  115  107  100  110  106  108  116  120  108  116  111  111  123   31
ch:  53  120  105  114  109  106  106  114  108  106  100  106  100  110  108  103  104  102  108  113  110  108  106  107  115   98  114  131  117  123  118  122   26
ch:  54  105  120  118  107  109  110  104  116  103  116  108  115  109  108  111  105  115  108  103  103  105  106  103  117  109  118  121  110  110  132  134   22
ch:  55  125  104  105  117  101  109  100  103  113  106  108  106  115  102  115  103  101  102  114   94  121  101  117  103  116  114  131  119  120  132  124   17
ch:  56  105  114  124  118  105  115  109   98  106  109  114  110  107  104   99  104  114  118  108  114  111  113  102  118  106  106  118  123  110  121  123   35
ch:  57  110  106  113  118  110  108   98  108  115  116  105  105   99  104  104  107  121  113  109  110  116  120  117  118  107  113  122  124  118  124  122   22
ch:  58  100  105  117  105  117  117  107   99  107  108  107  109  105  103  115  111  104  110  111  117  115  109  119  106  115  116  130  130  106  125  123   26
ch:  59  114  106  112  106  115  115  103  107  106  114  106  105  117  105  106  117   89  117  106  106  112  122  109  101  108  117  119  119  109  122  116   17
ch:  60  114  120  108  106  106  119  107  116  119  120  113  115  104   93  109  105  117  115  105  115   -1  119  117  110  121  116  110  121  123  126  122   28
ch:  61  106  115  109  107  100  114  102  104  105   99  106  108  101  102  105  104  109  121  108  113  117  118  113   91  119  125  110  135  121  124  133   19
ch:  62  117  114  111  123  102  106  118  119  122  108  102  111  110  106  107  107  104  115  119   95  108  117  105  108  125  124  114  120  112  120  134   28
ch:  63  125  108  101  119  117  116  106  113  119  106  108  103  106  107  118  103   93  110  105  117  116  119  114  121  122  118  124  122  122  123  116   21
ch:  64  124  106  108  121  115  107  107  117  103  105  109  118  106  115  114  117  102  103  106  109  120  106  113  116  110  103  119  119  121  133  129   33
ch:  65  115  107  106  117  107  105  101  102  101  101  113  106   99  102  116  107  100  116  108  117  118  109  102  115  110  119  113  135  118  123  132   25
ch:  66  113  102  111  103  102  109  107  103  119  105  105  115  112  116  106  102  103   95  121  110  108  120  103  113  119  111  124  125  116  123  115   23
ch:  67  120  108  104  108  109  119  116  113  100  109  102  103  103   92  115  105   94  100  116  114  114  107  104  108  117  120  126  122  121  120  132   23
ch:  68  105  106  117  116  119  104  103  119  105  104  107   89  109  108  105   99  103  105  108  120  107  110  111  111  118  107  106  131  117  118  135   29
ch:  69  108  117  119  104  109  113  105  103  103  105  104  103   92  111  107   86  100  115  101  115   99  119  116  116  118  124  124  116  120  115  134   16
ch:  70  118  108  100  113  111  106  132  107  106  100  100  101  106  108  105  110  119  109  104  105  107  106  107  112  114  107  123  125  119  125  127   23
ch:  71  116  117  111  105  126  108   90  121  105  100  117  107   99  115  104  105  108  102  110  107  121  107  121  116  115  121  118  122  122  130  139   23
ch:  72  108  107  128  113  108  120  117  102  117  110  104  105  105  106  120  105  102  121  105  107  113  109  108  104  121  117  118  121  122  127  116   40
ch:  73  106  114  100  107  117  107  104  106  110  106  117  116  106  109  113  107  119  120  106  103  120  108  116  120  110  116  120  133  129  126  121   16
ch:  74  115  105  110  109  105  109  113  104  106  116  102  106  116  113  104   92   -1  100   98  105  120  115  103  111  105  118  113  130  123  124  133   31
ch:  75  116  112  106  107  115  108   98  103  104  103  106  104  115  107  105  111  108  105  106  107  115  107  107  108  120  119  125  126  120  117   -1   21
ch:  76  114  110  106  117  115  115  102  116  105  107  107  103  119   -1  117   99  100  117  105  104  106  122  107  107  122  107  120  123  124  122  135   29
ch:  77  108  106  110  118  107  111   98  110  117  115  113  109  103  105  118  103  102  104  109  110  104  102  112  131  116  124  109  119  126  130  131   25
ch:  78  116  100  102  102  115  118  107  108   94  111  105  110  114  108  115  109  108  105  108  107  122  103  105  122  116  117  116  116  117  124  133   30
ch:  79  121  119  110  116   98  107  106  112  104  112  101  109   84  106  107  104  105  105  116  106  116  113  117  101  108  120  122  121  109  119  133   13
ch:  80  116  108  117  120  111  107  118  109  116  121  116  109   99  104  105  100  119  110  106  110  117  107  121  102  116  115  118  116  125  122  110   37
ch:  81  121  124  100  106  121  108  102  116  106  108  109   93  115  110  118  115   98  109  119  114  106  118  108  122  104  125  119  124  125  121  123   21
ch:  82  107  118  105  103  115  108  106  102  118  115  107  108  114  113  106  103  117  103  110  116  107  102   99  117  106  106  117  122  122  127  123   27
ch:  83  108  108  106  115  107  120  105  110  107  102  110  117  108  120  107  116  103  106  108  118  120  111  121  117  118  124  117  122  127  124  126   21
ch:  84  118  105  103  113  106  114  106  107  104  105  104  107  106  108  117  108  103  103  119  120  120  111  118  107  127  118  119  118  122  127  122   31
ch:  85  120  108  104  105  104  101  104  108  117  107  105  119  103  106  107  116  113  108  108  105  106  125  116  116  110  105  121  124  117  123  134   28
ch:  86   99  107  109  111  100  118  101  104  100  108  109  100  114   93  114  116  108  107  107  105  112  119  116  117  102  120  116  104  119  124  113   18
ch:  87  117  116  110  111  116   90  112  113  100  104  102  102  117  106  108  109  110  109  120  116  120  101  109  118  125  110  130  121  133  122  133   26
ch:  88  116  118  121  102  104  105  106  116  102   99  105  115  106  106  107  123  107  116  105  105  109  117  109  118  118  121  116  131  120  121  131   30
ch:  89  125  110  116  116  106  116  104  105  121  101  116  114  104  123  109  101  106  109  123  108  111  104  109  118  138  122  106  123  126  125  125   24
ch:  90  121  119  108  102  117  106  116   92  103  109  104  117  106  119  105  105  120  105  105  106  114  108  100  117  106  118  117  126  106  109  121   28
ch:  91  108  106  117  116  100  104  103  103  105  109  117   93  103  102  101  102  106  117  111  115  108  100  121  116  108  108  109  120  119  119  131   33
ch:  92  108  119  104  120  107  119  109  100  118  117  103  109  103  116  105  109  105  116  104  118  110  118  117  107  104  118  129  117  120  116  124   21
ch:  93  119  121  104  122  120  110  100  109  107  108  111  115   91  113  114  107  114  105  115  105  117  106  115  122  115  116  132  121  130  126  127   33
ch:  94  114  116  107  110  117  108  114  103  117  118  119  107  101  100   92  103  116  105  115  109  104  121  115  126  109  109  118  125  120  131  120   30
ch:  95  117  108  116  103  118  102  113  114   98  106  110  106  110  107  108  119  102  119   99  115  118  117  117  124  117  121  123  126  116  120  125   29
ch:  96  106  110  121  114  113  105  103  107  105  107  113  100  121   94  106  117  108  111  110  102  114  107  116  115  118  117  119  124  120  118  125   32
ch:  97  109  104  111  107  109  118  114  107  106  105  124  111  107  117  118  110  116  108  116  117  115  109  116  117  117  129  134  121  125  131  122   34
ch:  98  108  117  105  106  103  102   92  106   99  103   90  112  122  104  110  110   99  115  110   98  109  119  107  113  117  106  117  106  126  126  130   28
ch:  99  105  123  107  117  102  108  115  123  106  105  107  110  109  107  109  118  102  124  113  107  117  118  120  120  123  117  119  120  117  110  120   25
ch: 100  106  100  123  105  106  113  104  109  102  109  103  119  116  117  105  104  101  101  120  121  116  115  118  116  114  131  105  116  125  124  124   28
ch: 101  124  107  103  113  118  102  103  110  118  103  115  115  106  112  108  125  114  107  107  106  117  106  121  108  124  119  123  121  121  121  135   32
ch: 102  109  103  104  108  103  116  118  110  109  115  108  103  115  109  102  102  106  107  107  116  104  120  110  105  103  121  107  114  118  117  118   25
ch: 103  119  108  114  119  108  121  109  106  102  104  117  116  107  110  109  107  104  117  119  105  117  110  115  122  119  111  125  125  119  124  132   25
ch: 104  121  114  107  107  109  119  105   92  115  118   95  104  105  104  106  108  107  104  115  118  104  106  108  115  109  120  119  127  117  118  125   32
ch: 105  103  100   99  106  116  116  103  104  116  116  101  109  102  103  115  107   91  102  115  106  120  117  115  118  122  119  104  116  118  131  129   20
ch: 106  115  115  117  121  105   91  105   99  113  101   93  108  116  105  113  119  104  104   95  115  103   93  115  115  114  116  111  116  121  120  133   26
ch: 107  117  109  101  118  117   98  117  114  106  101   98  111  113   94  101  114  110   99  109  104  125  102  125  122  104  124  125  123  109  120  129   24
ch: 108  104  111  114  108  106  106  107  122  105  107  109  109  109  100  115  106  111  109  105   -1   -1  120  118  106  108  119  119  120  123  131  116   40
ch: 109  120  118  117  115  102  116  124  102  116  101  118  111  107  105  107  110  116  107  113  114  123  115  106  115  110  115  118  118  132  131  124   17
ch: 110  120  103  115  110  106  113  105  101  105  109  121  119  105  116  103  108  107  106  113  105  109  124  115  119  117  108  121  120  127  124  117   44
ch: 111  113  105  109  105  105  111  108  115  104  121  113   99  105   98  108  106  115  106  116  102  125  110  117  107  108  115  120  112  129  124  126   27
ch: 112  117  107  106  105  104  109  120  114  102  103  105  121  100  114  118  116  104  108  123  117  130  107  116  115  123  124  126  120  124  134  119   24
ch: 113  106  101  116  115  102  121  121  105  102  112   93  100  107   99  108  116  101  107  115  107  105  113  109  111  124  104  110  118  122  117  120   17
ch: 114  109  105  119  114  108  103  117  100  115  103  115  113  118  117   91  101  104   93  115  100  105  108  110  109  108  111  116  122  120  125  123   27
ch: 115  117  120  108  119  107  109  106  103  108  115  109  115  115  104  107  104   98  107  103  109  122  125  116  117  108  122  106  118  118  135  125   29
ch: 116  110  108  114  109   99  121  104  108  104  123   99  104  106  107  107  108  105  105  106  104  107  108  115  110  118  119  117  125  111  133  122   33
ch: 117  105  102  114  107  108  121  104  107  105  107  112  106  107  108  108  114  116  101  105  109  110  104  105  119  104  115  121  121  121  120  125   19
ch: 118  105  114  107  117  109   91  104  107  114  107  100  108  104  119  107  115  101  103  122  101  106  116  119  115  117  123  115  117  122  125  118   30
ch: 119  110  101  107  105  119  106  110  108  122  102  119   99  106  102  107  106  107  108  108  103  121  107  121  115  107  119  118  125  123  122  136   26
ch: 120  105  104  108  115  104  107  106  107  102  101  105  100  111  114  115  102  110  119  112  103  117  109  118  116   -1  116  117  121  131  135  123   32
ch: 121  117  113  120  118  119  103  117  106  115  107   93  102  111  119  116   99  101  108  121  116  115  106  107  112  121  116  107  112  121  115  122   22
ch: 122  105  120  118  115  110  107  105  109  105  115  102   93   99  116  100  102  109  106   91  117  118  108  116  116  110  117  131  119  113  125  115   32
ch: 123  121  118  124  103  113  120  107  106  108  108  110  108  114  121  108  115  103  114  108  105  120  114  115  130  116  109  118  121  121  129  133   22
ch: 124  121  117  107  118  115  115  103  105  121  106  107  117  103  107  116  101  110  114  108  107  123  107  101  107  117  108  107  110  119  124  121   28
ch: 125  119  106  106  102  122  114  116  127  105  110  117  118  121  106  106  107  115  107  113  104  104  119  107  107  110  116  117  122  123  124  130   22
ch: 126  107  110  109  107  114  107  100  108  115  109  109  117  107  107  107  117  103  118  109  108   90  132  109  119  114  109  131  109  134  124  130   36
ch: 127  104  109  107  103  105  119  117  107  107  103  100  106  103  114  108  116  103  109  103  117  121  116  123  117  110  116  137  127  129  129  123   31
