# ID XA-000-08-002-000-008-026-05
# Tag _trim_
# Date 240606_13:42:41
# Vref_p 57
# Vref_n 19
# Thr2_glb 34
# Vref_t 118
# Vref_t_range 1
# Pol 1
# ADC range 30-247
# FAST disc 30
ch:   0  140  148  169  181  184  186  198  205  209  209  209  209  209  209  209  209  209  209  209  209  209  209  209  209  209  209  209  209  209  209  209   56
ch:   1  125  118  110  122  129  115  120  129  114  119  116  122  115  111  122  111  107  120  120  106  119  110  111  116  120  137  122  122  123  130  132   15
ch:   2  121  118  123  118  138  150  157  150  157  169  170  157  170  153  175  188  173  175  190  187  194  198  198  209  204  195  209  209  207  209  209    2
ch:   3  121  115  118  115  120  105  118  117  108  125  108  109  121  109  115  115  110  116  118  108  115  132  119  120  118  116  119  131  126  127  135   23
ch:   4  121  124  118  129  116  116  121  120  118  121  123  115  122  119  118  116  106  121  115  105  117  107  109  120  118  116  120  124  122  122  126   31
ch:   5  123  124  118  112  132  116  126  122  114  120  132  109  114  107  108  115  115  117  119  121  114  110  121  116  108  120  138  134  127  131  133   15
ch:   6  118  106  108  120  115  114  115  105  113  119  113  123  116   99  123  116  107  111  108  116  117  121  118  108  117  120  106  133  123  117  125   12
ch:   7  124  117  117  118  113  121  115  122  122  120  121  122  116  119  118  115  104  126  120  117  126  109  120  116  103  130  133  133  131  124  134   15
ch:   8  114  120  122  118  118  114  114  122  118  117  120  103  115  122  103  104  116  115  114  117  118  109  118  123  104  117  119  127  131  125  132   17
ch:   9  116  127  114  125  120  118  118  108  120  123  132  105  117  116  113  116  109  115  117  120  121  121  110  113  119  114  116  132  138  133  122   24
ch:  10  117  121  112  111  115  110  109  115  121  126  120  103  107  110  102  114  101  110  103  106  117  114  116  115  115  114  118  104  105  123  122   10
ch:  11  111  115  106  122  126  118  117  112  116  122  117  119  120  126  121  115  119  115  131  120  114  108  124  115  123  124  125  130  122  125  142   14
ch:  12  119  118  131  124  118  133  127  120  106  122  120  110  126  131  117  104  124  126  108  114  124  110  124  115  120  131  114  124   -1  131  123    3
ch:  13  122  116  122  122  120  108  115  126  122  122  106  112  119  119  114  131  132  116  122  122  132  131  108  117  123  127  126  137  125  138  137   21
ch:  14  131  122  113  123  116  122  119  106  117  118  118  111  115  119  106  115  107  122  103  115  105  107  125  124  119  118  121  124  136  131  121   17
ch:  15  119  124  111  116  120  124  121  116  120  117  105  117  117  120  122  119  120  125  114  117  131  113  126  117  122  114  122  124  133  124  146   22
ch:  16  122  116  116  132  115  119  116  118  122  108  119  112  118  123  122  118  108  122  110  117  117  118  116  119  111  124  123  119  117  132  119   27
ch:  17  124  112  133  118  120  116  118  119  111  119  115  102  107  115  123  118  117  118  122  118  118  116  114  118  120  123  129  133  139  117  123   18
ch:  18  122  118  119  124  125  122  120  121  121  120  122  105  108  108  107  116  124  115  118  115  109  122  114  120  106  114  125  121  132  125  130   26
ch:  19  110  122  120  119  119  115  122  114  119  116  114  123   98  105  117  117  107  119  116  117  115  110  117  110  130  117  126  120  126  130  132   17
ch:  20  116  120  130  122  124  122  120  115  120  103  114  114  120  130  125  104  115  108  107  118  116  117  114  108  104  122  123  132  116  129  124   21
ch:  21  120  120  121  123  121  135  121  116  125  121  115  122  131  113  118  114  123  118  112  103  110  131  115  123  121  115  120  123  123  138  123   17
ch:  22  123  123  122  124  127  121  116  119  110  110  114  111  110  108  110  106  110  102  121  121  104  126  109  120  117  134  116  124  127  124  140   20
ch:  23  115  123  108  132  116  115  109  116  121  110  106  114  120  125  107  119  121  115  117  121  123  118  122  121  121  121  122  134  122  140  132    8
ch:  24  111  126  132  119  116  115  106  122  114  118  109  108  107  110  109  117  117  109  105  109  110  110   99  115  110  121  123  123  123  118  123   30
ch:  25  123  125  124  127  121  118  120  116  117  119  118  122  118  123  118  101  122  121  118  122  121  123  122  118  119  133  118  123  132  136  139   19
ch:  26  125  120  113  114  107  118  115  120  120  101  114  110  105  100   94  120   99  114  102  107  102  105  106  111  111  114  118  123  114  113  123   21
ch:  27  119  118  121  120  119  109  116  129  115  110  124  111  118  120  115   -1  107  114  131  120  109  110  124  118  132  115  126  125  125  130  141   25
ch:  28  121  104  119  115  113  120  109  120  117  124  116  123  121  121  110  117  109  107  123  104  119  121  117  123  124  121  122  134  125  123  131   23
ch:  29  127  120  119  115  106  123  106  116  114  115  120  118  115  123  121  110  119  110  116  115  114  115  120  121  123  123  121  135  124  132  132   27
ch:  30  117  116  119  123  116  117  112  125  111  124  106  126  114  117  109  118  107  110  123  117  116  123  118  116  117  117  123  121  124  119  133   26
ch:  31  118  123  123  116  131  117  120  121  116  110  124  118  123  120  131  119  111  122  121  121  117  119  121  136  108  131  123  122  139  134  145   21
ch:  32  118  119  120  116  117  131  118  127  123  126  120  115  118  119  116  110  108  119  131  114  119  109  121  119  117  124  121  114  122  139  134   28
ch:  33  117  118  117  120  117  118  120  119  117  124  121  122  110  116  120  115  108  118  118  125  126  108  130  117  119  118  125  120  131  131  134   19
ch:  34  122  125  118  116  119  127  110  120  121  107  119  111  109  116  106  109  121  116  114  121  105  110  115  117  108  116  118  122  126  125  120   27
ch:  35  132  124  115  123  120  124  124  108  121  120  118  114  115  122  121  124  120  127  110  117  113  120  121  124  119  116  131  136  119  132  128   21
ch:  36  120  117  104  115  118  122  117  109  116  118  122  102  118  117  117  105  123  108  111  116  117  119  113  109  114  117  126  118  119  126  133   30
ch:  37  117  135  121  120  122  114  131  118  117  108  123  120  119  114  107  115  122  133  110  121  107  113  116  123  123  119  125  135  140  121  133   27
ch:  38  131  122  126   -1  115  116  110  121  119  127  122  120  111  120  119  115  113  117  117  112  119  119  105  126  117  125  118  111  135  122  133   25
ch:  39  110  120  114  119  107  110  131  121  124  108  119  121  114  118  110   -1  113  109  116  123  108  122  110  110  120  121  122  125  131  120  132   20
ch:  40  118  127  123  118  111  130  120  122  115  114  115  120  114  115  121  101  118  111  116  123  114  127  114  127  131  124  121  123  120  132  125   29
ch:  41  123  116  107  120  110  118  119  114  111  108  120  120  119  108  103  119  120  106  116  106  114  115  117  116  120  115  126  119  132  135  134   19
ch:  42  122  120  122  115  120  118  115  121  122  106  119  115  102  117  121  109  107  117  120  110  120  119  120  115  116  119  119  121  129  116  133   35
ch:  43  114  122  124  119  110  118  113  119  115  118  108  103  115  117  120  119  116  109  115  122  115  115  119  123  126  122  119  130  124  121  140   20
ch:  44  122  126  133  124  117  117  120  114  118  106  108  110  107  123  115  115  119  123  111  110  126  111  122  118  120  123  128  132  123  134  123   31
ch:  45  118  121  121  116  119  118  119  121  113  124  134  105  114  117  116  109  131  117  118  124  119  126  120  123  131  135  125  114  116  125  121   22
ch:  46  120  119  121  115  117  118  114  130  119  123  120  110  111  124  103  115  118  108  115  116  110  117  115  119  108  125  124  124  132  125  120   20
ch:  47  116  122  126  121  116  119  115  120  118  115  116  115  113  109  104  112  122  108  104  116  116  119  106  123  126  134  132  125  137  145  126   19
ch:  48  109  120  122  116  109  127  119  106  120  118  119  118  115  121  121  119  115  111  108  116  110  123  121  110  125  120  125  119  121  131  124   34
ch:  49  123  130  114  119  119  131  123  117  118  119  125  124  122  116  125  117  120  125  119  119  120  108  110  121  119  122  122  126  125  126  131   23
ch:  50  116  122  124  123  131  122  123  117  116  112  115  109  127  119  115  119  110  118  108  117  110  113  122  117  123  132  118  133  125  117  134   27
ch:  51  121  109  116  124  130  107  124  110  105  121  120  117  117  111  105  107  115  116  117  115  111  116  134  125  117  117  124  130  138  131  132   24
ch:  52  119  131  131  121  121  121  112  116  114  118  120  121  105  108  124  117  107  106  109  118  117  116  114  113  116  119  116  122  124  120  121   45
ch:  53  120  120  120  123  126  121  116  108  114  124  121  116  117  110  118  117  117  120  121  107  120  126  122  124  123  120  119  122  133  133  132   25
ch:  54  123  122  118  126  119  111  131  120  120  117  119  105  106  104  107  108  123  117  110  111  118  119  119  109  114  123  123  116  125  119  124   34
ch:  55  118  109  115  125  106  128  124  121  120  118  114  118  111  117  122  118  123  114  119  121  120  122  121  117  127  120  121  126  125  119  127   21
ch:  56  109  118  115  132  120  125  122  121  132  116  120  119  121  108  133  116  107  107  107  116  107  115  134  122  122  138  131  117  132  123  125   28
ch:  57  122  125  126  125  116  121  115  121  118  125  114  129  129  114  109  122  121  105  110  120  132  115  122  123  122  124  121  122  126  119  121   21
ch:  58  119  123  115  118  132  122  115  116  120  122  117  110  116  105  117  115  101  119  108  115  121  125  128  119  113  119  134  116  123  121  137   37
ch:  59  120  117  131  123  122  119  111  120  115  115  113  120  117  122  113  110  116  119  114  114  118  119  131  111  113  120  132   -1  133  135  148   17
ch:  60  124  119  120  120  120  118  121  109  118  117  120  123  115  120  116  127  107  113  125  120  113  103  117  122  119  120  119  119  124  125  132   39
ch:  61  116  124  123  117  131  115  130  116  117  124  109  119  121  107  110  118  107  115  109  107  108  126  117  123  116  122  124  120  124  135  132   25
ch:  62  122  117  116  120  115  120  111  116  117  121  109  119  108  109  119  104  107  123  117  106  123  132  122  119  116  129  122  117  117  120  125   42
ch:  63  119  120  124  118  118  127  116  118  132  114  113  116  100  116  114  118  111  116  117  109  119  123  117  117  119  121  123  118  127  136  138   18
ch:  64  122  121  123  116  122  127  105  116  115  110  117  118  116  121  118  123  108  108  120  110  123  108  117  120  117  118  124  109  121  120  125   36
ch:  65  115  119  123  132  120  121  119  107  107  119  114  122  122  123  119  118  109  123  105  120  110  124  126  117  130  134  117  121  134  139  132   17
ch:  66  131  120  123  103  122  122  120  119  115  111  110  119  109  110  116  115  108  118  107  103  121  123  119  114  120  115  124  121  123  117  140   21
ch:  67  131  123  118  119  115  134  115  121  114  122  114  117  116  125  115  118  115  119  118  121  117  129  125  115  123  132  130  126  138  131  137   22
ch:  68  126  121  122  118  123  118  117  107  107  108  116  115  116  109  105  115  114  109  119  107  124  113  123  106  121  120  121  122  115  131  134   26
ch:  69  120  119  119  122  127  118  124  108  118  110  116  123  132  110  119  133  108  102  117  118  116  118  123  125  124  134  115  104  135  126  138   27
ch:  70  119  125  122  121  118  118  119  108  122  116  115  109  121  120  111  115  118  117  109  120  104  106  122  115  122  116  120  127  123  125  125   35
ch:  71  115  132  122  122  124  118  116  117  123  134  122  119  118  108  109  118  125  122  118  117  119  118  120  115  124  135  131  132  123  124  131   19
ch:  72  121  132  131  125  121  120  107  121  120  121  120  117  116  120  120  118  111  122  109  130  122  115  118  121  118  132  122  121  117  115  121   30
ch:  73  132  126  119  120  123  117  108  116  130  127  118  107  118  121  103  117  116  117  120  115  115  118  121  117  123  126  122  133  132  123  131   15
ch:  74  109  126  122  114  111  117  109  119  115  113  124  108  120  115  119  118  118  121  122  116  123  120  114  103  120  117  108  137  117  122  133   38
ch:  75  116  124  127  117  108  122  116  124  103  119  114  111  106  116  107  117  118  116  126  115  111  105  115  106  118  122  118  133  122  122  124   24
ch:  76  120  126  108  125  117  118  114  120  116  108  122  109  109  103  119  101  107  121  110  121  115  116  109  113  117  120  116  121  127  108  137   35
ch:  77  117  133  121  125  126  122  121  113  125  116  109  116  115  110  119  122  108  113  108  119  114  120  110  116  117  124  117  127  125  132  119   19
ch:  78  120  120  133  131  115  132  118  115  122  126  120  105  111  110  121  104  107  112  114  126  114  115  110  122  122  108  120  120  134  125  136   35
ch:  79  143  119  123  119  107  133  108  122  119  116  116  126  118  120  130  110  118  120  115  118  120  117  131  118  114  121  135  137  122  131  135   28
ch:  80  117  116  126  122  110  123  123  121  121  106  119  110  118  114  117  103  106  110  108  107  114  110  116  116  110  108  124  133  132  122  117   32
ch:  81  132  120  120  119  127  117  115  133  108  109  124  108  108  119  115  120  121  123  118  122  120  119  121  124  122  122  122  133  136  140  133   18
ch:  82  125  117  114  126  132  109  119  129  118  131  121  122  122  107   92  114  104  108  110  108  108  117  122  111  121  118  120  123  126  124  123   35
ch:  83  125  118  132  119  124  115  122  117  120  124  119  111  121  121  106  117  115  114  115  104  119  122  124  115  131  117  129  121  133  135  126   21
ch:  84  118  118  115  104  133  118  132  116  115  117  130  120  117  115  118  117  119  129  121  110  104  110  116  111  109  125  117  136  116  134  125   35
ch:  85  121  120  122  119  117  120  121  117  120  116  117  117  121  116  110  123  100  111  110  119  110  104  118  124  115  121  138  116  123  134  140   25
ch:  86  118  118  115  119  131  120  123  125  117  123  111  119  115  122  120  118  102  134  117  114  123  102  115  114  123  135  124  120  124  123  139   27
ch:  87  111  125   -1  134  123  120  116  115  114  117  102  109  116  122  129  117  119  116  122  120  125  121  117  117  107  124  132  114  132  129  127   23
ch:  88  116  133  118  117  108  119  119  117  120  114  120  124  116  123  109  114  122  121  120  113  119  114  109  122  114  124  123  132  132  123  123   36
ch:  89  118  109  123  115  115  121  119  114  117  115  111  115  104  109  115  116  125  116  117  118  107  123  123  115  116  132  134  122  123  127  131   25
ch:  90  124  118  116  121  119  117  134  127  109  111  106  117  108  110  122  115  105  120  110  107  123  116  118  118  126  109  125  117  126  136  129   17
ch:  91  118  127  122  123  119  121  117  123  112  117  123  110  111  112  108  120  129  119  116  116  114  115  123  119  133  120  116  120  131  132  135   15
ch:  92  120  119  122  122  119  121  108  124  110  113  113  119  119  120  121  109  122  118  116  119  114  108  120  130  132  125  116  119  133  132  133   29
ch:  93  122  125  116  118  116  120  117  120  113  120  119  117  104  106  115  122  120  117  110  113  122  121  124  124  121  109  134  123  133  133  136   18
ch:  94  133  118  118  121  114  110  127  120  115  107  118  116  120  123  107  109  116  108  114  119  103  112  109  111  102  118  121  121  115  125  118   35
ch:  95  129  126  131  118  117  124  118  130  114  117  122  129  107  108  123  120  125  123  116  121  117  108  115  121  120  115  117  135  132  133  132   18
ch:  96  132  129  126  122  120  118  118  121  117  123   -1  123  123  121  117  107  115  117  132  119  123  120  122  120  117  118  121  116  124  132  127   36
ch:  97  132  122  115  124  124  123  114  121  119  114  118  113  116  116  120  105  117  114  117  109  110  121  119  125  126  123  123  132  123  134  134   18
ch:  98  133  124  121  116  121  121  121  121  116  124  119  116  121  124  119  108  115  119  119  121  115  114  110  122  124  127  117  127  130  132  125   20
ch:  99  117  111  119  111  124  123  119  120  120  105  107  115  125  121  117  123  124  115  121  109  108  118  114  119  116  121  122  125  126  132  135   23
ch: 100  114  118  116  116  125  105  110  118  114  120  104  122  115  106  116  114  121  115  117  111  122  107   -1  116  114  125  120  137  133  140  133   22
ch: 101  109  118  121  118  134  105  106  117  122  123  115  118  110  121  124  119  107  116  110  118  108  114  123  123  136  120  124  126  131  133  135   14
ch: 102  119  124  118  125  119  115  121  100  121  115  115  124  116  120  131  114  107  115  108  118  116  115  117  119  122  124  118  125  116  133  120   22
ch: 103  119  125  130  125  116  127  116  122  123  120  107  123  118  116  127  123  111  126  115  127  116  115  107  119  123  132  123  122  132  131  136   23
ch: 104  123  126  119  127  125  127  109  123  119  114  113  118  115  123  119  109  106  121  120  126  118  124  118  123  126  124  121  124  122  135  126   27
ch: 105  120  123  119  116  134  115  116  115  104  124  115  117  120  123  113  121  114  109  121  122  121  119  121  127  129  126  129  117  132  135  137   15
ch: 106  129  117  127  116  119  122  120  115  110  126  114  121  119  123  118  123  117  130  115  114  125  131  108  133  122  119  130  132  131  131  129   28
ch: 107  126  124  117  126  121  121  119  124  125  118  111  110  121  115  115  115  116  105  124  111  120  130  120  122  122  125  126  132  126  133  148   16
ch: 108  122  119  119  120  125  118  119  124  116  114  111  119  107  118  121  121  108   -1  120  121  130  123  123  116  124  125   -1  121  121  135  135   27
ch: 109  133  123  121  127  111  121  125  121  123  120  118  118  116   -1  109  116  114  120  111  121  110  113  117  124  121  132  121  141  136  139  139   22
ch: 110  120  109  119  121  118  125  121  116  117  123  114  117  124  121  117  121  125  120  115  121  115  111  129  122  116  119  129  117  122  134  133   23
ch: 111  127  111  122  121  116  116  113  125  119  126  117  118  122  123  115  122  116  113  121  118  120  122  108  118  109  117  126  124  138  146  131   17
ch: 112  123  111  122  125  119  117  109  121  114  117  119  117  118  120  123  115  119  115  116  115  119  108  126  121  131  125  138  134  130  133  136   16
ch: 113  115  131  118  123  131  116  119  131  122  111  115  120  117  121  132  115  105  126  113  117  121  124  125  118  117  133  124  127  125  115  137   20
ch: 114  126  121  117  123  126  107  127  121  126  114  120  115  118  104  119  118  115  119  113  107  104  119  121  118  128  116  125  127  115  133  141   17
ch: 115  121  115  116  110  133  125  122  129  125  107  115  122  119  115  118  116  118  114  134  116  115  117  111  120  130  133  134  140  140  132  136   24
ch: 116  126  125  119  125  121  125  118  109  116  118  121  108  112   -1  125  127  114  113  106  112  132  118  118  130  132  130  121  125  127  131  129   14
ch: 117  123  122  123  122  120  123  119  110  126  116  112  117  127  125  110  117  120  113  104  105  119  130  118  124  134  134  125  132  132  135  135   17
ch: 118  133  114  130  116  123  124  121  110  105  108  124  122  121  109  120  103  122  120  120  116  108  135  126  119  125  129  131  125  122  119  130   25
ch: 119  123  133  117  118  132  122  126  116  117  118  116  114  116  119  120  121  117  118  127  124  126  124  134  115  119  124  125  139  137  134  134   15
ch: 120  122  126  123  120  124  118  122  118  115  118  126  110  120  119  108  116  112  115  122  112  123  118  121  120  109  120  116  132  114  132  121   29
ch: 121  121  123  125  124  123  125  121  126  123  119  119  120  124  116  117  117  100  117  117  112  124  134  121  126  125  125  132  130  131  116  138   21
ch: 122  123  121  120  123  117  115  113  131  115  130  117  110  117  132  121  123  107  116  123  110  117  117  115  123  119  118  115  123  123  140  141   30
ch: 123  121  125  119  125  118  122  119  107  120  117  111  121  119  120  125  123  114  120  134  119  120  126  130  122  126  117  129  138  135  133  141    9
ch: 124  117  118  115  123  119  116  111  124  126  117  118  118  115  120  118  125  130  119  108  111  117  117  114  120  124  123  132  120  126  124  133   19
ch: 125  131  124  121  122  132  123  133  121  127  120  122  120  122  117  118  121  127  122  121  130  122  127  121  123  121  123  154  126  136  139  147   29
ch: 126  124  123  118  121  121  117  117  121  110  111  115  116  105  117  104  107  115  109  115  109  118  113  122  116  110  124  118  120  123  124  135   23
ch: 127  108  116  127  118  110  104  102  116  109  103  109  111  115  106  108  108  102  105  104   93   94  117   99  117  115  106  107  108  109  116  124   10
