# ID XA-000-08-002-000-008-089-00
# Tag _trim_
# Date 240606_11:49:30
# Vref_p 55
# Vref_n 25
# Thr2_glb 34
# Vref_t 118
# Vref_t_range 1
# Pol 0
# ADC range 30-247
# FAST disc 30
ch:   0  133  140  133  133  132  126  131  132  131  124  135  115  117  117  121  119  120  109  117  127  122  118  113  125  107  111  116  120  118  105  110   27
ch:   1  148  133  141  130  138  134  130  122  125  131  136  133  125  131  130  122  123  123  132  124  131  117  126  124  137  121  122  131  132  126  132   54
ch:   2  125  124  132  130  127  123  125  135  125  132  119  119  120  126  130  115  110  121  115  118  121  118  110  122  118  115   -1  122  122  116  121   32
ch:   3  131  126  135  136  135  135  125  131  125  134  140  126  132  123  123  138  138  124  121  120  123  121  127  123  110  132  134  123  131  131  134   55
ch:   4  120  124  132  131  121  123  118  125  125  135  126  116  122  119  134  122  118  118  120  105  108  126  118  116  109  122  123  116  118  117  123   36
ch:   5  136  132  137  139  135  131  138  135  142  140  131  136  114  118  125  136  133  120  119  125  132  119  130  117  131  131  126  120  120  120  124   51
ch:   6  140  119  138  125  131  133  126  129  128  126  122  119  107  124  117  123  126  118  110  109  111  103  121  111  107  119  117  123  115  120  113   21
ch:   7  139  125  138  123  122  132  124  124  139  123  131  124  120  125  120  120  120  127  125  121  127  126  133  130  125  113  119  125  121  121  121   36
ch:   8  134  133  127  145  124  123  131  123  134  120  124  116  119  109  123  109  116  109  121  104  118  114  117  110  115  114  104  108  117  125  104   31
ch:   9  135  133  137  123  130  139  125  136  126  130  120  123  124  131  130  116  126  126  118  124  126  124  120  119  123  122  124  123  123  121  126   45
ch:  10  131  132  130  130  133  134  131  111  130  124  123  119  119  117  119  114  116  115  106  118  116  111  120  120  110  119  106  120  113  110  107   28
ch:  11  132  139  131  140  125  132  126  130  125  134  122  136  134  125  117  122  117  126  138  121  126  118  136  122  115  136  127  120  126  137  120   52
ch:  12  125  134  132  135  123  124  121  122  134  136  126  118  123  124  123  118  121  119  118  121  115  110  105  102  113  115  106  122  112  121  121   37
ch:  13  130  131  126  133  122  126  131  136  135  133  122  136  124  131  121  121  134  131  118  123  122  118  119  131  120  121  115  135  120  137  131   56
ch:  14  129  139  121  131  131  124  119  131  126  121  108  122  129  124  122  130  121  120  124  122  123  106  115  121  109  115  131  118  118  110  122   28
ch:  15  121  143  124  131  134  133  139  131  136  135  120  116  131  118  125  136  117  130  126  122  122  126  139  128  130  118  132  125  121  126  130   49
ch:  16  138  126  126  132  124  123  125  119  124  133  131  118  121  116  117  114  110  116  132  108  117  109  123  111  124  104  111  121  115  114  110   26
ch:  17  141  138  134  127  137  139  124  138  123  122  117  125  123  122  118  120  119  133  125  122  134  123  132  121  119  111  121  123  123  115  127   36
ch:  18  119  137  120  125  137  133  129  118  131  127  123  120  118  126  121  114  115  109  105  115  108  116  117  106  110  109  121  115  114  119  108   27
ch:  19  138  135  133  138  131  124  125  121  123  137  123  124  135  125  125  118  122  123  130  119  127  124  125  117  122  119  131  126  129  123  122   37
ch:  20  126  137  131  124  125  137  130  123  131  119  132  120  126  132  125  124  124  123  108  129  109  124  110  123  124  127  115  106  116  120  121   30
ch:  21  131  147  130  124  137  126  134  130  133  118  132  125  127  122  127  122  127  119  135  121  121  122  122  118  135  124  118  123  119  127  136   54
ch:  22  127  133  121  116  116  123  125  133  135  124  131  124  126  109  109  133  114  110  120  105  122  116  116  115  115  106  118  116  109  100  123   28
ch:  23  127  126  126  137  138  131  123  123  126  121  125  118  131  132  125  126  126  134  125  120  125  120  130  124  131  125  122  137  126  131  131   40
ch:  24  146  134  122  137  136  126  130  118  133  132  131  120  126  123  117  122  126  120  124  124  118  120  121  117  120  131  121  123  124  123  107   33
ch:  25  124  132  136  137  124  135  124  132  123  122  131  124  124  134  123  117  126  134  121  126  135  133  124  131  122  118  124  135  122  126  123   48
ch:  26  134  131  125  123  126  124  123  121  124  124  135  124  118  120  124  127  131  118  117  106  107  119  113  113  119  117  117  117  123  107  120   33
ch:  27  133  125  130  132  137  131  133  131  122  135  121  122  132  127  129  122  121  120  118  132  118  131  121  133  124  119  130  125  130  124  127   53
ch:  28  132  131  148  130  131  123  129  133  130  136  123  127  130  111  128  125  119  122  118  129  114  120  122  108  107  122  116  109  122  122  121   35
ch:  29  125  138  125  132  124  137  130  136  131  131  131  131  126  131  127  132  124  132  125  120  132  133  123  127  121  133  130  125  133  125  136   55
ch:  30  131  130  134  140  126  125  122  122  126  123  117  122  118  125  117  120  123  115  117  123  112  107  123  110  117  105  117  124  123  116  122   38
ch:  31  126  131  125  126  126  123  138  133  129  121  134  135  127  134  129  132  122  117  125  130  123  126  130  124  129  131  123  133  130  131  139   45
ch:  32  141  131  132  132  134  126  130  131  125  132  126  120  117  126  123  119  114  119  121  111  116  116  124  110  118  120  118  118  122  117  113   31
ch:  33  137  126  136  138  130  134  135  129  124  131  125  124  132  134  125  121  119  132  123  124  130  127  122  121  115  130  125  130  121  128  118   48
ch:  34  134  126  122  125  132  123  115  119  125  114  122  122  118  121  121  116  121  115  115  120  107  113  107  132  132  123  115  118  116  124  121   40
ch:  35  139  137  135  132  126  120  135  133  132  140  121  137  136  137  121  118  124  131  126  139  136  124  123  137  131  122  134  126  133  129  142   45
ch:  36  131  127  131  126  124  126  127  135  134  120  134  123  133  125  122  106  120  130  115  121  117  117  123  114  118  116  120  123  109  118  124   35
ch:  37  134  133  137  134  133  140  135  131  133  141  138  135  122  138  136  130  123  118  119  116  125  131  124  125  122  118  121  132  137  132  140   49
ch:  38  130  136  132  131  136  121  123  120  135  119  124  132  121  134  121  120  134  123  126  120  119  110  117  108  120  124  124  119  135  126  116   36
ch:  39  140  130  135  134  120  130  133  124  132  136  141  134  136  137  131  133  138  116  117  123  127  135  132  117  125  132  126  126  137  126  129   43
ch:  40  132  137  127  125  131  124  137  134  120  115  125  110  131  120  116  121  120  130  116  116  121  120  121  116  123  118  121  116  121  114  120   43
ch:  41  134  135  133  124  133  125  135  132  134  134  135  133  120  137  126  123  131  124  125  124  120  127  136  117  123  136  126  135  136  137  132   45
ch:  42  132  132  122  130  129  127  132  129  130  130  118  124  123  123  128  116  116  105  124  119  118  116  127  115  117  121  121  122  114  122  107   36
ch:  43  139  133  135  141  130  131  127  122  133  136  131  125  132  132  123  126  131  132  126  118  117  122  119  124  124  126  119  116  117  131  122   46
ch:  44  146  134  134  132  135  126  126  123  133  120  121  125  130  133  121  132  121  124  121  123  120  115  106  126  116  125  117  118  124  122  123   37
ch:  45  147  134  138  133  135  131  132  136  123  130  134  120  138  129  125  129  123  119  135  132  132  119  117  118  125  127  119  124  120  136  109   39
ch:  46  132  132  120  120  124  134  131  125  129  134  137  122  121  117  116  114  119  119  126  123  123  107  117  115  126  123  116  123  131  118  125   39
ch:  47  140  127  135  139  141  133  126  136  120  123  131  124  122  130  126  120  122  124  125  137  131  121  118  122  126  109  123  126  119  117  122   53
ch:  48  133  133  119  139  137  133  138  123  120  138  127  125  130  126  124  124  127  117  119  113  120  124  116  116  125  129  123  118  110  123  125   39
ch:  49  140  132  139  132  130  134  126  140  138  138  135  126  127  132  125  137  123  134  123  133  121  133  124  141  121  119  131  128  122  131  134   41
ch:  50  127  124  121  123  131  127  126  137  122  119  122  106  118  120  123  126  121  125  117  117  116  115  120  117  121  110  121  131  124  118  109   35
ch:  51  135  131  145  142  134  133  135  136  133  131  135  136  127  137  133  132  130  130  116  130  126  120  123  130  131  120  118  131  127  133  135   40
ch:  52  138  140  132  131  127  134  134  131  122  123  123  119  122  118  124  126  133  130  110  122  123  118  122  133  113  107  118  120  111  108  125   32
ch:  53  134  126  135  133  156  132  134  133  135  135  134  123  134  131  136  130  121  120  118   -1  136  126  124  131  125  133  120  135  121  124  133   56
ch:  54  134  132  150  138  127  133  133  135  131  122  123  131  121  134  119  123  108  127  119  123  123  106  119  126  120  123  121  118  114  125  120   38
ch:  55  122  139  124  134  134  132  136  134  124  125  132  130  131  132  133  132  126  132  123  126  124  126  131  122  124  121  126  136  132  134  134   53
ch:  56  139  133  132  126  129  121  133  134  132  122  126  132  126  131  122  125  117  126  121  120  120  120  123  107  120  115  120  120  120  123  119   34
ch:  57  137  141  137  137  132  135  125  138  138  131  134  133  126  139  133  133  132  132  126  132  124  131  134  136  133  127  133  133  133  135  130   52
ch:  58  132  135  132  134  134  134  122  136  123  124  134  131  119  119  131  124  118  117  122  123  114  120  111  123  131  120  118  117  122  119  117   35
ch:  59  123  138  133  140  122  134  136  138  135  132  136  132  126  129  137  125  120  135  131  126  123  126  145  115  124  120  130  130  149  134  122   45
ch:  60  132  126  134  139  132  125  130  134  133  123  126  118  122  122  120  130  121  109  110  117  108  125  105  126  124  120  121  119  120  118  122   31
ch:  61  138  136  126  150  126  137  138  139  132  134  126  130  133  132  123  131  141  131  130  134  123  132  130  124  136  140  138  140  126  133  132   49
ch:  62  135  137  132  126  131  133  130  132  117  127  126  124  121  120  116  110  123  126  120  121  123  120  121  116  125  118  134  119  120  122  121   39
ch:  63  137  134  131  133  133  130  135  132  134  133  138  141  124  126  137  126  138  136  135  125  132  124  125  130  124  136  120  136  136  125  126   49
ch:  64  125  138  136  137  127  140  117  136  119  125  137  134  133  122  121  116  109  121  122  121  116  136  118  122  119  122  119  122  126  132  126   36
ch:  65  135  136  134  139  138  132  133  139  123  129  135  132  123  139  131  137  118  126  134  126  123  133  117  124  125  127  130  124  135  125  123   45
ch:  66  130  125  129  126  122  136  135  132  130  131  126  132  123  132  132  126  125  120  126  123  130  124  132  105  130  130  125  131  134  127  121   37
ch:  67  138  132  133  127  131  135  142  130  136  141  134  125  136  132  130  131  130  126  130  122  137  135  134  142  121  130  133  124  139  133  132   50
ch:  68  135  140  132  138  132  123  131  123  127  132  132  136  131  120  110  116  120  124  116  120  131  120  124  116  122  119  110  120  126  120  125   45
ch:  69  141  132  143  143  141  139  132  141  129  131  125  139  129  125  117  122  127  131  146  135  125  138  132  136  125  135  131  132  137  137  137   43
ch:  70  139  134  125  133  125  135  132  140  134  131  131  123  129  123  127  124  124  121  125  120  120  120  123  132  118  125  131  118  126  126  131   31
ch:  71  131  132  124  142  133  139  133  140  132  132  133  136  120  124  123  135  139  139  138  125  136  131  124  124  134  123  141  134  135  126  127   54
ch:  72  135  125  136  135  124  132  124  134  120  125  131  130  131  124  135  120  119  130  120  129  122  120  131  125  120  106  131  120  130  126  131   31
ch:  73  137  140  136  139  127  140  143  132  137  120  133  135  133  138  131  122  133  131  134  127  123  124  128  131  133  121  124  125  127  131  131   46
ch:  74  136  131  133  122  132  137  134  134  124  134  130  131  121  113  119  123  122  131  114  115  122  108  110  119  122  109  123  117  119  127  119   28
ch:  75  126  126  139  133  131  132  135  139  134  125  124  135  130  125  134  140  129  125  120  134  129  138  124  113  122  126  118  123  125  121  129   43
ch:  76  138  130  139  136  131  138  131  132  133  115  131  133  133  123  132  134  134  107  111  124  118  121   -1  122  122  117  123  130  119  129  123   33
ch:  77  132  143  135  142   -1  147  136  134  137  126  131  123  125  138  121  131  130  129  126  124  135  133  130  132  137  126  118  135  136  132  135   51
ch:  78  132  126  132  136  131  126  120  131  129  122  120  124  115  129  121  122  119  125  127  117  122  121  118  113  117  119  130  121  120  122  119   34
ch:  79  132  134  130  131  133  137  129  141  122  121  124  138  123  122  133  124  140  140  115  131  127  123  127  126  136  126  120  135  125  124  147   44
ch:  80  141  124  126  134  139  139  123  133  133  130  133  134  123  133  134  124  121  125  124  123  130  123  125  122  125  123  131  125  121  134  126   43
ch:  81  152  136  133  131  141  134  122  135  134  132  123  132  121  130  137  138  135  132  121  131  131  124  126  125  131  130  126  126  134  139  136   49
ch:  82  130  130  137  134  138  130  122  132  125  132  124  120  121  125  132  124  121  109  121  123  115  118  107  127  115  120  116  118  122  119  122   29
ch:  83  140  130  132  137  129  130  138  121  129  131  138  122  142  147  124  137  123  125  126  119  129  134  136  120  129  133  133  126  132  141  123   56
ch:  84  134  126  132  125  126  123  125  130  131  121  134  131  130  120  107  119  118  122  129  124  114  121  122  116  126  120  125  118  120  123  130   29
ch:  85  132  135  133  130  132  134  135  131  134  137  141  132  132  135  124  131  121  131  122  126  131  126  133  136  123  119  135  119  123  132  125   56
ch:  86  147  132  129  131  133  125  133  132  131  133  118  125  133  126  119  120  130  115  110  118  113  106  113  118  116  126  114  122  132  124  122   34
ch:  87  137  142  124  136  133  140  133  135  125  131  126  134  134  148  132  126  125  135  135  136  124  131  130  131  132  123  133  124  131  146  131   34
ch:  88  135  135  134  137  135  139  134  123  124  126  116  128  118  120  122  120  119  108  121  120  116  107  116  118  121  116  110  107  124  117  118   38
ch:  89  136  147  138  134  139  137  132  134  126  134  125  134  126  134  127  130  135  136  129  127  131  133  130  120  131  134  132  133  132  137  136   50
ch:  90  132  137  126  134  129  138  132  126  133  135  131  120  125  131  123  119  125  120  109  120  121  114  120  108  123  119  120  122  121  125  108   30
ch:  91  132  123  132  132  121  131  123  132  135  122  137  134  134  117  131  125  135  120  132  126  133  131  109  119  130  136  125  135  130  126  129   56
ch:  92  143  134  132  140  132  130  126  123  118  122  126  123  123  124  129  121  124  110  130  114  121  129  124  114  122  116  110  123  120  126  120   37
ch:  93  139  132  134  141  140  123  134  135  127  137  135  127  133  142  136  133  122  125  125  125  123  136  132  136  131  131  123  124  141  136  122   41
ch:  94  132  140  138  122  122  136  132  133  125  121  134  116  130  124  122  118  122  117  120  120  121  115  118  114  118  117  117  110  121  109  130   30
ch:  95  136  138  136  132  140  134  131  121  118  125  136  132  124  124  133  123  130  131  131  124  125  127  122  127  132  122  127  124  138  130  130   55
ch:  96  133  138  130  135  138  119  124  121  123  125  120  122  119  122  124  126  120  137  122  130  121  126  117  118  118  115  121  118  119  123  117   32
ch:  97  143  137  145  138  133  142  127  133  125  134  126  132  123  118  119  134  127  126  119  133  126  123  134  123  140  132  123  126  121  134  124   49
ch:  98  133  117  124  136  135  134  125  131  131  133  121  119  129  124  122  122  118  110  110  124  118  107  122  110  119  119  119  118  117  123  113   42
ch:  99  136  139  129  139  127  132  122  136  133  135  137  135  123  121  131  147  130  124  121  124  130  124  125  126  116  126  123  123  130  135  137   52
ch: 100  134  131  134  136  139  132  136  126  138  115  130  122  126  124  106  122  130  130  124  122  116  108  111  110  117  119  107  121  124  118  127   34
ch: 101  131  121  139  138  140  132  131  124  129  115  124  124  125  134  126  123  122  127  131  124  127  118  126  118  132  124  127  121  131  130  135   56
ch: 102  136  128  123  134  132  117  132  138  124  130  117  121  125  121  110  117  125  115  103  129  126  122  121  122  107  107  116  116  122  109  120   31
ch: 103  133  139  137  136  135  135  125  135  140  131  133  125  136  133  125  121  120  129  126  121  132  121  130  126  119  124  121  130  130  132  133   56
ch: 104  130  125  122  133  131  129  122  134  129  126  123  133  129  126  127  125  122  133  131  119  115  135  122  118  108  125  114  131  133  121  117   27
ch: 105  140  148  130  125  136  136  134  133  122  122  127  137  131  133  120  122  120  124  124  132  125  122  133  123  132  127  136  133  135  136  127   55
ch: 106  138  134  129  132  130  133  136  138  114  136  135  125  131  126  130  134  116  120  125  123  124  118  123  125  114  121  124  115  121  120  122   32
ch: 107  137  124  137  129  143  135  134  135  135  136  137  140  127  136  122  134  134   -1  133  123  123  125  121  122  133  119  119  120  121  121  118   46
ch: 108  123  135  137  130  122  126  136  133  139  120  126  122  122  118  126  117  120  123  123  133  119  117  125  120  121  126  120  126  115  125  125   36
ch: 109  147  134  137  132  121  124  124  134  120  133  134  136  134  134  138  116  116  126  136  124  124  123  123  123  131  130  129  132  131  132  135   49
ch: 110  131  137  132  131  125  132  130  126  134  122  130  121  132  132  120  130  110  122  129  120  119  118  117  118  120  135  116  116  124  126  110   37
ch: 111  133  142  124  131  138  123  125  136  123  135  143  139  134  117  131  126  129  124  118  138  132  133  111  120  134  121  121  113  122  140  133   49
ch: 112  143  132  130  123  129  133  134  134  137  117  124  132  129  125  134  134  121  125  122  120  131  117  122  123  116  116  111  119  123  119  126   39
ch: 113  134  131  132  136  134  125  123  131  140  134  131  132  119  132  129  132  116  130  123  132  117  121  119  124  119  123  124  134  132  132  123   41
ch: 114  133  130  126  136  133  131  131  118  140  135  129  118  119  119  110  118  124  108  116  126  134  109  110  118  110  118  118  116  123  116  117   36
ch: 115  136  139  130  135  138  146  135  136  125  135  131  127  122  133  125  124  107  121  120  115  123  122  130  133  117  125  120  110  125  133  132   52
ch: 116  139  126  131  122  130  126  130  126  130  124  123  129  121  134  124  110  116  121  116  121  127  124  125  122  109  122  126  123  123  124  121   40
ch: 117  132  133  140  130  134  140  127  123  133  133  119  122  121  133  139  134  131  124  126  124  122  118  127  121  123  121  120  127  124  126  120   48
ch: 118  130  132  130  123  134  124  131  121  122  130  125  127  120  116  121  107  123   99  113  125  110  104  111  115  123  126  120  115  121  107  119   41
ch: 119  141  139  127  135  134  126  131  131  124  132  133  126  133  120  135  121  124  132  123  130  117  120  126  115  119  127  122  124  127  126  121   42
ch: 120  141  137  131  129  132  134  131  126  130  134  133  132  127  123  132  112  123  127  121  121  109  106  118  122  122  119  121  126  121  117  120   30
ch: 121  141  135  136  121  129  139  126  124  137  133  137  123  134  132  131  125  134  121  124  126  131  136  117  116  130  134  122  123  125  122  120   37
ch: 122  132  136  134  131  123  126  134  121  119  130  123  122  133  119  125  132  124  120  130  114  122  120  131  121  116  115  120  120  121  130  119   34
ch: 123  133  132  135  141  129  140  124  135  122  130  122  137  137  121  124  133  125  111  133  124  119  122  126  122  129  121  121  134  131  134  131   54
ch: 124  132  127  132  132  131  126  138  124  135  129  118  108  131  128  127  118  108  115  114  123  118  123  116  132  110  120  126  122  123  121  117   39
ch: 125  131  136  127  137  135  139  123  139  129  135  125  130  131  135  132  125  130  135  140  136  133  125  130  122  118  120  132  122  132  130  125   55
ch: 126  139  130  139  125  132  136  137  132  130  130  123  130  119  122  121  131  122  129  120  132  123  117  121  115  115  121  124  119  122  118  121   26
ch: 127  136  139  146  150  141  137  138  130  138  130  131  132  133  136  131  124  140  125  135  133  116  146  132  126  133  124  126  138  130  130  126   47
