# ID XA-000-08-002-000-004-033-06
# Tag _trim_
# Date 240426_20:24:39
# Vref_p 54
# Vref_n 20
# Thr2_glb 32
# Vref_t 118
# Vref_t_range 1
# Pol 1
# ADC range 30-247
# FAST disc 30
ch:   0  147  139  146  143  148  137  147  125  138  133  137  131  136  134  134  140  140  126  125  124  120  123  135  121  120  120  126  133  124  122  136   24
ch:   1  142  138  138  137  126  137  126  140  121  151  148  135  135  123  125  134  131  124  131  119  122  133  125  129  133  121  123  124  141  141  139    3
ch:   2  142  121  139  130  139  136  126  130  134  138  140  126  126  130  123  131  125  133  126  137  118  123  118  141  123  125  116  123  138  121  136   49
ch:   3  136  145  136  140  136  135  131  132  136  135  132  141  123  132  126  118  134  118  116  133  131  116  125  122  121  118  123  125  116  136  137   10
ch:   4  147  140  127  133  135  141  139  138  135  132  136  123  132  123  135  126  131  121  124  125  122  133  110  109  122  123  130  133  123  136  131    8
ch:   5  139  133  147  133  142  123  139  133  133  135  134  132  121  131  138  118  122  119  123  126  123  124  108  116  132  119  125  133  133  124  136   13
ch:   6  139  147  132  148  141  125  132  138  135  121  139  119  124  140  124  121  122  120  141  118  120  139  114  120  123  124  122  119  120  127  139    7
ch:   7  147  149  141  133  140  142  137  137  124  138  137  132  124  132  137  130  118  126  121  133  140  125  125  129  132  122  133  135  124  141  138   14
ch:   8  151  149  151  137  139  125  132  131  133  134  123  126  122  131  118  120  126  119  126  122  121  119  116  123  127  123  122  123  117  126  133   24
ch:   9  132  133  137  134  133  139  131  123  133  131  127  119  121  140  122  125  135  119  120  134  123  132  117  118  122  131  119  138  119  121  133   12
ch:  10  135  137  149  139  145  134  137  132  124  137  140  139  132  133  125  119  123  119  118  120  116  122  133  134  124  123  137  126  121  133  136    6
ch:  11  146  146  134  141  134  139  148  129  137  138  125  131  135  127  125  140  120  123  132  132  129  133  132  121  127  115  122  121  132  119  144   17
ch:  12  153  139  133  146  136  150  126  138  124  131  137  133  139  133  119  121  135  125  133  125  111  120  131  132  131  132  126  118  130  120  137    7
ch:  13  135  139  148  141  138  147  130  131  116  123  126  123  133  125  133  121  125  119  136  140  122  121  131  132  120  132  133  135  125  138  131   20
ch:  14  155  122  140  140  138  132  139  134  125  139  124  126  134  123  131  131  135  134  135  133  119  110  118  122  125  123  109  136  132  130  125    5
ch:  15  137  147  132  139  132  125  132  139  127  133  122  132  132  122  133  135  123  123  111  126  110  125  132  125  116  122  125  121  136  123  139   15
ch:  16  140  150  151  138  135  141  140  126  147  124  137  125  134  132  133  132  134  131  118  116  134  117  124  131  136  125  121  133  126  131  142   14
ch:  17  151  136  139  147  132  132  145  135  150  134  135  136  131  131  121  124  131  125  119  118  130  127  120  122  132  126  133  137  117  137  138   23
ch:  18  140  136  138  133  134  137  131  139  137  122  124  123  137  132  122  120  124  133  119  122  124  132  117  124  118  119  127  119  124  132  127   16
ch:  19  132  147  140  135  133  130  132  136  130  123  132  132  117  134  133  124  120  131  123  125  122  133  121  125  137  123  125  132  125  141  132   12
ch:  20  135  147  135  133  124  137  134  126  139  125  123  132  134  134  123  123  130  138  127  111  131  121  115  121  120  122  134  124  123  134  132   10
ch:  21  138  137  138  140  133  134  132  140  148  131  133  133  135  133  123  121  120  121  136  125  124  133  125  133  132  124  132  134  137  125  122   16
ch:  22  134  139  149  138  135  145  133  134  130  132  141  136  136  122  132  133  131  130  121  135  121  135  116  131  131  121  123  127  126  131  120    8
ch:  23  152  135  133  134  132  136  139  140  133  139  116  131  125  133  137  131  132  140  123  122  121  118  123  119  124  131  122  141  131  136  136   20
ch:  24  135  140  141  136  134  137  134  139  135  129  138  124  135  133  137  137  129  126  121  129  137  126  127  132  141  119  120  127  137  117  136   12
ch:  25  148  142  137  133  134  137  139  141  145  136  131  135  138  124  118  131  122  122  123  119  123  122  129  119  125  123  125  126  124  119  134   17
ch:  26  150  141  134  137  134  140  135  137  134  135  131  130  134  122  135  122  135  118  125  135  127  122  133  123  122  118  133  131  122  138  136   12
ch:  27  150  135  140  145  136  134  123  121  131  139  135  123  135  135  132  134  124  137  123  121  138  131  134  126  132  132  120  130  132  140  135   14
ch:  28  138  137  136  136  136  140  139  136  134  131  135  125  122  119  124  138  114  123  135  129  120  133  122  133  125  132  131  122  139  139  138   16
ch:  29  142  140  150  125  142  138  147  126  139  135  133  125  131  135  135  125  135  125  126  127  127  133  116  132  131  131  135  134  132  136  149   11
ch:  30  138  134  137  137  134  140  141  148  124  130  133  137  118  121  135  118  116  135  125  120  121  121  133  122  130  135  130  134  132  133  118   19
ch:  31  150  141  132  135  142  148  133  134  140  134  132  124  131  133  130  125  133  126  134  127  131  145  131  136  126  132  125  132  130  138  132   16
ch:  32  149  136  142  134  138  125  137  132  148  135  138  127  123  121  135  136  132  118  123  134  134  123  125  124  117  137  119  133  123  120  138   12
ch:  33  152  149  138  140  131  146  122  140  120  124  137  125  136  124  134  132  130  132  137  124  124  131  125  139  124  126  132  131  135  125  130    8
ch:  34  126  138  134  140  134  125  125  125  124  134  134  141  124  126  117  127  139  131  133  133  123  134  121  118  121  125  131  123  134  133  135   14
ch:  35  148  134  136  139  133  136  135  122  125  133  136  130  140  120  123  119  120  123  124  133  134  119  135  133  134  133  134  134  137  132  138   13
ch:  36  138  147  140  141  137  142  126  137  127  137  132  124  126  124  140  125  125  124  134  130  119  126  118  123  120  132  120  135  132  139  140   13
ch:  37  140  146  135  138  142  132  124  154  125  135  133  125  124  124  136  138  133  123  133  132  135  126  138  119  135  125  139  133  137  135  143   16
ch:  38  132  141  150  136  136  131  122  135  122  133  122  122  138  134  116  127  122  121  131  130  133  108  121  136  131  131  131  127  122  127  135   23
ch:  39  146  138  139  137  133  145  134  137  132  130  127  132  126  130  120  124  129  126  130  116  120  138  123  123  131  122  120  124  126  134  135   10
ch:  40  146  136  133  141  122  136  136  146  122  132  137  114  116  136  136  148  120  121  127  127  139  132  125  119  135  124  121  124  132  141  135   17
ch:  41  134  141  135  140  122  134  123  131  136  133  138  121  125  132  127  122  133  134  119  119  122  126  120  132  127  136  121  123  148  148  139   23
ch:  42  138  147  139  133  135  137  132  139  136  134  123  131  135  123  138  123  120  115  131  130  118  124  124  125  120  127  133  126  137  120  134   11
ch:  43  136  142  127  137  131  135  129  127  121  139  135  141  133  134  127  134  124  126  126  137  124  133  126  132  123  134  136  137  136  146  149   13
ch:  44  147  136  133  135  131  130  139  138  135  126  126  134  147  126  137  136  137  120  134  134  134  127  118  134  134  120  132  131  123  133  137   16
ch:  45  149  136  138  138  132  136  134  135  138  133  136  126  132  131  133  134  127  124  130  134  123  135  133  122  124  134  133  125  132  147  139   28
ch:  46  136  153  149  138  132  146  125  136  132  135  137  132  132  124  132  130  126  123  126  122  121  131  136  117  132  135  130  134  123  138  135   14
ch:  47  140  148  132  141  156  136  132  121  133  138  133  134  123  132  120  134  147  130  133  137  116  135  125  135  133  122  132  133  133  135  119   13
ch:  48  133  145  139  131  139  136  132  131  134  130  126  133  132  125  148  126  126  123  130  119  115  123  124  119  137  140  124  123  125  119  149   18
ch:  49  140  150  148  138  135  132  134  134  132  136  135  124  130  134  140  119  133  131  110  122  139  134  120  135  132  124  133  133  140  135  135   15
ch:  50  139  135  141  139  136  121  132  134  136  134  115  137  136  123  135  131  126  123  123  125  126  123  123  134  124  120  131  136  126  137  139   19
ch:  51  138  138  140  150  135  138  136  139  136  131  126  126  133  132  124  124  127  123  122  129  133  124  123  131  138  118  118  122  134  139  156   16
ch:  52  147  135  137  137  135  135  134  125  131  131  120  119  131  134  124  132  118  119  133  127  131  126  132  122  121  131  132  132  120  125  121   22
ch:  53  136  147  151  137  137  136  140  134  124  139  134  137  146  138  118  126  132  130  123  123  125  120  135  133  134  132  126  140  131  135  135   19
ch:  54  146  124  152  141  136  127  147  135  139  135  136  130  132  133  122  133  119  131  134  118  133  142  130  135  124  119  135  131  140  125  138   19
ch:  55  135  145  146  137  150  133  147  138  134  125  141  135  126  122  136  133  133  126  139  150  120  138  127  133  134  135  132  120  140  150  135   26
ch:  56  133  138  148  142  140  152  133  139  132  130  124  132  133  134  125  133  131  134  138  132  125  126  131  139  132  136  136  136  125  131  139   20
ch:  57  136  139  134  141  145  136  137  130  139  124  131  137  136  135  131  134  138  134  122  123  130  126  134  137  141  134  134  125  132  140  141   14
ch:  58  149  146  133  129  133  121  126  131  140  135  132  126  149  132  122  125  119  137  113  137  139  131  121  124  135  133  131  135  132  134  133   16
ch:  59  140  138  139  127  135  137  137  132  133  122  132  123  135  132  123  124  126  134  127  118  137  135  124  130  123  127  137  146  131  136  137   17
ch:  60  139  139  148  140  138  138  132  135  123  131  133  127  131  116  132  126  123  134  136  134  131  124  122  122  121  136  129  118  135  135  139   19
ch:  61  145  133  142  151  132  147  134  138  135  125  133  135  130  122  137  136  131  124  132  132  123  137  123  127  127  131  133  130  142  139  139   16
ch:  62  136  148  138  142  139  131  138  124  131  140  122  122  123  124  130  129  131  121  122  124  123  127  133  136  130  133  122  132  136  138  122   20
ch:  63  141  134  149  141  147  137  125  134  130  121  131  120  131  143  137  126  125  124  137  131  140  109  135  120  131  127  136  139  140  140  141   14
ch:  64  132  146  146  134  135  151  139  142  131  117  138  123  126  124  125  122  134  125  135  140  124  122  132  131  122  125  136  135  121  138  134   17
ch:  65  140  132  139  138  133  137  147  129  138  124  138  135  139  142  123  119  132  130  132  134  137  134  132  132  135  135  137  134  124  135  140   29
ch:  66  146  156  150  138  150  133  133  125  133  141  136  130  134  131  138  134  121  130  131  127  131  139  124  124  133  147  139  125  136  135  141   15
ch:  67  150  138  149  140  139  137  134  133  135  139  137  136  136  147  141  137  135  135  132  136  132  137  136  136  134  133  149  138  138  148  136   21
ch:  68  151  140  142  138  138  153  138  132  132  135  138  129  139  123  132  134  138  132  122  124  123  119  130  138  131  135  133  136  133  141  147   18
ch:  69  138  138  139  147  132  152  136  132  137  150  124  140  118  134  120  130  139  132  138  131  131  139  130  134  126  123  136  138  133  125  142   26
ch:  70  147  135  136  141  136  141  138  145  143  141  137  121  125  135  131  122  140  127  139  133  122  135  124  131  133  142  123  137  140  139  139   14
ch:  71  134  137  152  135  136  140  134  131  142  134  133  140  137  132  126  139  137  120  121  136  132  138  126  132  135  134  124  136  139  132  147   19
ch:  72  140  146  146  140  135  145  137  123  137  135  133  133  136  136  140  137  123  137  118  123  124  133  134  125  130  139  139  142  149  136  133   22
ch:  73  148  139  140  147  123  139  140  132  133  136  141  139  135  135  123  124  135  127  133  126  135  131  137  138  137  133  132  135  146  147  139   28
ch:  74  137  137  150  142  134  138  137  130  136  132  138  148  139  120  132  126  125  132  137  125  132  134  138  132  135  134  136  122  139  137  130   11
ch:  75  143  142  139  132  124  129  134  133  123  142  134  141  130  123  124  135  149  126  135  127  140  126  124  124  125  124  137  134  134  125  140   25
ch:  76  140  150  143  149  136  139  141  142  134  137  136  137  120  138  133  127  146  136  120  119  135  137  139  134  134  132  136  127  133  137  141   16
ch:  77  138  138  138  140  140  138  123  136  131  137  131  132  130  131  133  136  127  134  133  131  131  137  132  137  122  134  136  134  137  133  136   12
ch:  78  148  137  149  154  141  135  137  146  134  147  133  123  138  125  155  138  143  132  147  126  137  136  133  140  138  133  134  153  131  136  148   11
ch:  79  136  139  151  124  136  142  146  133  135  138  135  130  141  134  125  142  138  126  127  136  130  124  133  133  138  134  153  134  123  138  137   12
ch:  80  149  135  124  142  140  139  126  121  146  134  137  131  149  147  138  141  132  125  137  136  129  119  133  135  122  134  141  133  135  137  132   15
ch:  81  138  148  141  138  139  138  136  126  135  130  118  131  136  137  136  134  122  126  121  124  124  137  132  124  136  121  133  136  134  133  141   20
ch:  82  134  140  137  137  141  138  132  139  137  138  142  141  139  124  131  140  125  135  132  140  133  140  135  127  132  132  135  125  141  132  135   20
ch:  83  141  139  147  139  134  140  134  139  137  133  124  122  125  139  135  136  125  127  120  132  122  126  139  126  135  123  147  139  126  134  146   10
ch:  84  140  145  141  146  136  136  138  133  140  139  131  130  138  149  133  133  133  139  141  124  132  135  136  135  136  137  136  130  141  147  139   24
ch:  85  143  142  134  139  140  136  135  138  137  133  141  140  140  134  134  138  134  131  140  135  130  129  138  135  139  142  137  139  133  132  149    8
ch:  86  136  151  148  143  138  142  140  139  139  125  134  132  135  129  132  122  139  132  134  122  141  119  134  134  139  127  136  140  137  137  148   18
ch:  87  134  140  137  133  132  147  138  137  132  132  140  135  125  149  139  138  136  132  132  142  138  127  136  139  132  134  138  132  146  143  139   13
ch:  88  153  140  138  138  142  141  148  136  133  130  123  142  137  135  137  134  134  135  133  134  129  150  146  132  124  121  133  149  149  151  136   20
ch:  89  138  136  143  125  147  136  133  142  141  123  131  126  138  127  124  127  136  127  126  125  124  122  140  139  131  124  136  139  137  132  139   12
ch:  90  146  144  133  139  136  137  139  138  133  135  136  138  137  139  137  142  136  154  145  124  127  133  136  132  146  134  137  146  139  135  140   20
ch:  91  148  138  150  140  153  141  138  131  134  139  137  134  135  140  128  135  124  145  134  142  133  140  133  125  138  135  137  126  137  140  141   13
ch:  92  152  135  148  154  135  139  150  137  135  149  125  140  134  140  140  135  133  138  126  132  140  133  141  139  139  140  135  134  145  141  134   19
ch:  93  133  135  139  134  136  132  134  133  138  137  124  125  135  134  136  133  135  136  134  132  133  124  119  143  131  133  132  137  139  134  147   15
ch:  94  141  152  139  134  136  134  140  149  130  118  135  134  138  131  138  126  133  123  126  131  132  133  138  121  134  131  131  138  140  130  140   21
ch:  95  143  126  137  124  132  134  148  136  132  121  134  135  123  136  126  132  141  126  139  117  137  132  140  124  135  138  134  120  136  141  139   18
ch:  96  135  142  136  141  139  142  135  136  127  135  133  138  137  131  136  139  134  131  142  119  121  132  146  121  139  141  135  142  132  125  139   18
ch:  97  136  130  137  142  139  132  135  147  131  135  135  137  124  127  133  124  131  133  131  132  140  123  134  117  141  138  137  135  135  150  138   15
ch:  98  145  133  137  138  138  122  138  123  135  135  124  141  142  147  132  132  135  134  124  133  133  131  133  121  133  131  125  138  135  139  141   19
ch:  99  151  146  137  134  139  140  132  136  136  133  123  131  125  122  137  119  134  137  131  126  131  131  126  132  128  134  138  135  132  137  131   16
ch: 100  142   -1  142  139  138  134  140  135  123  140  132  136  134  137  142  130  131  124  122  135  134  124  136  133  139  136  130  134  134  142  135   16
ch: 101  147  139  148  131  139  134  121  136  137  135  138  127  134  133  135  125  135  119  131  121  121  139  131  120  132  138  142  121  131  138  148   13
ch: 102  152  149  143  138  141  141  136  146  140  147  134  136  132  117  134  138  131  119  139  136  134  133  137  152  134  133  124  138  136  138  136   18
ch: 103  127  134  149  129  141  129  132  139  138  142  121  147  135  125  142  135  133  138  121  120  125  141  137  142  132  130  134  139  149  143  140   14
ch: 104  142  125  150  147  135  146  126  138  135  132  137  135  141  139  134  130  127  135  124  136  133  133  130  135  137  134  134  137  145  138  140   13
ch: 105  139  149  140  140  140  135  134  137  141  146  131  137  135  137  121  142  125  124  132  136  136  118  111  134  129  138  132  136  141  133  138   18
ch: 106  148  138  150  136  139  136  138  147  139  135  140  133  120  125  122  140  134  138  121  131  122  124  137  132  143  126  135  142  123  147  142   26
ch: 107  132  130  133  141  148  146  134  130  138  136  137  135  135  135  129  136  137  125  127  125  117  133  134  134  138  130  122  138  136  139  133   11
ch: 108  137  137  143  154  137  138  138  136  136  141  136  136  146  136  135  131  138  135  121  123  121  120  133  123  132  132  143  129  133  135  136   24
ch: 109  138  124  151  135  147  134  132  138  137  134  122  137  122  138  133  146  131  137  140  133  126  139  136  124  134  136  135  125  139  134  140   19
ch: 110  150  140  140  134  131  134  141  139  135  132  125  140  136  125  131  135  121  134  140  123  132  131  147  136  132  137  135  131  132  136  132   13
ch: 111  148  132  134  140  132  135  136  135  135  134  132  133  136  134  139  121  132  132  124  132  133  129  135  133  124  135  129  135  134  126  138    8
ch: 112  150  135  140  136  146  136  139  133  136  141  136  141  137  126  124  133  123  138  135  138  135  118  124  145  138  135  133  153  126  138  137   22
ch: 113  139  139  127  147  148  138  147  133  139  133  133  119  139  126  136  136  119  135  132  132  133  126  126  139  125  123  135  119  140  139  149   13
ch: 114  141  151  136  152  142  131  139  135  138  135  132  135  135  135  133  124  127  131  139  123  132  130  124  117  135  135  122  134  137  132  139   18
ch: 115  141  143  137  137  136  141  133  135  149  136  122  124  133  136  124  124  131  132  133  137  122  136  126  132  135  133  126  132  148  131  150    7
ch: 116  137  141  149  147  137  133  137  136  134  147  138  125  134  133  135  130  126  126  135  132  136  127  118  123  119   -1  131  140  135  126  125   24
ch: 117  135  132  141  142  146  126  132  133  126  125  132  125  132  134  130  126  131  130  137  125  131  136  137  133  130  124  117  125  135  134  134   14
ch: 118  153  138  137  136  150  147  134  133  123  148  136  136  131  123  141  124  123  147  133  131  140  119  116  126  132  124  141  124  135  138  125   24
ch: 119  136  148  137  135  130  149  145  136  138  131  135  123  141  122  127  133  131  125  132  134  123  137  136  140  133  127  140  136  143  142  148    8
ch: 120  150  146  139  139  138  137  125  135  136  127  135  133  124  122  132  129  150  132  124  121  123  124  124  124  133  124  140  137  125  127  135   24
ch: 121  125  137  147  133  132  122  140  148  142  140  123  140  134  133  142  137  127  136  135  139  123  140  133  133  138  125  139  135  136  131  125    7
ch: 122  138  143  142  132  142  130  132  139  138  138  132  135  140  125  132  133  124  133  133  140  123  117  123  138  126  132  125  126  125  133  136   18
ch: 123  137  134  137  136  136  132  136  122  141  137  133  123  132  132  147  130  139  126  123  134  134  137  136  123  139  119  120  132  135  126  143    9
ch: 124  140  140  139  136  124  143  136  140  147  136  137  148  134  130  137  137  137  135  123  138  124  139  132  133  129  122  126  126  131  137  134   17
ch: 125  147  155  137  135  153  141  148  134  149  135  149  152  137  151  137  136  132  124  137  127  125  139  149  122  130  155  131  133  138  136  126   -1
ch: 126  137  138  147  147  133  133  142  132  135  136  135  132  129  131  138  133  123  137  126  126  131  136  137  139  137  136  138  142  138  139  124   14
ch: 127  148  146  146  158  151  152  151  140  158  140  153  148  153  148  149  142  151  136  150  141  147  143  155  151  155  147  152  142  165  165  157   -1
