# ID XA-000-08-002-000-004-034-06
# Tag _trim_
# Date 240426_20:15:42
# Vref_p 56
# Vref_n 21
# Thr2_glb 31
# Vref_t 118
# Vref_t_range 1
# Pol 1
# ADC range 30-247
# FAST disc 30
ch:   0  133  123  130  130  133  124  123  117  119  120  123  124  127  110  108  118  119  114  112  116  111  107  101  110  106  100  120  114  122  124  130   17
ch:   1  124  124  125  124  126  136  126  124  123  118  117  105  113  107  104  115  115  100  115  117  108  110  115  110  101  102  107  107  117  121  109   11
ch:   2  120  138  118  131  122  129  113  120  125  117  117  116  108  116  101  118   -1  117  111  105  117  107  121  117  108  118  127  119  115  104  129   21
ch:   3  136  138  126  133  111  121  118  117   98  118  115  104  109  117  110  115  116  110  115  111  104  102  110  108  106  106  118  119  107  101  123   14
ch:   4  124  125  131  121  125  107  126  118  121  120  114  108  113  106  105  114  110  103  107  107  109  108  111  116  109  113  114  120  123  132  118   13
ch:   5  127  137  123  126  118  132  125  116  107  117  121  116  116  111  123  125  111  115  116  105  115  120  119  129  105  104  122  109  108  107  122   12
ch:   6  123  126  121  121  107  122  124  119  115  107  110  119  103  110  107  102  109  120  104  102  115  116  116  105  112  113  118  103  103  110  124   18
ch:   7  124  136  123  120  120  123  120  115  125  118  109  114  116  120  110  117  119  117  115  118  116  125  104  117  115  110  105  114  122  122  121   16
ch:   8  119  125  122  116  120  111  117  123  113  117  107  108  113  120  104  103  109  116  107  107  108  107  108  106  102  101  118  105  117  122  116   23
ch:   9  127  118  126  125  118  125  124  131  130  111  106  115  113  116  110  106  118  100  109  100  110  110  108  106  108  115  118  109  108  116  105   22
ch:  10  123  130  133  124  122  121  115  120  126  119  123  117  118  114  115  102  111  111  103  105  103  115  115  113  113  102  109  116  115  122   -1   28
ch:  11  134  126  132  135  137  120  115  123  116  123  114  123  123  118  113  122  123  115  103  105  123  109  110  119  107  120  115  110  104  114  118   21
ch:  12  130  131  134  131  130  118  119  120  121  120  116  110  125  105  119  117  117  105  110  108  114  116  119  122  117  117  109  121  109  117  114   25
ch:  13  130  120  122  123  131  125  132  121  105  125  117  122  108  123  109  113  120  118  110  111  125  120  115  115  117  123  115  121  115  119  125   18
ch:  14  122  137  126  130  123  133  119  118  118  122  118  117  101  119  116  115  106  108  100  110  110   -1  106  110  113  115  110  116  117   -1  125   25
ch:  15  140  132  134  135  120  131  134  124  123  117  115  115  116  119  121  117  120  105  108  125  120  114  119  119  105  110  111  126  126  113  127   15
ch:  16  145  130  135  125  124  119  123  119  124  116  135  121  116  123  116  117  117  108   99  116  108  108  120  118  120  119  118  122  122  122  124   17
ch:  17  127  126  122  119  117  117  123  123  129  124  113  118  116  110  120  108  108  109  110  121  108  121  106  106  114  111  110  117  116  119  125   16
ch:  18  135  124  137  132  133  123  121  116  130  117  109  119  122  117  126  110  122  109  104  102  119  120  117  116  124  114  120  110  108  123  117   19
ch:  19  122  137  121  123  127  132  123  125  120  106  120  119  130  125  110  119  118  122  120  114  115  110  108  109  110  105  109  118  122  118  125   12
ch:  20  124  121  134  136  123  116  121  132  120  116  124  117  115  120  104  101  108  109  117  101  105  114  115  104  106  107  107  126  106  120  111   19
ch:  21  130  122  132  130  139  112  131  127  116  122  110  123  115  119  107  107  115  108  116  117  124  117  124  125  109  115  119  120  124  117  121   11
ch:  22  129  139  132  131  115  122  127  134  120  108  130  110  117  119  110  119  116  121  107  108  109  114  118  106  131  108  107  104  125  139  126   34
ch:  23  149  135  124  135  125  120  119  118  130  127  115  116  118  124  115  122  126  115  121  124  104  122  119  111  123  115  125  114  125  116  122   18
ch:  24  123  125  125  132  125  131  127  121  116  117  123  117  111  117  103  117  117  107  120  116  121  102  117  118  106  110  118  117  106  115  131   16
ch:  25  124  132  125  123  132  119  117  116  123  122  119  122  117  118  119  111  118  117  123  107  122  121  118  110  115  107  116  108  126  131  130   20
ch:  26  132  124  136  133  116  122  132  114  125  117  109  118  120  115  119  120  116  110  111  115  109  110  122  115  118  111  120  117  122  121  125   29
ch:  27  139  127  125  119  130  114  125  120  121  119  121  124  128  125  120  110  121  109  107  110  109  114  124  126  117  120  118  116  124  132  129   18
ch:  28  132  135  118  115  132  119  119  116  118  129  117  120  130  130  113  119  116  109  113  115  129  110  118  105  115  116  119  109  121  133  126   31
ch:  29  132  125  129  135  133  122  136  124  122  117  136  110  116  125  124  119  109  118  117  115  114  110  119  119  111  127  116  121  116  119  121   16
ch:  30  129  120  126  122  132  119  119  120  118  122  116  122  119  113  118  116  111  105  120  116  116  104  120  105  120  113  110  122  117  118  120   26
ch:  31  120  138  121  122  119  116  121  115  125  120  117  130  122  118  111  116  117  116  120  115  120  118  117  118  127  115  126  115  117  120  107   10
ch:  32  137  123  118  132  122  120  127  123  125  126  117  100  115  118  118  116  105  122  117  122  109  119  111  118  109  115  124  110  119  123  130   20
ch:  33  125  137  127  129  128  135  129  117  131  117  123  125  111  109  117  119  108  122  114  116  110  121  114  108  119  120  122  117  126  133  126   14
ch:  34  132  126  130  119  125  121  118  130  124  114  110  121  126  119  125  108  115  109  121  109  125  123  108  108  119  117  125  119  119  122  119   30
ch:  35  135  123  129  130  124  130  120  125  115  119  118  120  119  125  123  118  119  135  118  125  110  116  117  122  134  126  139  130  123  116  132   17
ch:  36  131  138  126  122  123  124  124  132  132  121  121  121  119  108  108  125  115  110  122  107  123  121  105  118  124  119  108  115  130  119  135   24
ch:  37  132  120  117  120  121  131  133  121  120  120  121  122  119  124  114  107  137  110  126  115  115  116  125  126  118  118  113  117  126  135  124   23
ch:  38  135  124  131  124  121  117  137  120  120  122  123  124  119  106  117  119  119  117  123  119  120  105  107  124  118  120  118  118  117  119  125   24
ch:  39  125  116  122  125  131  119  117  120  116  134  132  126  111  107  109  115  123  120  118  118  119  114  119  117  129  126  124  132  124  126  132   22
ch:  40  126  128  123  120  133  122  121  126  118  120  118  119  108  126  108  115  118  116  111  118  114  120  118  117  114  118  116  116  105  119  132   23
ch:  41  120  123  131  134  132  122  132  118  126  122  116  121  119  110  123  105  126  110  126  117  122  126  120  120  115  110  109  119  124  115  125   22
ch:  42  137  121  131  129  132  122  127  118  129  124  122  119  130  116  116  119  122  121  108  109  119  121  114  116  123  116  122  119  125  126  132   33
ch:  43  132  125  121  133  122  127  125  133  123  114  116  119  119  117  117  127  110  119  111  109  120  120  120  124  120  123  116  127  123  125  136   12
ch:  44  129  133  127  124  136  132  127  126  110  120  124  111  123  122  123  119  127  122  119  116  130  118  119  120  113  111  121  121  131  121  120   18
ch:  45  122  132  125  115   -1  133  131  122  123  123  131  109  122  120  115  117  119  108   99  119  118  122  115  120  119  117  119  117  111  125  125   18
ch:  46  129  123  136  137  133  120  116  116  121  107  116  115  118  105  114  119  117  115  126  117  118  118  126  121  116  126  123  113  124  117  125   27
ch:  47  130  132  125  135  120  118  132  129  121  118  117  125  129  109  123  106  119  110  119  121  118  117  120  123  124  120  129  127  126  125  131   19
ch:  48  132  125  125  126  116  110  130  121  121   -1  115  124  118  117  109  121  109  109  118  119  118  111  115  124  119  119  122  122  119  127  119   29
ch:  49  136  136  119  124  125  122  122  126  127  126  123  126  130  126  104  110  113  110  121  125  123  116  119  124  122  123  126  120  131  116  129   26
ch:  50  125  134  130  124  136  130  126  125  126  124  125  124  125  115  104  116  117  121  111  116  121  120  124  114  111  115  126  130  120  122  121   26
ch:  51  134  126  122  140  131  134  119  109  122  112  118  122  125  121  122  115  114  107  119  124  104  130  115  120  118  121  110  113  124  127  132   15
ch:  52  134  117  137  120  130  125  118  125  119  110  122  123  121  126  124  126  127  115  121  104  132  116  126  116  123  122  124  119  117  125  126   26
ch:  53  131  120  121  124  131  130  120  122  131  122  117  115  127  117  124  119  126  118  120  108  115  119  114  120  117  122  133  126  126  129  129   16
ch:  54  139  130  141  125  135  124  117  119  121  116  122  120  114  121  124  127  120  125  115  118  117  117  118  108  118  120  124  115  126  119  125   24
ch:  55  122  132  121  136  132  135  123  130  122  127  126  118  118  111  121  109  116  116  118  115  116  121  131  119  111  123  123  121  131  134  135   22
ch:  56  124  125  134  132  121  122  137  121  136  126  120  120  121  109  119  130  123  116  110  108  118  119  119  111  117  118  119  110   -1  133  119   26
ch:  57  126  121  131  130  134  132  124  118  134  116  107  120  123  121  109  123  123  115  116  120  121  122  122  117  111  122  121  131  118  123  130   19
ch:  58  138  138  127  127  125  136  120  122  123  117  118  124  119  112  118  117  106  108  121  119  108  105  119  109  116  102  109  117  123  124  119   23
ch:  59  134  126  126  132  125  126  116  136  116  131  120  115  121  121  123  125  115  108  121  118  123  133  123  116  119  108  121  120  120  133  123   18
ch:  60  127  141  134  124  122  138  131  120  123  124  126  108  106  123  122  115  131  110  113  110  104  117  122  122  106  119  123  119  105  129  124   17
ch:  61  133  123  132  131  130  132  135  116  120  116  114  115  125  122  119  118  119  124  116  115  132  109  119  129  114  119  106  121  133  121  129   18
ch:  62  132  131  125  119  124  124  126  120  122  124  132  132  124  115  109  124  110  117  121  123  118  110  116  115  118  111  119  124  126  123  118   21
ch:  63  125  133  133  127  121  130  132  130  121  123  104  119  109  107  120  126  119  111  124  115  110  115  120  116  117  108  123  109  124  118  130   30
ch:  64  126  136  126  122  124  119  124  135  127  123  119  126  121  109  117  114  119  120  110  115  110  116  118  113  118  119  119  123  117  117  125   29
ch:  65  132  124  119  138  134  122  122  118  120  121  111  118  104  110  117  124  114  119  116  123  115  124   98  121  119  124  119  121  111  129  123   23
ch:  66  125  126  126  129  131  124  131  126  125  133  115  124  117  118  115  117  114  108  102  124  108  111  120  106  120  124  116  114  119  120  119   26
ch:  67  127  132  126  134  121  137  131  121  125  119  123  130  110  118  113  116  121  115  122  106  106  117  116  129  118  118  119  119  120  119  120   28
ch:  68  125  122  130  133  118  115  127  122  122  119  135  121  124  106  119  124  119  109  102  106  116  102  117  117  115  116  117  107  123  127  120   21
ch:  69  123  133  117  121  118  127  114  130  117  124  118  114  116  122  100  115  108  120  110  113  100  110  117  110  126  118  107  115  122  118  113   32
ch:  70  121  130  125  121  134  122  122  108  109  132  114  117  115  114  117  119  115  126  102  116  123  114  108  115  105  116  120  123  118  116  126   29
ch:  71  116  123  124  133  132  105  119  120  122  122  109  125  120  110  122  111  118  104  121  125  117  124  116  110  127  120  127  125  110  124  116   25
ch:  72  130  131  131  123  125  123  120  127  123  118  116  119  120  131  118  113  117  114  126  108  121  107  126  110  107  121  126  114  108  132  121   33
ch:  73  126  131  123  124  119  120  136  124  126  123  130  124  135  114  114  108   -1  108  111  110  109  124  107  110  119  120  117  108  119  121  121   27
ch:  74  120  132  133  119  120  120  121  125  126  119  108  110  114  119  117  121  106  109  114  121  124  121  110  101  108  121  120  120  120  107  116   29
ch:  75  120  133  135  124  133  125  119  117  110  123  124  119  122  124  118  118  104  107  117  109  120  121  101  120  120  120  116  125  121  125  130   15
ch:  76  125  129  120  128  127  133  121  135  121  123  122  107  117  122  117  117  122  124  106  107  118  117  115  117  115  117  101  115   -1  123  118   25
ch:  77  127  120  133  122  120  127  121  127  125  135  121  116  117  123  105  124  131  105  103  119  116  108  117  121  112  124  123  109  121  126  124   24
ch:  78  135  127  115  133  115  122  118  121  120  117  116  118  124  106  103  105  110  115  106  107  107  106  102  123  119  108  110  105  120  125  106   24
ch:  79  138  125  118  136  120  120  132  110  120  115  114  120  116  121  118  108  119   -1  113  116  118  116  121  106  118  125  120  118  121  123  120   17
ch:  80  127  122  131  135  124  133  121  124  120  125  115  125  110  117  108  120  118  119  117  104  115  107  109  107  108  117  114  116  119  127  121   30
ch:  81  130  136  127  131  124  130  124  121  117  115  120  120  117  129  118  120  115  110  115  119  108  120  111  122  122  118  108  122  123  135  123   25
ch:  82  134  134  130  115  123  129  125  118  125  122  132  108  129  116  109  114  118  118  108  115  109  114  116  105  115  110  118  126  119  124  115   31
ch:  83  131  130  134  133  115  130  114  119  126  116  123  112  119  108  115  119  110  114  119  115  115  113  116  107  125  121  120  117  115  121  132   27
ch:  84  134  135  120  131  132  123  121  118  110  122  125  120  105  118  123  116  119  117  120   99  119  120  106  107  107  118  117  120  116  120  123   31
ch:  85  133  133  126  132  126  131  131  121  120  120  109  121  124  113  115  125  112  108  106  123  118  130  119  116  120  122  121  118  132  123  121    9
ch:  86  124  127  122  131  117  124  125  128  121  117  122  134  109  107  119  130  115  106  107  105  115  129  104  116  122  110  113  119  113  116  120   40
ch:  87  138  122  123  119  118  125  122  118  118  131  126  118  115  110  115  120  120  101  111  115  105  111  109  116  117  117  125  118  118  132  122   21
ch:  88  135  131  133  121  124  119  133  123  137  117  126  123  131  121  108  114  118  108  108  116  122  106  100  108  115  101  110  124  122  110  119   30
ch:  89  137  132  133  119  130  124  129  118  119  117  117  123  125  119  117  109  120  123  117  108  119  122  110  123  119  120  117  120  126  124  124   24
ch:  90  130  133  129  132  123  122  124  123  118  114  112  105   99  113  106  114  117  120  118  103  116  102  106  102  108  116  119  108  103  106  113   23
ch:  91  111  134  120  135  135  125  123  124  109  122  131  115  116  117  122  106  116  125  118  128  116  119  110  117  122  118  118  120  132  122  135   16
ch:  92  124  130  119  120  136  117  121  126  121  119  122  114  121  124  118  107  117   99  109  121  113  122  118  113  110  110  123  114  115  121  124   22
ch:  93  136  123  131  125  132  133  120  120  111  123  123  126  120  113  113  120  123  109  123  119  122  110  114  113  122  115  117  130  123  126  132   18
ch:  94  131  132  123  129  146  134  123  127  124  121  115  130  109  119  108  116  108  117  126  104  117  123  116  120  115  125  125  105  117  121  132   22
ch:  95  130  125  125  129  126  132  124  121  125  132  117  110  119  129  115  121  124  108  118  122  113  121  105  119  120  123  110  124  123  122  126   32
ch:  96  136  117  125  136  125  117  131  119  123  117  117  123  115  116  110  110  109  115  120  110  109  116   -1  116  120  119  115  120  131  124  119   14
ch:  97  130  133  135  126  137  118  125  121  122  123  108  123  115  118  121  115  110  122  125  122  116  115  119  114  123  122  119  122  125  123  120   16
ch:  98  123  126  130  123  116  135  120  126  125  115  121  109  108  103  118  111  106  118  121  119  119  121  119  111  117  121  118  119  105  124  120   22
ch:  99  135  133  133  136  120  124  119  120  120  119  114  119  118  131  123  107  120  120  118  121  115  126  124  121  117  117  126  121  124  133  120   16
ch: 100  123  127  132  123  133  131  125  126  114  116  136  121  120  123  116  112  109  120  120  114  120  105  110  117  116  134  123  115  115  114  116   20
ch: 101  136  126  134  138  136  127  113  130  130  127  117  121  115  118  111  114  117  118  108  119  118  119  126  130  130  120  124  124  119  130  122   10
ch: 102  125  125  134  138  122  126  120  124  119  124  130  120  122  110  117  124  110  118  115  114  105  114  116  109  118  118  113  115  122  120  123   27
ch: 103  131  129  125  134  126  129  122  110  116  126  126  117  123  123  136  117  131  114  116  114  126  124  126  130  117  127  129  135  127  118  121   19
ch: 104  140  123  120  126  126  134  131  122  124  120  116  122  118  119  110  132  125  116  119  121  122  120  124  116  114  113  120  115  126  134  131   21
ch: 105  131  132  124  126  122  137  123  122  119  110  114  123  123  131  127  124  130  113  115  108  120  131  126  124  129  122  125  124  121  129  131   23
ch: 106  135  131  133  123  133  123  118  137  133  126  119  124  114  116   98  110  122  119  117  117  121  122  114  116  116  130  115  125  107  126  120   21
ch: 107  131  136  126  129  123  125  122  129  120  125  117  114  131  111  115  119  105  118  117  119  124  118  126  107  133  122  119  122  118  121  125    4
ch: 108  119  136  124  123  135  130  123  135  126  123  124  111  125  114  130  107  113  116  111  122  120  107  124  117  119  119  116  125  130  130  121   23
ch: 109  137  125  121  131  136  123  133  138  121  109  118  106  121  119  108  120  116  133  131  117  120  122  135  109  125  132  117  130  127  129  125   18
ch: 110  135  126  124  129  134  136  120  117  124  125  120  115  118  116  121  115  115  116  122  113  116  119  100  115  107  117  124  110  120  123  123   12
ch: 111  133  124  140  118  135  123  139  127  124  131  133  109  122  115  126  126  134  119  120  119  115  122  125  129  126  115  116  119  125  136  124   20
ch: 112  135  121  134  132  136  126  119  114  125  130  118  119  123  121  116  123  118  110  106  116  129  115  122  110  102  109  121  118  119  126  131   14
ch: 113  136  135  134  125  116  131  116  122  130  123  120  126  124  122  115  126  119  122  110  134  122  120  115  115  120  124  118  125  124  141  123    4
ch: 114  133  142  126  131  135  131  132  117  119  114  121  118  120  120  118  115  124  109  105  116  114  120  123  118  121  119  118  128  128  125  130   30
ch: 115  134  124  130  123  135  132  127  120  121  131  124  119  119  115  132  116  124  120  109  119  123  116  118  119  121  126  126  130  124  114  143   11
ch: 116  132  125  131  122  127  123  125  132  134  129  120  115  118  119  124  126  115  115  108  108  125  124  115  117  107  119  120  118  118  123  126   18
ch: 117  132  124  123  126  126  128  130  121  126  127  127  111  122  123  120  111  123  119  119  120  116  117  122  120  110  120  118  120  121  124  121   18
ch: 118  133  126  121  124  118  136  131  118  124  124  121  112  126  129  122  121  120  125  126  117  123  117  118  116  119  117  120  115  109  130  129   22
ch: 119  130  120  136  127  125  125  132  124  122  127  122  132  124  126  121  126  120  127  107  119  118  116  116  119  124  117  119  115  133  127  138   11
ch: 120  131  133  134  129  122  126  125  129  123  129  126  125  123  124  118  115  120  116  121  113  113  129  119  116  121  128  124  118  127  119  131   16
ch: 121  143  134  138  138  136  126  130  122  123  125  123  126  123  117  123  103  120  130  117  106  117  118  115  130  131  114  122  116  131  133  129   14
ch: 122  130  135  136  135  134  119  122  135  122  117  133  121  117  124  120  117  123  121  129  122  125  120  117  105  130  114  123  114  116  129  129   27
ch: 123  136  125  127  133  139  116  126   -1  130  122  116  124  118  116  130  120  114  123  116  105  124  119  109  125  120  125  133  118  123  133  137   15
ch: 124  137  132  136  125  119  138  128  118  121  138  122  133  119  117  121  116  123  131  130  124  118  114  129  122  123  126  123  120  115  129  138   12
ch: 125  135  120  135  121  130  134  108  134  128  111  127  127  117  125  122  129  107  115  118  114  123  130  129  139  125  124  130  122  131  120  128   32
ch: 126  140  122  133  122  127  140  121  125  117  126  130  124  124  132  126  117  120  122  115  120  114  114  120  125  123  118  124  125  131  124  130   19
ch: 127  139  135  136  122  138  135  138  122  122  116  118  130  122  124  119  123  119  120  133  119  124  117  124  122  140  133  126  134  121  125  130   21
