# ID XA-000-08-002-000-006-116-07
# Tag _trim_
# Date 240618_19:19:19
# Vref_p 55
# Vref_n 20
# Thr2_glb 60
# Vref_t 118
# Vref_t_range 1
# Pol 1
# ADC range 30-247
# FAST disc 30
ch:   0  130  139  132  137  136  126  136  137  122  139  119  131  115  121  133  124  121  120  127  122  119  131  124  122  134  119  131  124  133  122  132   13
ch:   1  138  133  127  138  130  122  123  137  131  121  126  127  124  121  124  118  108  125  121  113  120  107  109  118  123  112  121  133  118  126  127   56
ch:   2  127  149  140  127  118  135  130  125  135  126  126  127  121  122  111  117  121  117  118  131  120  110  134  119  126  120  127  116  122  123  125   14
ch:   3  141  140  140  130  129  122  131  135  123  120  123  123  124  121  133  119  123  114  124  120  125   -1  121  122  125  126  131  132  133  135  133   56
ch:   4  124  131  133  126  125  133  119  124  126  131  125  109  133  126  122  124  109  104  124  117  122  109  121  131  124  120  113  110  118  135  119   12
ch:   5  125  119  133  124  131  121  131  125  127  120  122  133  109  135  114  124  117  122  122  119  123  111  119  124  126  129  123  127  117  135  133   56
ch:   6  127  133  126  132  127  130  120  130  124  130  114  117  131  132  134  122  121  130  117  114  113  119  110  126  117  120  119  120  136  131  119   19
ch:   7  132  135  132  123  118  133  125  120  120  118  119  126  131  131  135  121  117  124  124  120  127  124  121  133  119  133  124  130  118  139  131   56
ch:   8  131  137  131  127  122  121  134  126  131  124  132  117  118  126  124  106  115  109  110  120  118  122  109  121  108  130  124  122  130  123  125   23
ch:   9  140  122  126  122  134  124  132  133  118  132  126  125  134  124  126  126  136  119  130  117  130  127  131  133  127  127  130  133  132  123  123   56
ch:  10  126  123  125  122  123  122  134  134  120  123  121  123  118  124  138  116  118  132  124  124  119  117  117  124  116  121  113  133  127  134  126   17
ch:  11  131  132  136  124  134  127  125  111  124  120  132  132  123  131  118  123  120  120  120  119  121  119  119  118  127  118  122  121  122  137  122   56
ch:  12  136  119  122  137  131  131  121  126  139  121  118  121  116  126  124  129  124  125  121  115  131  121  121  117  121  125  126  121  130  135  135   20
ch:  13  132  135  131  131  130  122  125  118  130  130  135  122  122  124  130  126  120  126  131  131  122  123  118  131  131  136  123  121  131  135  135   56
ch:  14  150  124  139  125  123  117  125  119  116  124  137  125  132  137  135  120  124  118  135  124  116  119  119  120  124  121  121  121  117  125  125   23
ch:  15  134  134  123  121  135  132  123  135  130  125  117  123  123  121  126  124  120  122  117  117  125  136  121  132  122  121  122  123  125  132  124   56
ch:  16  132  127  136  123  132  131  131  121  132  121  120  121  123  116  120  120  121  122  119  116  124  105  124  110  132  130  124  119  125  125  123   18
ch:  17  125  131  137  119  118  133  133  120  118  125  133  122  123  122  115  128  119  121  124  122  135  120  109  118  132  134  122  131  119  120  131   56
ch:  18  129  126  135  126  138  134  139  115  123  124  116  118  122  122  110  119  111  117  119  115  120  119  121  121  113  124  118  127  120  131  124   23
ch:  19  133  121  134  125  121  125  125  126  120  119  121  123  111  123  119  127  126  117  125  134  118  121  121  132  125  114  129  125  134  125  131   56
ch:  20  132  133  138  135  135  130  133  118  122  118  123  125  127  115  117  124  131  122  116  110  125  107  134  120  121  126  118  126  122  125  118   36
ch:  21  136  122  124  131  134  130  121  133  121  143  125  127  124  125  121  116  110  123  117  118  122  116  120  118  125  121  134  123  130  126  131   56
ch:  22  125  132  139  130  126  129  142  120  119  125  131  124  131  115  122  124  118  118  115  125  134  122  121  122  122  131  120  119  125  119  124   21
ch:  23  149  133  137  131  137  123  123  118  132  134  137  121  120  121  119  121  124  125  115  122  123  134  124  110  123  127  119  120  129  131  133   56
ch:  24  136  138  131  134  127  126  132  132  118  125  130  124  116  131  133  119  132  123  119  119  116  117  117  111  122  120  125  123  125  126  122   28
ch:  25  135  133  131  130  121  130  141  124  126  118  110  135  125  118  116  124  120  121  126  125  117  124  122  119  124  124  122  136  124  135  135   56
ch:  26  139  130  118  125  127  124  131  122  130  122  122  119  131  121  124   -1  125  122  130  125  119  116  119  121  114  123  118  123  130  135  133   42
ch:  27  124  129  134  133  123  123  125  135  136  118  131  119  119  121  125  115  115  124  132  119  135  123  113  121  131  120  133  131  120  135  130   56
ch:  28  141  133  125  121  125  136  137  118  121  117  124  125  126  124  123  122  121  127  111  123  125  121  116  119  130  123  118  123  132  130  119   40
ch:  29  118  133  135  123  122  124  131  114  124  130  124  125  124  124  136  126  118  123  124  132  133  126  122  129  123  125  123  123  135  117  121   56
ch:  30  126  134  122  133  135  131  124  131  126  118  136  125  119  125  125  116  118  119  117  120  124  131  104  119  117  117  121  123  124  122  135   28
ch:  31  124  133  132  133  132  126  133  133  124  119  125  118  133  130  119  138  119  117  125  123  121  133  114  122  131  137  132  137  131  124  119   56
ch:  32  122  121  134  120  124  120  120  124  132  133  117  130  113  125  136  118  134  121  116  118  121  122  121  118  110  119  124  119  126  123  117   35
ch:  33  134  138  134  132  124  123  124  122  125  121  118  133  124  125  120  124  123  106  107  115  130  118  136  116  124  124  133  124  118  132  131   56
ch:  34  125  130  124  133  124  125  121  139  133  121  120  130  119  116  123  121  104  118  111  118  118  116  115  121  125  133  121  121  113  120  122   40
ch:  35  135  133  124  123  136  129  133  138  123  126  123  118  130  133  129  127  123  132  119  122  119  117  131  120  134  118  121  125  139  134  123   56
ch:  36  140  131  130  124  127  140  132  116  123  114  120  125  122  126  131  124  126  102  116  124  115  124  116  120  125  123  115  110  126  123  134   45
ch:  37  131  145  136  122  118  132  121  132  123  132  131  131  118  125  119  122  123  131  126  131  135  134  121  120  121  135  122  125  131  124  133   56
ch:  38  139  137  134  119  135  133  138  136  132  119  119  122  130  118  109  118  122  125  117  118  124  119  120  120  115  133  125  121  122  120  130   39
ch:  39  136  140  140  126  122  124  123  132  135  121  123  125  123  118  118  117  120  132  132  121  131  124  110  134  125  126  130  122  119  138  137   56
ch:  40  121  130  130  134  138  137  122  120  132  134  121  119  116  140  119  117  119  109  124  116  120  123  124  125  119  124  134  125  136  126  125   43
ch:  41  138  125  130  121  133  132  142  133  126  134  121  123  132  131  126  123  124  124  118  125  125  122  131  126  133  132  124  134  139  132  131   56
ch:  42  136  134  126  125  134  133  134  131  122  126  123  130  132  125  117  125  121  120  124  126  123  126  120  133  116  119  123  125  120  123  121   33
ch:  43  127  132  124  140  126  125  139  131  133  131  131  117  135  119  120  125  122  119  131  118  131  124  122  124  117  120  121  120  137  134  135   56
ch:  44  129  123  133  136  138  135  135  127  140  122  132  127  127  118  131  126  125  117  124  126  121  120  121  139  125  130  124  122  119  121  127   51
ch:  45  151  135  122  124  131  127  135  132  111  131  123  126  126  128  126  115  135  121  127  119  115  122  125  117  119  111  126  135  139  134  131   56
ch:  46  133  121  116  136  135  132  131  117  121  124  116  122  110  122  132  121  121  116  119  114  115  126  118  120  119  124  112  127  123  120  125   53
ch:  47  126  139  135  132  146  121  125  124  133  131  131  131  138  120  118  121  133  127  127  124  131  122  120  122  126  126  124  122  123  133  134   56
ch:  48  134  127  124  137  138  131  137  134  136  127  125  121  123  116  122  120  125  120  122  122  115  121  120  123  111  120  121  122  137  125  134   40
ch:  49  133  133  141  135  120  124  122  119  124  132  121  120  117  115  124  139  111  124  120  126  132  108  120  108  118  119  124  123  126  123  131   56
ch:  50  133  137  127  140  129  124  125  126  134  118  130  132  138  118  126  122  132  123  123  120  119  128  120  117  125  122  120  120  118  124  136   52
ch:  51  131  122  135  132  133  139  124  123  134  133  125  123  115  119  117  121  123  122  122  122  123  124  123  123  133  110  131  132  122  138  138   56
ch:  52  135  151  152  135  136  138  132  125  132  125  131  120  110  118  125  118  134  119  115  124  119  119  122  117  131  120  115  125  117  127  133   56
ch:  53  137  127  143  135  137  124  123  126  122  131  119  123  122  125  121  123  122  122  118  126  120  123  123  124  132  131  125  125  137  135  132   56
ch:  54  130  133  134  132  135  133  125  125  126  130  120  124  118  122  120  120  117  109  118  119  125  122  118  126  124  117  115  122  135  140  134   45
ch:  55  136  138  130  130  129  130  131  124  133  137  124  132  129  132  116  120  121  121  118  122  123  142  126  118  114  131  122  126  130  133  147   56
ch:  56  130  137  139  130  134  123  142  127  123  124  123  131  123  120  130  123  117  126  123  120  116  119  121  124  130  123  128  125  121  131  127   38
ch:  57  137  137  132  137  134  132  135  121  115  135  123  135  122  123  121  116  137  119  118  117  130  122  132  137  125  122  129  121  132  134  140   56
ch:  58  134  127  132  129  131  131  126  131  124  116  121  129  135  122  133  121  118  133  122  118  122  122  125  134  114  120  121  130  131  136  131   35
ch:  59  134  138  127  127  120  138  141  125  135  130  127  126  126  113  126  122  131  125  120  126  122  126  124  125  125  130  118  115  131  123  135   56
ch:  60  137  124  133  131  133  127  125  133  131  126  119  123  122  120  129  120  123  122  123  117  119  120  135  122  118  120  130  121  123  132  132   40
ch:  61  136  136  135  135  127  134  122  130  127  120  136  131  121  118  135  118  134  123  124  125  118  127  131  121  113  121  133  123  134  124  138   56
ch:  62  124  135  134  134  138  130  117  133  132  125  137  125  116  110  120  124  126  124  115  134  120  131  116  127  121  133  123  120  134  124  138   50
ch:  63  132  136  130  132  137  135  135  120  134  117  134  135  124  132  133  121  121  122  121  119  117  118  124  132  120  132  127  136  126  127  133   56
ch:  64  126  134  134  131  135  124  123  124  136  133  136  118  117  127  124  123  129  131  114  124  119  123  119  125  126  125  116  119  123  121  131   40
ch:  65  133  122  131  132  132  115  127  119  123  134  125  125  124  123  129  119  118  130  119  127  131  111  132  121  120  125  136  132  131  122  118   56
ch:  66  148  138  134  130  131  131  140  126  126  132  126  119  121  108  120  124  122  111  121  121  131  127  119  121  123  122  113  119  131  134  119   44
ch:  67  136  138  125  131  137  139  124  138  123  117  137  121  122  134  125  123  116  115  121  109  122  124  124  124  127  125  123  120  143  134  131   56
ch:  68  131  129  134  122  134  136  135  124  120  122  130  121  125  120  118  124  127  123  121  122  120  120  107  118  135  120  120  119  139  134  119   34
ch:  69  137  126  133  116  134  140  125  133  123  121  123  135  125  125  122  126  121  115  117  121  119  116  131  126  120  134  130  125  125  135  141   56
ch:  70  132  134  137  131  139  124  121  134  124  124  138  121  132  127  121  131  121  131  126  108  122  123  114  130  120  134  116  115  123  131  120   39
ch:  71  126  138  138  131  126  142  132  132  127  134  125  124  132  135  126  131  130  124  119  114  136  123  125  125  124  120  141  140  136  130  132   56
ch:  72  132  125  127  131  125  125  134  127  119  131  130  113  122  118  117  125  130  121  114  116  120  122  123  121  119  119  126  131  133  147  120   45
ch:  73  137  131  136  121  136  132  140  132  121  119  132  138  116  120  119  120  122  127  122  129  124  135  127  120  138  119  136  124  140  125  132   56
ch:  74  135  138  132  136  122  126  125  135  135  125  118  124  136  124  121  107  131  124  119  122  130  108  119  124  131  115  118  124  125  137  122   51
ch:  75  136  125  123  125  135  135  134  147  139  134  121  130  133  123  120  122  127  131  126  135  124  114  122  123  118  121  120  120  132  119  133   56
ch:  76  138  127  136  130  132  125  120  123  132  120  135  107  124  118  118  124  121  115  119  131  121  121  116  131  120  124  118  125  118  129  132   39
ch:  77  132  147  136  127  130  114  125  131  120  116  125  120  123  122  120  123  125  132  126  125  131  124  123  124  114  134  131  127  133  127  136   56
ch:  78  136  125  134  134  119  134  133  132  132  135  132  115  129  116  125  138  126  122  127  120  131  117  121  122  117  115  121  125  131  127  123   54
ch:  79  126  136  136  123  126  127  132  136  132  116  117  132  121  131  127  123  121  125  118  123  120  115  124  134  130  122  122  136  132  143  139   56
ch:  80  136  132  126  139  131  127  127  138  135  130  131  134  135  127  122  126  130  119  124  117  124  134  121  117  125  134  123  126  131  126  132   45
ch:  81  124  140  119  124  126  131  124  131  131  119  124  118  132  121  123  133  131  124  108  135  133  125  130  133  132  126  131  125  134  132  135   56
ch:  82  125  127  140  135  132  132  124  134  131  136  120  123  122  119  125  127  120  126  130  133  123  121  123  124  131  124  126  133  126  136  131   46
ch:  83  143  135  131  127  123  143  110  138  133  122  122  122  111  117  123  131  123  122  124  123  136  130  125  132  120  133  132  132  133  131  140   56
ch:  84  140  135  133  142  124  137  136  131  117  131  127  122  125  133  120  117  123  124  134  119  123  115  131  135  117  117  122  118  131  125  124   45
ch:  85  139  139  122  124  133  121  132  130  125  133  127  122  122  126  122  126  126  120  130  122  132  135  115  133  124  122  134  124  125  131  136   56
ch:  86  139  125  125  130  123  121  124  118  121  122  116  127  119  123  123  125  117  125  120  121  134  120  121  115  128  136  126  119  117  138  119   46
ch:  87  137  135  138  121  137  147  118  118  131  131  123  125  122  125  134  124  124  122  121  136  126  113  132  118  132  125  131  130  120  134  123   56
ch:  88  140  137  137  125  131  136  133  119  127  116  121  123  131  132  120  126  119  118  118  118  117  135  115  118  125  123  124  130  116  133  121   45
ch:  89  138  142  138  131  136  137  132  134  133  126  118  126  117  132  121  122  120  134  110  123  121  123  119  134  135  122  131  125  122  120  147   56
ch:  90  125  124  130  137  131  125  124  133  132  121  132  121  131  124  124  118  126  120  126  119  124  132  127  132  124  131  132  134  131  140  136   54
ch:  91  132  127  142  123  133  123  133  138  120  133  132  124  125  134  127  131  131  124   -1  115  118  136  119  122  124  135  133  136  125  130  135   56
ch:  92  140  132  140  132  137  132  133  143  134  121  123  131  116  122  132  120  130  118  110  107  123  134  122  121  120  123  126  119  134  125  135   43
ch:  93  139  137  126  123  130  134  134  140  123  125  123  132  120  125  129  125  124  121  126  124  127  126  134  124  121  122  126  123  139  130  134   56
ch:  94  134  136  134  130  134  125  132  123  120  125  126  123  121  124  132  120  116  124  114  127  120  122  127  116  119  137  131  110  132  126  135   56
ch:  95  138  132  133  134  148  125  120  126  127  132  120  136  123  125  105  131  109  121  132  129  122  115  117  121  125  121  119  133  125  132  132   56
ch:  96  135  131  133  131  148  130  133  126  125  130  121  123  127  118  140  120  124  122  117  119  125  122  125  121  123  125  116  127  136  118  132   43
ch:  97  131  141  121  125  122  124  134  121  131  131  137  125  122  127  116  130  125  123  121  126  119  121  127  127  127  122  131  120  132  130  138   56
ch:  98  133  132  126  126  139  137  131  125  125  119  124  121  118  126  120  120  126  124  118  123  118  121  127  133  122  118  125  125  126  126  125   45
ch:  99  132  122  139  136  134  131  125  120  133  122  138  130  125  121  135  121  125  122  123  120  126  123  137  121  122  122  133  124  123  134  119   56
ch: 100  136  135  139  134  133  131  132  131  125  123  136  132  118  134  117  124  115  118  118  121  133  125  122  125  120  131  115  123  135  137  126   39
ch: 101  139  137  137  127  137  131  132  127  130  131  124  129  135  132  124  132  135  116  127  119  124  130  125  136  119  124  136  116  136  127  124   56
ch: 102  141  139  132  135  141  138  124  147  127  137  133  121  109  124  121  121  125  133  115  121  117  116  123  133  124  122  126  125  119  125  117   31
ch: 103  131  125  127  140  135  120  122  115  127  125  130  124  124  131  118  124  123  120  120  109   99  125  118  114  127  125  124  125  125  135  124   56
ch: 104  121  134  123  125  124  119  120  136  131  138  127  126  125  123  126  124  131  133  110  119  118  130  121  126  130  124  123  127  131  134  138   40
ch: 105  117  139  133  140  132  123  120  118  125  122  125  123  108  133  119  115  118  125  120  125  124  115  118  130  121  124  120  126  127  126  132   56
ch: 106  133  133  131  133  135  134  134  123  121  131  125  132  121  131  125  131  127  117  121  121  121  124  121  120  118  122  125  120  124  136  132   30
ch: 107  136  146  132  136  130  125  125  122  119  124  127  127  117  135  117  119  119  124  117  132  114  130  131  122  124  119  125  135  131  125  124   56
ch: 108  133  139  127  133  122  123  137  139  131  131  131  124  117  132  125  108  121  137  118  118  121  132  117  121  124  130  117  119  137  119  130   29
ch: 109  131  137  122  133  136  134  132  117  131  125  126  124  134  124  126  132  135  125  121  110  124  118  119  119  134  134  112  134  132  130  147   56
ch: 110  137  140  137  136  129  133  126  130  133  131  121  140  132  123  130  118  118  125  124  125  123  132  125  119  117  129  119  120  127  131  124   30
ch: 111  137  132  136  125  133  136  119  136  132  145  113  122  132  124  120  123  118  134  119  122  124  125  125  115  121  127  123  109  127  134  132   56
ch: 112  134  136  115  134  121  139  120  119  118  129  130  124  120  120  121  117  128  125  117  120  119  121  121  121  118  124  132  126  137  127  132   34
ch: 113  133  132  135  134  147  125  119  130  123  125  138  124  125  123  118  122  121  125  133  122  130  123  110  130  132  134  124  121  133  135  126   56
ch: 114  147  123  126  131  139  127  133  141  130  122  136  130  134  123  110  121  122  120  125  109  123  126  133  123  120  124  119  120  124  131  133   33
ch: 115  133  137  133  134  141  136  121  132  135  121  125  123  123  120  121  120  122  122  130  132  121  110  123  123  131  121  123  131  122  129  134   56
ch: 116  131  134  134  136  119  123  121  130  116  130  123  124  121  123  123  127   -1  129  116  121  124  122  123  124  119  123  114  131  137  125  134   23
ch: 117  133  132  139  132  133  130  132  116  123  116  136  134  122  133  134  134  116  121  123  114  132  122  116  124  122  124  124  121  125  131  131   56
ch: 118  140  135  137  137  130  124  125  122  120  125  125  122  123  122  121  118  133  121  132  119  118  117  116  118  122  107  130  121  121  122  120   25
ch: 119  132  135  145  136  123  132  126  125  125  122  125  135  125  123  116  119  119  123  135  133  126  131  118  125  125  133  129  125  120  132  123   56
ch: 120  134  135  133  134  137  135  131  120  126  120  132  123  128  131  134  131  123  120  133  136  121  119  118  122  114  123  126  130  121  133  128   36
ch: 121  133  125  124  127  134  121  133  119  122  130  123  124  132  124  120  108  138  124  122  130  131  127  135  121  132  126  131  133  139  131  136   56
ch: 122  135  126  136  125  123  127  120  137  121  111  119  117  124  121  130  122  129  122  119  126  116  123  132  119  119  118  118  124  123  118  133   20
ch: 123  126  133  124  136  137  125  125  121  139  131  119  122  124  126  111  121  118  114  123  125  124  119  119  116  118  123  133  124  127  125  126   56
ch: 124  126  122  133  134  136  140  137  120  135  130  122  124  128  123  126  132  129  117  125  121  125  118  119  135  124  119  121  116  130  136  126    1
ch: 125  137  148  130  134  140  139  137  132  125  123  122  122  123  122  124  123  134  105  123  124  123  116  123  121  125  120  132  131  131  134  139   56
ch: 126  140  147  119  130  134  146  119  123  116  132  120  133  123  123  125  121  129  121  123  116  131  108  134  121  118  123  120  121  135  120  133    4
ch: 127  130  135  134  136  133  131  136  124  139  135  124  130  130  137  133  122  137  106  120  107  126  119  126  130  123  123  120  138  134  130  142   56
