# ID XA-000-08-002-000-005-129-15
# Tag _trim_
# Date 240618_17:48:00
# Vref_p 57
# Vref_n 23
# Thr2_glb 46
# Vref_t 118
# Vref_t_range 1
# Pol 0
# ADC range 30-247
# FAST disc 30
ch:   0  126  122  117  132  123  124  120  133  116  105  122  108  120  116  115  122  115  107  121  120  126  116  119  116  109  120  119  109  124  117  129    8
ch:   1  133  121  123  116  125  123  123  115  134  126  120  122  124  120  139  115  133  125  124  119  121  119  124  131  120  119  135  126  139  131  133   56
ch:   2  117  124  119  119  118  122  108  119  119  110  115  110  119  125  119  108  118  121  109  106  120  121  106  121  125  122  121  132  120  121  124    6
ch:   3  117  131  133  133  120  118  121  126  120  118  118  110  126  118  124  132  134  126  123  124  117  118  119  124  119  124  123  132  133  130  121   56
ch:   4  114  123  136  120  108  116  121  124  119  107  122  129  125  118  110  121  108  108  125  121  118  115  126  124  114  124  127  118  124  118  124   30
ch:   5  132  126  121  119  139  118  119  122  119  120  121  128  119  114  132  126  121  122  105  125  104  109  121  131  119  120  124  124  127  131  117   56
ch:   6  133  114  131  122  120  123  114  120  123  117  109  132  121  110  119  111  117  105  117  116  109  120  120  108  126  107  121  119  126  121  120   34
ch:   7  136  124  118  127  114  123  125  121  120  132  116  124  137  124  121  113  137  125  126  122  121  117  132  124  126  125  129  125  137  132  133   56
ch:   8  122  121  107  124  122  116  121  117  119  120  121  121  120  132  122  109  116  112  118  120  125  108  132  116  123  135  126  136  126  121  123   46
ch:   9  133  137  123  126  127  110  126  121  117  131  118  110  125  117  115  123  123  123  117  115  123  122  116  109  119  117  117  125  119  119  134   56
ch:  10  118  125  121  131  120  122  126  114  124  120  119  116  108  122  109  115  119  123  111  117  107  109  115  122  117  116  111  123  123  121  119   41
ch:  11  126  124  119  130  122  125  119  114  119  133  120  109  122  126  113  117  121  124  116  121  115  124  123  120  119  115  117  126  124  124  127   56
ch:  12  124  127  107  117  116  121  121  131  119  120  120  124  122  117  123  108  119  118  117  114  119  104  117  104  111  121  132  115  132  116  122   37
ch:  13  116  120  125  122  123  131  131  117  122  136  125  118  137  123  110  110  120  117  125  132  117  117  131  132  139  121  126  132  133  134  126   56
ch:  14  126  132  132  118  121  121  114  122  124  120  121  121  121  108  115  115  117  126  118  124  117  118  124  120  119  121  133  135  122  125  123   41
ch:  15  123  122  123  114  124  118  140  116  125  124  123  120  126  116  131  123  133  122  123  139  134  119  140  127  142  123  119  133  131  137  127   56
ch:  16  108  130  119  117  117  132  121  116  121  119  119  110  103  116  117  114  111  117  117  110  122  125  123  114  116  139  121  118  116  133  136   34
ch:  17  108  125  116  118  117  109  121  130  118  136  109  116  119  123  137  123  123  118  122  120  118  131  122  115  125  123  126  123  133  136  132   56
ch:  18  118  109  133  125  118  119  120  111  120  121  125  122  119  117  120  107  108  110  125  121  117  111  110  121  121  120  116  123  124  121  122   32
ch:  19  120  135  135  124  123  118  117  116  121  126  119  131  113  119  120  124  123  124  135  125  123  130  131  125  122  134  137  116  118  133  132   56
ch:  20  120  116  121  125  115  120  123  124  124  120  125  133  125  124  115  117  116  109  123  120  118  111  124  108  120  133  127  126  121  126  131   32
ch:  21  126  121  114  121  121  118  116  110  125  134  119  137  123  119  119  125  123  121  132  123  122  126  133  137  134  116  122  125  123  133  133   56
ch:  22  120  121  109  119  118  134  122  123  120  122  118  125  118  109  120  121  115  120  110  102  117  118  115  118  120  116  125  117  126  136  132   31
ch:  23  123  119  120  123  122  123  123  121  131  121  123  118  117  121  119  126  126  132  126  124  123  131  134  124  133  134  134  136  119  123  135   56
ch:  24  123  118  125  124  126  122  122  115  122  130  120  116  115  119  125  116  110  116  125  120  111  117  121  115  125  118  132  120  124  121  132   36
ch:  25  139  121  125  121  116  125  121  126  119  120  118  116  121  119  108  125  123  124  108  104  126  141  123  132  109  119  123  121  134  126  136   52
ch:  26  123  132  115  109  120  124  123  125  114  117  107  124  109  117  124  117  115  120  120  119  120  118  117  110  121  123  125  127  127  133  137   39
ch:  27  123  121  119  120  116  130  121  121  121  124  118  121  120  123  107  122  126  122  126  117  134  126  132  120  123  123  131  140  135  133  142   55
ch:  28  122  126  124  121  132  116  121  124  102  120  122  114  120  108  110  121  120  116  116  132  105  123  121  124  125  122  126  117  138  134  125   42
ch:  29  125  120  124  133  113  124  124  121  122  130  131  136  122  136  122  123  114  124  132  134  122  135  124  136  134  118  134  134  141  139  124   56
ch:  30  121  130  123  114  119  114  120  117  115  117  117  124  131  118  117  105  117  107  122  119  121  120  117  119  118  125  132  122  132  133  139   50
ch:  31  119  125  123  123  121  121  132  118  131  119  124  139  120  125  127  132  122  131  134  135  135  132  124  119  117  138  132  132  125  133  131   56
ch:  32  124  143  118  111  124  116  132  134  117  110  119  125  126  115  126  108  124  117  132  119  124  131  121  113  124  124  125  131  119  137  136   44
ch:  33  120  122  123  115  135  124  121  133  119  125  114  121  119  130  121  117  131  119  131  124  124  116  133  123  135  136  122  124  133  135  132   54
ch:  34  110  122  123  127  123  120  121  119  116  118  115  107  110  108  119  111  131  119  108  124  120  117  113  115  120  116  119  120  103  134  125   43
ch:  35  140  123  119  133  122  124  118  117  117  122  126  118  119  123  133  123  126  119  115  132  122  138  124  123  133  119  133  131  140  137  138   56
ch:  36  111  131  121  125  128  123  114  130  130  114  123  116  130  124  122  131  119  114  133  125  117  132  123  119  124  132  120  118  134  139  135   45
ch:  37  119  135  131  124  132  122  122  126  118  124  135  129  119  117  135  118  123  117  136  125  119  122  127  134  126  119  136  135  134  140  139   56
ch:  38  132  124  124  120  126  121  117  131  135  135  118  122  114  119  125  110  115  125  130  118  119  122  126  123  124  117  125  127  119  132  139   46
ch:  39  121  119  132  117  126  126  122  123  125  120  132  121  123  120  123  122  133  124  121  131  132  138  125  122  118  126  136  132  123  127  123   56
ch:  40  134  117  124  124  118  122  115  114  124  116  126  130  126  117  119  119  114  117  124  119  119  121  117  133  139  122  123  134  131  134  133   34
ch:  41  125  123  133  123  131  117  118  110  117  125  123  133  127  126  136  126  121  123  124  132  116  122  136  120  124  126  134  123  117  139  145   56
ch:  42  119  127  130  123  127  116  114  115  123  120  119  126  113  119  119  120  109  118  115  116  119  116  130  119  126  120  119  126  108  126  127   45
ch:  43  124  124  119  132  125  125  121  124  118  125  116  118  118  121  118  126  124  119  122  115  130  134  122  132  125  123  130  125  132  124  136   56
ch:  44  132  123  118  118  132  125  121  117  132  119  120  132  118  127  126  125  123  132  116  123  117  123  124  130  135  132  124  125  137  135  141   48
ch:  45  120  113  118  123  117  124  123  121  119  136  114  134  138  132  122  122  118  116  125  125  126  119  126  118  119  131  126  139  133  140  140   56
ch:  46  119  120  126  120  117  115  119  126  119  118  110  118  116  108  120  120  118  120  120  121  120  124  122  120  123  116  123  126  133  121  122   42
ch:  47  124  134  131  131  119  132  121  132  121  123  133  119  133  125  130  123  120  125  133  122  121  131  133  123  125  125  131  137  141  135  137   56
ch:  48  116  123  121  122  114  131  133  114  120  108  122  123  125  125  121  135  119  118  125  111  119  114  118  121  115  132  118  116  123  135  122   56
ch:  49  120  131  132  131  122  133  132  133  135  133  120  133  124  121  125  124  121  114  123  119  122  136  137  124  125  137  133  141  141  133  146   56
ch:  50  111  120  122  117  126  119  119  125  121  125  136  110  120  108  125  123  116  122  115  116  118  125  108  124  118  124  122  122  131  136  130   56
ch:  51  121  124  124  134  129  124  134  123  118  125  123  120  135  131  121  116  127  134  124  135  130  130  131  136  119  141  132  136  150  133  135   56
ch:  52  117  126  120  109  122  121  120  125  104  118  119  137  120  115  107  124  117  118  110  132  123  117  124  134  115  132  118  132  121  127  137   48
ch:  53  119  121  126  136  133  120  117  142  135  117  118  117  120  134  118  117  122  124  123  122  115  117  121  118  130  121  134  122  132  122  138   56
ch:  54  124  124  117  114  116  117  114  129  107  124  124  124  131  124  116  116  124  120  120  119  126  115  113  131  126  130  122  123  133  122  141   44
ch:  55  125  125  125  137  134  112  120  124  123  132  121  120  127  116  132  122  117  116  122  127  123  127  133  122  127  133  123  138  131  138  140   56
ch:  56  116  116  130  118  118  116  110  121  120  118  117  108  119  124  122  118  119  118  136  124  110  135  114  117  119  130  119  122  122  124  132   38
ch:  57  119  131  115  122  129  121  120  131  126  130  132  123  123  117  131  123  120  124  124  120  122  115  132  133  139  125  142  136  132  134  137   56
ch:  58  121  124  117  132  122  120  117  115  125  114  135  132  123  120  116  133  115  122  130  119  125  119  118  115  124  126  137  133  122  141  134   44
ch:  59  105  140  136  119  132  124  122  124  124  120  119  124  135  136  122  124  119  133  124  131  133  120  137  134  133  132  137  148  126  145  126   56
ch:  60  125  124  124  116  125  121  116  132  121  132  110  130  132  110  124  120  120  115  111  119  113  125  117  109  130  120  117  133  132  125  141   43
ch:  61  130  124  125  125  131  137  119  133  118  116  132  135  132  131  122  124  122  126  127  118  123  126  120  115  137  137  126  124  122  124  132   53
ch:  62  133  123  124  118  131  131  123  132  115  117  122  123  126  115  123  115  120  117  124  123  118  127  117  126  136  125  120  134  134  123  137   47
ch:  63  119  125  130  118  136  121  133  132  127  121  118  123  116  122  132  116  117  120  134  125  115  133  135  118  125  139  124  130  132  131  136   56
ch:  64  123  118  135  125  131  121  134  106  123  132  120  124  124  121  117  110  115  106  114  123  121  133  108  118  119  125  132  115  134  138  126   46
ch:  65  117  117  119  125  121  125  123  115  118  135  123  123  117  135  121  123  121  123  121  136  125  132  134  126  132  131  145  124  137  136  131   56
ch:  66  137  118  120  115  116  120  122  112  114  120  119  118  111  126  127  123  121  125  117  119  123  116  117  124  130  123  134  118  130  132  131   46
ch:  67  135  122  135  132  118  118  131  120  134  118  122  120  126  132  120  134  134  123  137  124  132  122  131  126  132  136  135  121  139  137  139   56
ch:  68  124  120  120  118  111  133  121  113  121  118  120  115  121  121  121  124  116  123  121  121  115  133  116  131  131  122  125  119  133  133  121   42
ch:  69  125  131  123  125  135  118  120  123  136  138  132  126  125  121  125  135  132  121  131  124  134  127  138  124  134  136  134  132  140  125  136   56
ch:  70  116  118  124  124  110  121  149  124  124  123  120  132  116  119  131  117  110  114  132  116  131  123  122  123  124  125  119  118  125  123  133   47
ch:  71  117  133  114  133  116  125  125  132  138  130  139  125  123  140  120  118  125  127  137  130  132  127  126  133  134  141  139  126  132  141  142   56
ch:  72  121  120  124  133  124  125  122  123  134  120  104  108  119  121  110  119  121  121  119  104  106  116  124  118  122  110  119  127  131  122  132   50
ch:  73  123  118  134  129  130  135  134  123  135  137  133  121  110  128  133  115  123  135  124  126  135  126  130  130  129  134  149  125  127  137  135   56
ch:  74  122  132  117  137  117  122  124  133  125  121  114  122  105  121  116  117  121  114  121  119  124  119  107  117  133  119  122  116  116  134  121   35
ch:  75  133  119  117  132  134  115  119  122  124  122  119  124  122  126  120  140  123  135  125  117  119  124  132  119  133  137  121  119  133  125  133   56
ch:  76  115  115  123  116  114  131  124  123  123  123  122  130  130  121  117  125  123   -1  112  109  120  108  121  114  124  123  119  123  129  124  126   35
ch:  77  118  127  117  118  121  124  124  125  124  136  121  123  120  136  138  138  122  120  134  124  121  122  131  136  122  133  132  137  136  136  136   52
ch:  78  125  123  120  122  106  119  125  124  122  138  121  121  123  132  131  117  118  124  119  121  126  122  120  120  127  126  124  132  130  124  125   40
ch:  79  121  135  122  122  121  122  133  117  118  135  135  135  108  135  133  136  132  121  133  125  132  133  134  136  132  124  141  135  141  135  137   56
ch:  80  124  116  121  114  116  125  120  123  121  132  110  133  118  117  116  119  122  117  117  119  111  124  109  131  134  121  120  122  126  134  121   46
ch:  81  123  135  123  134  126  133  123  123  126  124  123  125  126  133  124  120  118  121  125  121  132  116  123  117  124  134  138  132  132  136  138   56
ch:  82  123  120  133  123  120  124  120  119  117  124  124  131  131  114  121  121  123  121  107  123  119  124  131  131  121  125  123  125  132  137  134   41
ch:  83  130  131  134  134  133  121  126  118  138  123  126  137  119  121  122  123  125  116  118  131  121  131  133  129  132  134  135  135  148  137  142   56
ch:  84  123  124  123  118  122  131  122  123  130  119  122  122  118  118  106  119  119  117  131  119  118  124  120  107  118  120  108  116  124  127  126   44
ch:  85  124  123  132  124  122  107  126  127  132  131  125  124  120  120  136  124  121  120  135  108  125  118  124  127  134  138  139  136  138  137  138   56
ch:  86  123  134  117  115  133  119  117  123  120  124  131  115  124  127  126  107  120  108  119  126  122  120  133  125  121  136  120  122  121  122  136   33
ch:  87  126  122  131  136  136  131  116  121  134  138  111  122  121  125  137  122  123  131  134  124  127  133  126  138  127  138  135  136  139  134  139   56
ch:  88  122  123  135  117  116  133  133  120  120  130  118  117  125  110  116  120  116  120  105  116  117  118  108  132  132  120  119  122  137  135  137   27
ch:  89  120  120  122  132  133  123  127  132  117  133  122  121  122  127  121  130  125  119  123  115  122  122  118  123  134  122  127  134  132  124  141   50
ch:  90  124  131  123  134  118  120  120  110  124  121  118  123  114  119  121  118  116  120  122  124  116  118  122  117  109  115  133  134  133  136  132   33
ch:  91  121  123  117  119  125  131  122  135  132  125  115  125  133  121  124  116  123  124  110  122  119  118  124  122  126  141  132  132  132  146  131   50
ch:  92  115  121  117  131  115  126  122  130  115  120  115  123  110  118  126  125  122  116  122  119  117  118  117  124  116  123  134  124  121  133  119   29
ch:  93  134  122  132  131  126  119  121  133  120  123  124  127  116  121  125  127  123  120  123  121  133  122  123  134  118  135  146  121  135  132  136   56
ch:  94  123  121  130  116  119  115  133  124  117  121  126  133  116  110  121  114  122  123  120  115  109  117  124  116  116  118  117  127  127  138  133   40
ch:  95  116  122  125  124  124  136  124  133  125  127  124  119  133  132  133  121  125  120  124  137  135  126  132  137  135  133  146  139  137  139  142   56
ch:  96  120  118  119  111  121  115  127  121  116  123  114  119  126  117  121  117  126  126  118  119  118  122  116  116  125  123  118  121  120  125  135   39
ch:  97  125  125  123  124  122  117  132  135  123  133  124  121  124  123  121  120  132  122  119  122  119  126  124  125  137  134  134  140  133  117  143   56
ch:  98  123  124  117  134  122  123  126  120  133  125  132  119  117  123  132  117  113  115  120  114  123  118  122  122  126  120  121  121  118  138  131   45
ch:  99  126  138  127  125  124  120  115  124  122  126  123  136  125  121  122  125  136  120  120  126  123  133  129  138  130  124  123  136  141  132  137   56
ch: 100  116  119  120  126  108  134  119  121  122  116  114  122  107  131  131  117  124  117  134  114  119  118  117  114  121  122  135  132  136  124  133   36
ch: 101  126  118  115  136  117  115  122  120  133  138  123  134  127  123  118  124  127  135  133  122  125  127  132  122  140  124  122  135  135  140  139   56
ch: 102  122  117  120  119  119  119  117  120  111  123  122  121  124  109  120  132  121  107  131  123  120  120  122  116  124  119  126  126  127  121  127   34
ch: 103  131  124  121  121  133  131  123  124  124  126  134  122  131  124  121  125  117  108  117  131  120  124  132  127  132  130  135  134  133  139  153   56
ch: 104  126  126  119  124  115  116  119  116  122  132  115  107  121  107  123  109  106  116  117  106  117  111  120  123  122  119  126  115  124  110  132   26
ch: 105  125  124  119  132  133  132  133  122  131  121  123  120  138  121  134  118  118  118  115  123  124  137  122  123  127  132  135  139  133  138  135   56
ch: 106  122  119  123  118  123  120  124  123  125  123  116  120  125  124  114  124  117  124  114  115  119  121  122  121  123  114  135  122  125  122  137   44
ch: 107  121  134  121  126  117  119  120  117  136  134  124  120  118  121  124  124  115  119  119  131  117  121  134  125  132  124  139  140  122  136  120   56
ch: 108  120  124  126  110  114  126  120  117  120  132  121  121  118  108  126  117  132  123  126  124  118  123  122  122  121  117  121  117  135  136  131   28
ch: 109  117  120  132  119  122  124  126  117  124  122  123  122  115  122  123  132  122  132  123  124  121  119  127  122  132  139  135  136  123  136  136   56
ch: 110  131  135  123  132  119  116  111  121   -1  132  122  131  118  120  121  109  123  119  119  110  121  113  131  126  115  116  119  114  126  125  131   46
ch: 111  121  122  126  114  133  123  120  120  130  120  124  126  122  117  117  122   -1  122  119  125  130  119  119  125  125  126  133  138  133  134  134   56
ch: 112  122  120  123  123  121  117  117  120  119  120  108  123  125  123  111  109  124  109  110  130  119  133  121  117  113  110  125  125  126  133  130   46
ch: 113  131  132  124  127  118  120  123  110  124  124  119  118  121  124  121  117  134  119  122  132  121  117  136  137  126  122  132  137  132  123  127   55
ch: 114  114  122  126  124  116  119  117  124  134  111  120  116  120  131  125  120  118  117  123  118  123  129  121  115  117  123  121  127  131  134  123   41
ch: 115  122  114  121  116  137  125  124  117  122  122  117  120  133  137  109  126  122  126  126  125  118  134  118  122  128  130  121  126  132  124  140   56
ch: 116  123  127  121  121  110  124  118  121  127  109  107  134  115  124  118  118  119  114  116  114  116  121  121  127  116  124  115  137  134  133  134   46
ch: 117  121  117  124  125  122  120  119  129  120  120  119  126  122  133  111  122  119  117  123  132  126  125  131  139  135  136  135  123  137  125  143   56
ch: 118  120  125  120  121  124  121  131  104  119  103  113  116  119  120  123  124  115  118  109  117  111  122  116  119  124  114  121  116  116  136  138   44
ch: 119  124  124  124  133  122  126  124  118  135  118  118  118  121  122  125  120  122  121  119  117  121  123  127  121  122  122  139  136  134  141  138   48
ch: 120  131  116  124  122  126  123  118  121  121  122  116  125  109  120  109  118  117  114  111  140  118  114  121  114  121  116  122  124  126  122  137   56
ch: 121  116  131  133  119  134  120  132  123  124  122  117  116  135  122  122  125  123  123  131  112  134  117  125  121  137  126  124  130  136  136  138   56
ch: 122  121  112  118  110  109  123  124  119  132  121  119  119  117  119  120  116  118  110  123  109  126  132  123  114  104  121  109  131  125  120  135   40
ch: 123  118  116  126  143  130  123  119  120  121  136  121  118  126  122  116  134  133  126  121  125  124  122  130  125  121  123  131  119  136  141  135   38
ch: 124  119  120  110  121  117  114  110  120  111  120  134  122  118  120  125  137  123  121  116  106  124  109  116  118  117  122  126  125  115  119  121   23
ch: 125  132  122  117  121  127  125  125  133  122  133  119  123  114  124  122  122  131  133  123  114  118  139  125  135  119  139  137  136  133  133  137   40
ch: 126  125  125  114  125  123  121  122  118  123  133  115  132  118  118  111  116  119  115  136  124  121  122  137  120  130  131  122  133  131  123  136    4
ch: 127  131  119  121  131  109  131  126  116  120  133  119  125  120  131  125  124  123  121  114  125  118  122  121  135  123  126  132  134  132  137  131   39
