# ID XA-000-08-002-000-000-042-00
# Tag _trim_
# Date 240618_19:46:32
# Vref_p 55
# Vref_n 24
# Thr2_glb 55
# Vref_t 118
# Vref_t_range 1
# Pol 1
# ADC range 30-247
# FAST disc 30
ch:   0  140  138  125  136  124  123  121  137  133  124  132  120  121  131  131  118  118  122  117  121  119  123  123  127  123  123  129  108  117  126  116   -1
ch:   1  139  130  131  135  136  131  136  132  131  125  119  121  125  124  118  111  116  130  119  112  120  115  123  109  121  121  118  124  123  124  118   56
ch:   2  133  127  141  131  125  125  134  129  139  120  132  123  125  116  124  109  116  113  125  105  122  119  117  122  117  104  120  119  120  125  114    5
ch:   3  136  132  131  137  142  133  131  131  136  132  125  130  123  117  122  134  117  116  116  125  121  132  119  122  102  111  120  121  131  123  135   56
ch:   4  141  135  125  121  135  124  120  124  124  123  117   -1  120  121  120  115  116  116  121  118  104  122  121  119  111  108  108  119  122  125  115   12
ch:   5  138  135  133  138  137  137  122  120  135  131  124  121  120  123  120  133  117  107  111  125  132  123  125  126  108  110  115  124  118  121  116   56
ch:   6  123  124  136  136  141  126  133  121  132  135  126  118  121  119  124  122  117  110  131  100  116  123  105  117  116  122  115  106  102  125  117   15
ch:   7  140  141  149  135  122  127  120  118  127  133  106  131  124  124  121  125  126  123  122  117  118  117  117  116  108  111  119  106  121  117  117   56
ch:   8  127  141  127  124  122  130  126  116  119  124  138  115  121  120  120  121  108  131  121  115  117  107  116  119  118  123  107  122  118  117  116   23
ch:   9  132  141  136  125  131  132  125  127  132  133  122  119  130  133  126  117  121  119  105  121  124  105  120  116  121  113  121  119  125  122  109   56
ch:  10  134  123  148  132  133  133  131  123  118  118  127  122  123  123  120  120  117  118  124  118  125  110  126  123  120  119  115  133  118  132  122   22
ch:  11  141  132  132  133  129  132  131  147  123  123  131  115  130  115  120  123  126  106  120  112  120  124  119  114  114  121  132  121  124  122  119   56
ch:  12  145  133  134  137  134  124  122  126  117  135  124  125  121  118  121  121  107  123  115  115  117  118  121  120  120  115  123  125  119  124  119   22
ch:  13  130  138  131  122  136  133  133  119  139  132  131  124  133  115  122  116  106  120  119  118  123  121  110  115  118  123  123  117  118  122  120   56
ch:  14  145  133  134  138  134  134  134  128  131  132  121  117  132  123  118  129  124  115  117  116  117  107  104  120  121  120  123  122  120  120  117   21
ch:  15  134  138  142  132  136  138  132  129  126  134  120  125  132  124  122  124  127  119  119  123  109  120  123  116  115  127  124  116  110  134  118   56
ch:  16  139  133  136  132  123  123  135  120  133  121  130  119  124  119  124  106  119  119  131  109  123  123  108  120  107  113  124  103  118  109  131   10
ch:  17  133  133  118  130  146  126  132  138  135  137  125  134  117  121  122  121  124  121  120  125  115  106  120  122  123  116  120  121  110  120  121   56
ch:  18  124  141  132  136  124  136  136  121  134  136  123  122  123  122  132  121  122  120  123  121  107  110  108  114  126  126  115  125  123  115  121   28
ch:  19  133  133  138  124  134  138  147  132  125  136  126  127  116  121  121  124  121  118  122  118  116  124  119  131  120  131  104  121  124  124  132   56
ch:  20  132  124  122  135  134  138  136  123  125  125  121  132  108  117  121  118  119  119  125  120  115  120  117  118  117  110  115  126  124  116  106   23
ch:  21  135  138  137  136  123  138  123  136  132  131  130  125  125  120  123  118  121  123  124  115  122  124  120  117  124  117  125  118  132  124  116   56
ch:  22  124  131  137  132  131  148  136  125  126  130  137  123  121  118  132  123  109  116  117  116  118  109  120  118  105  126  116  117  120  131  116   18
ch:  23  139  139  129  120  130  136  137  124  134  124  125  120  127  120  122  123  113  122  125  122  124  120  108  120  113  111  121  118  130  126  131   56
ch:  24  139  136  135  139  123  135  123  131  119  106  133  116  122  126  131  126  137  117  120  113  117  122  122  122  116  105  116  119  120  113  134   29
ch:  25  134  135  140  137  125  132  134  137  138  119  119  123  132  126  118  118  121  137  123  119  120  125  106  120  119  107  117  127  117  122  123   56
ch:  26  140  132  132  140  139  125  137  136  131  126  126  120  125  117  127  108  115  119  122  118  129  115  118  118  120  107  131  127  131  121  118   23
ch:  27  150  138  136  140  133  134  130  137  125  126  125  133  130  122  132  104  120  121  119  111  125  121  121  113  121  119  121  126  133  121  120   56
ch:  28  139  146  133  136  132  134  125  136  124  133  131  119  129  122  122  126  110  116  118  124  119  120  121  115  106  125  131  113  124  120  123   21
ch:  29  124  139  134  133  143  136  135  133  124  124  121  125  123  118  121  122  109  125  113  110  125  119  127  110  124  108  125  121  117  126  116   56
ch:  30  123  133  130  118  132  122  126  124  131  134  123  117  120  115   -1  117  122  124  104  117  126  119  124  116  118  119  117  103  120  129  116   27
ch:  31  137  142  140  138  132  141  134  130  135  120  131  125  118  123  111  123  121  129  130  110  133  123  121  114  122  135  122  119  126  134  124   56
ch:  32  136  139  149  137  132  149  134  118  134  136  134  130  132  123  121  123  108  124  116  122  110  117  121  118  117  133  121  125  118  123  132   35
ch:  33  141  135  139  137  127  127  137  132  126  121  131  117  120  132  117  126  122  118  108  122  116  111  110  116  113  119  117  110  120  131  122   56
ch:  34  136  148  133  132  135  135  140  134  132  134  127  107  125  107  115  122  119  118  115  111  122  116  120  120  117  118  120  109  126  114  106   26
ch:  35  137  133  133  137  132  138  132  132  131  123  119  123  132  116  131  122  126  125  124  121  123  118  125  123  122  121  119  132  122  135  130   56
ch:  36  141  140  137  129  145  135  131  124  131  135  116  118  122  116  120  125  126  114  110  113  121  123  117  119  124  116  123  121  112  110  121   26
ch:  37  136  124  132  126  142  136  127  123  126  120  122  132  130  133  118  125  121  130  118  134  121  131  124  133  121  119  125  123  125  111  121   56
ch:  38  127  121  125  131  123  121  124  131  133  132  122  121  122  129  123  117  122  117  119  120  120  122  117  115  120  108  110  117  132  118  117   47
ch:  39  123  134  125  136  133  134  136  137  132  121  131  111  135  119  132  120  124  121  118  120  136  119  127  120  122  114  123  109  121  119  125   56
ch:  40  136  120  134  124  135  131  126  126  127  123  129  126  125  118  116  122  117  122  117  103  117  126  131  116  117  125  116  136  122  127  117   42
ch:  41  137  122  135  126  132  131  135  131  136  126  131  130  119  127  117  118  126  116  124  117  118  121  119  118  120  104  110  109  123  132  119   56
ch:  42  145  125  137  145  123  123  122  136  133  124  122  124  125  118  120  118  121  110  116  116  117  108  122  115  118  122  135  116  116  114  125   38
ch:  43  141  124  131  132  142  138  132  126  125  120  132  117  119  122  122  125  122  121  122  122  122  109  118  131  123  119  115  119  108  131  132   56
ch:  44  132  138  132  132  140  127  132  120  118  121  122  118  124  118  134  131  130  116  116  125  119  119  122  120  119  124  128  119  125  123  118   30
ch:  45  133  122  133  126  135  115  134  142  132  138  132  126  121  125  130  123  126  120  119  118  122  117  133   95  119  127  130  123  123  131  124   56
ch:  46  149  146  142  131  139  125  129  133  132  126  134  118  125   -1  123  119  117  121  119  107  134  108  123  119  132  123  116  125  120  120  125   34
ch:  47  134  136  127  134  119  136  132  121  123  134  124  136  132  126  109  121  116  125  127  112  121  119  118  105  122  122  115  118  125  124  119   56
ch:  48  136  127  133  132  126  122  124  131  126  134  109  120  131  109  119  134  111  117  119  122  120  121  119  123  119  120  122  122  121  115  120   34
ch:  49  139  137  132  139  136  127  138  127  119  117  132  118  125  126  123  122  122  121  130  123  119  121  116  126  119  122  125  120  116  119  131   56
ch:  50  132  134  138  130  139  134  127  133  126  123  121  126  123  116  116  123  133  126  122  131  131  121  115  121  116  124  121  126  130  123  121   44
ch:  51  142  126  124  136  125  133  149  131  132  140  126  132  134  118  120  111  139  121  122  124  122  135  123  126  134  124  125  121  133  123  121   56
ch:  52  135  140  140  134  145  132  130  120  124  132  123  125  137  122  110  124  123  134  121  132  134  123  125  126  123  118  124  123  117  115  127   45
ch:  53  133  133  133  125  134  124  139  133  126  126  120  126  123  121  135  130  119  117  120  122  120  123  126  133  121  123  121  116  135  130  119   56
ch:  54  134  137  139  148  148  125  145  134  138  136  135  136  110  127  116  132  122  123  121  107  106  117  124  126  108  110  121  122  123  124  123   43
ch:  55  136  134  142  137  137  125  152  122  131  119  137  122  132  135  117  134  124  121  121  122  134  120  121  122  123  123  129  124  134  132  123   56
ch:  56  133  139  138  143  126  137  137  129  138  127  122  120  126  131  124  119  115  130  123  116  108  123  121  118  131  125  118  124  123  130  131   34
ch:  57  139  132  131  134  122  125  130  130  131  131  125  110  121  118  133  122  122  107  115  126  123  121  106  119  118  127  121  109  129  119  131   56
ch:  58  140  125  135  138  132  136  135  132  131  125  125  125  122  133  115  120  125  130  122  115  119  125  120  107  119  132  122  122  115  121  134   43
ch:  59  130  131  137  138  133  132  124  134  132  137  143  125  121  123  119  119  121  126  120  116  134  125  122  116  129  118  120  132  124  127  125   56
ch:  60  143  133  131  126  132  136  119  130  133  133  125  119  136  125  127  123  121  117  130  108  122  123  118  121  108  118  107  129  116  114  126   44
ch:  61  132  133  135  140  139  151  126  129  136  133  124  121  127  132  123  126  118  118  121  125  118  109  118  121  133  121  119  125  120  130  119   56
ch:  62  132  148  139  137  134  134  123  134  126  125  121  124  120  123  116  141  137  122  119  119  133  121  121  120  124  118  115  118  114  122  120   38
ch:  63  144  135  138  136  139  145  133  133  137  133  132  130  125  124  133  124  124  123  125  123  118  119  116  122  120  113  134  120  126  134  131   56
ch:  64  126  132  133  135  137  131  126  125  135  136  126  119  120  131  124  124  127  122  121  113  117  119  122  118  113  130  120  118  117  121  130   37
ch:  65  135  133  139  139  131  131  140  126  137  134  119  133  131  122  127  116  117  123  131  120  117  125  122  133  115  123  116  130  133  125  131   56
ch:  66  134  134  141  139  131  139  136  142  120  132  131  110  126  133  120  116  122  114  126  117  132  121  122  110  135  125  124  116  115  122  127   37
ch:  67  136  136  147  127  135  127  137  134  131  126  131  130  125  125  130  120  117  123  124  125  124  125  120  108  124  118  124  119  132  127  123   56
ch:  68  145  148  139  140  137  137  131  146  136  133  125  124  124  117  126  118  131  121  123  120  119  130  131  123  118  121  119  118  119  127  124   41
ch:  69  146  131  120  136  125  141  134  122  123  123  125  115  118  135  114  122  126  122  117  121  121  118  130  125  117  117  124  121  125  125  127   56
ch:  70  135  140  134  123  138  125  127  121  125  132  118  110  125  121  121  133  126  110  123  119  109  118  127  121  131  110  114  117  120  123  108   47
ch:  71  130  150  132  127  139  133  122  134  134  132  137  124  136  120  130  118  124  131  118  123  121  131  126  131  106  118  125  130  133  121  123   56
ch:  72  141  135  133  123  148  133  134  135  131  132  134  134  126  122  119  120  122  125  125  115  121  126  117  134  116  131  121  121  119  126  125   37
ch:  73  134  136  149  132  132  134  131  134  137  121  139  118  124  120  109  127  122  122  122  133  119  124  122  122  129  119  124  123  121  121  118   56
ch:  74  136  122  139  127  137  149  132  120  116  126  122  125  135  119  124  119  124  117  125  110  121  122  121  120  118  116  116  111  123  103  114   48
ch:  75  148  134  141  140  134  137  126  126  136  119  122  133  126  131  124  117  117  119  130  118  124  133  116  123  123  120  120  122  126  132  122   56
ch:  76  131  129  130  136  131  119  127  126  123  120  124  123  115  123  119  123  123  123  118  122  121  124  123  120  107  120  121  121  119  125  122   38
ch:  77  130  142  133  139  123  136  132  132  130  128  123  123  121  123  123  126  122  122  106  127  119  125  117  113  125  117  110  113  123  121  126   56
ch:  78  132  146  139  136  141  140  135  130  123  132  115  133  122  108  133  119  133  119  120  115  120  135  101  111  108  121  137  132  127  120  126   33
ch:  79  135  137  135  123  135  131  107  134  129  126  126  123  130  130  127  123  135  121  124  131  118  125  134  119  121  126  119  117  116  122  123   56
ch:  80  137  147  135  133  128  134  124  135  132  130  133  132  123  122  125  119  117  122  116  106  115  107  108  118  129  115  115  123  110  124  121   42
ch:  81  137  132  134  134  136  132  140  121  135  127  133  132  122  117  126  107  119  116  121  120  120  107  123  122  126  125  121  117  124  117  123   56
ch:  82  132  136  123  134  125  138  134  123  135  146  122  122  127  124  118  138  123  132  115  125  122  121  120  104  131  115  126  121  123  123  124   33
ch:  83  140  149  133  131  125  132  121  134  134  131  119  122  134  131  119  131  122  116  122  124  126  119  125  123  130  123  131  125  126  122  125   56
ch:  84  148  124  133  124  136  125  134  127  126  120  126  120  120  117  123  117  122  122  120  120  118  110  125  115  121  126  117  127  116  126  135   41
ch:  85  147  139  138  138  136  124  127  132  140  116  132  122  131  131  133  121  125  122  119  127  105  129  118  117  132  116  116  117  122  125  121   56
ch:  86  136  134  136  142  132  131  122  130  138  122  120  123  137  117  119  119  121  117  121  120  117  101  118  108  114  121  108  108  122  118  119   45
ch:  87  135  138  132  134  127  118  132  141  134  123  117  125  122  126  118  125  115  129  123  116  116  121  136  130  119  131  124  124  127  130  117   56
ch:  88  139  138  139  121  135  134  141  118  135  132  135  120  122  119  117  123  118  119  121  130  117  119  116  121  114  122  130  121  124  117  124   44
ch:  89  132  127  135  133  134  142  126  125  132  134  116  132  126  125  136  125  110  121  134  116  124  135  109  120  121  120  123  126  127  134  124   56
ch:  90  136  149  140  134  131  139  139  131  131  135  122  131  131  123  130  121  120  124  123  113  116  118  131  120  120  121  121  121  123  131  133   30
ch:  91  147  132  134  138  134  135  126  126  127  126  132  135  123  138  125  120  124  110  124  111  134  115  125  131  117  121  132  116  123  126  123   56
ch:  92  119  138  131  135  133  132  133  119  124  133  125  135  123  119  123  133  120  122  119  108  109  122  124  125  111  117  115  116  125  120  124   43
ch:  93  123  130  136  126  139  133  137  134  119  131  134  137  125  126  115  121  132  117  120  122  133  112  137  110  133  115  133  127  138  122  122   56
ch:  94  153  145  125  136  139  111  125  131  132  126  131  118  124  126  121  116  116  107  117  120  117  134  110  107  123  113  122  118  119  122  131   33
ch:  95  140  133  125  135  136  138  135  127  135  133  120  131  123  126  120  124  123  120  116  117  130  123  120  133  126  108  132  126  125  131  133   56
ch:  96  126  131  146  138  126  132  127  134  121  133  130  121  116  134  119  124  123  116  121  127  124  119  115  119  121  118  116  125  121  125  125   39
ch:  97  120  150  123  138  130  137  135  129  131  132  135  129  121  126  132  130  104  123  126  120  119  101  121  122  122  105  137  120  131  124  126   56
ch:  98  135  137  136  132  138  134  131  133  122  122  127  120  126  125  133  118  123  117  111  116  121  114  124  123  107  115  107  131  125  117  110   47
ch:  99  132  141  125  135  138  133  140  132  122  132  120  124  127  117  125  120  125  123  119  125  133  118  118  119  119  117  131  123  123  115  139   56
ch: 100  132  138  135  127  130  135  138  127  127  132  130  132  108  123  125  115  117  122  118  130  123  129  126  117  104  124  126  121  116  118  117   24
ch: 101  140  138  132  121  134  133  140  125  131  125  122  132  132  117  131  124  118  119  121  121  105  125  125  120  117  118  131  120  123  118  120   56
ch: 102  136  133  132  136  133  122  130  134  126  129  141  136  130  122  116  115  125  124  119  121  116  108  109  122  127  120  109  115  108  118  105   33
ch: 103  134  141  135  139  140  134  134  126  132  120  131  123  122  120  121  125  120  107  117  116  119  114  111  125  120  121  120  122  131  124  132   56
ch: 104  140  146  132  138  123  132  135  132  127  134  126  120  125  116  121  117  120  110  117  123  119  119  121  113  114  108  110  115  120  116  124   29
ch: 105  135  131  139  124  138  137  141  126  135  130  134  125  123  132  121  124  109  123  123  119  124  113  118  111  119  119  131  120  126  130  124   56
ch: 106  138  145  140  134  123  135  135  122  133  123  120  132  125  121  139  108  120  124  121  110  124  127  117  125  125  126  120  115  121  116  123   34
ch: 107  147  140  147  140  143  135  134  131  133  125  119  125  125  125  135  115  122  120  117  122  116  126  121  122  108  124  123  115  123  131  133   56
ch: 108  134  135  132  134  129  131  132  134  133  130  120  130  122  129  130  125  120  121  125  124  122  126  114  109  126  119  122  121  118  120  125   27
ch: 109  136  142  138  127  123  122  135  122  125  133  123  135  131  132  135  121  125  119  124  141  117  120  118  134  116  117  123  127  118  135  131   56
ch: 110  153  138  134  121  125  131  130  134  136  131  132  123  133  116  119  122  117  132  129  102  123  117  108  123  120  117  118  125  124  126  118   26
ch: 111  142  132  124  137  135  137  126  135  126  133  117  122  134  120  123  123  122  122  119  120  126  120  131  123  119  111  134  137  122  131  117   56
ch: 112  152  140  136  135  136  122  135  142  123  121  125  124  132  130  123  127  121  116  130  107  110  121  118  116  112  107  124  121  116  134  119   28
ch: 113  149  135  150  124  123  124  135  124  133  119  125  134  124  122  126  131  125  117  132  122  117  130  124  135  119  117  110  131  121  122  133   56
ch: 114  135  134  131  134  147  133  132  131  118  136  127  125  130  118  140  123  119  126  121  131  111  122  121  109  116  137  115  125  119  119  116   18
ch: 115  137  135  127  135  136  135  134  119  133  123  132  125  132  121  117  124  122  125  125  121  118  124  138  121  121  120  118  123  125  124  130   56
ch: 116  133  147  137  131  130  140  133  136  126  124  121  131  131  126  138  122  122  120  118  120  117  105  125  121  115   -1  127  122  119  109  107   29
ch: 117  140  131  125  140  125  122  134  134  137  126  124  122  138  123  133  120  132  120  132  111  123  132  106  109  123  131  120  139  116  125  121   56
ch: 118  118  131  134  139  121  139  137  124  131  136  117  117  120  120  117  130  132  119  117  114  121  116  123  123  106  134  121  122  117  134  117   24
ch: 119  136  134  131  148  138  124  125  134  134  127  133  137  122  118  125  117  124  127  119  122  126  132  124  125  119  124  117  125  125  133  126   56
ch: 120  138  123  145  130  134  131  140  127  126  122  132  131  116  124  122  132  135  122  138  122  120  120  122  124  117  120  103  118  135  125  126   23
ch: 121  135  136  136  139  138  123  135  133  135  133  141  133  126  121  130  120  132  115  122  111  121  118  118  127  122  126  121  124  124  123  127   56
ch: 122  126  126  138  134  132  134  134  133  133  125  120  118  125  120  131  121  116  107  120  126  119  119  126  125  117  118  123  120  123  117  118   20
ch: 123  136  143  135  138  131  124  126  140  126  134  135  134  118  126  134  127  131  131  121  119  121  121  115  118  131  124  126  123  109  107  126   56
ch: 124  127  131  147  135  134  138  121  134  134  125  139  115  125  132  125  134  121  123  122  124  132  115  121  130  122  121  120  119  110  137  133    8
ch: 125  137  142  138  133  130  136  139  120  136  130  123  139  122  119  123  133  131  118  122  133  120  122  127  117  131  117  131  129  134  117  127   56
ch: 126  132  133  132  135  138  130  129  140  134  138  124  137  115  122  116  127  121  123  121  114  122  117  119  131  122  133  120  118  118  121  120   -1
ch: 127  131  138  139  126  133  122  118  133  131  121  128  118  135  128  115  118  122  122  133  106  121  125  124  119  114  121  117  116  121  121  116   56
