# ID XA-000-08-002-000-005-235-04
# Tag _trim_
# Date 240619_12:59:48
# Vref_p 55
# Vref_n 22
# Thr2_glb 51
# Vref_t 118
# Vref_t_range 1
# Pol 0
# ADC range 30-247
# FAST disc 30
ch:   0  136  139  142  131  129  126  138  135  130  138  124  117  126  135  119  130  118  125  119  108  123  123  115  120  124  126  126  125  123  120  133   -1
ch:   1  131  131  134  130  133  133  133  139  136  132  121  127  132  133  122  124  126  130  122  133  126  116  133  138  129  130  129  137  137  134  126   22
ch:   2  135  136  130  127  131  123  127  135  124  126  136  121  125  125  123  130  126  111  105  122  121  119  124  121  116  117  109  121  109  117  123   16
ch:   3  139  136  135  129  127  148  138  133  134  133  139  146  139  132  127  145  130  133  131  128  135  131  148  126  132  132  130  125  131  125  135   56
ch:   4  134  148  138  126  131  125  117  138  121  125  119  126  136  122  119  118  115  136  121  125  107  107  121  122  118  121  107  129  118  126  119   56
ch:   5  137  133  133  135  138  133  134  136  127  130  137  126  131  133  130  127  136  133  131  131  127  126  143  121  132  133  130  139  123  140  139   56
ch:   6  134  130  127  126  130  138  130  130  133  125  117  124  123  133  126  120  126  125  117  122  121  132  117  107  114  133  118  116  118  105  125   56
ch:   7  140  140  135  130  133  141  131  141  135  136  134  122  135  132  123  131  141  131  122  127  134  136  126  127  129  123  136  129  126  132  131   56
ch:   8  135  133  132  126  133  148  130  132  132  123  134  124  129  129  132  130  121  136  131  122  118  110  124  129  123  121  126  126  120  133  132   56
ch:   9  136  137  140  133  127  135  133  135  119  120  136  132  122  128  129  130  136  132  129  138  119  129  126  131  117  131  132  126  136  138  130   56
ch:  10  139  126  144  127  130  130  127  134  132  129  127  127  139  115  122  107  122  115  125  121  117  119  117  114  124  113  121  111  108  139  124   56
ch:  11  140  138  135  146  146  130  141  138  132  132  134  132  138  133  126  131  140  126  131  126  125  146  127  125  123  131  137  131  132  136  130   51
ch:  12  135  141  126  139  129  130  130  125  131  122  121  119  126  124  122  110  121  106  116  122  121  121  119  115  123  120  124  115  123  111  119   54
ch:  13  142  129  140  140  148  126  125  126  131  132  139  137  134  137  127  136  132  139  136  125  125  125  130  131  121  130  138  123  125  141  130   56
ch:  14  135  136  130  135  133  141  131  136  134  125  133  126  117  125  123  119  127  125  123  123  124  127  116  130  125  119  121  121  118  125  130   56
ch:  15  135  124  126  126  131  143  126  126  123  131  134  132  138  142  130  120  131  132  125  133  136  132  125  129  125  126  133  134  131  141  136   51
ch:  16  139  147  136  131  127  126  124  128  131  129  123  122  112  119  121  122  121  127  119  124  120  123  119  124  109  116  117  126  124  120  120   56
ch:  17  132  138  130  134  136  133  135  134  131  126  127  130  135  135  123  126  132  133  128  131  131  131  135  123  135  136  131  138  127  133  127   56
ch:  18  126  137  132  130  131  132  123  136  138  130  129  132  121  122  122  132  129  128  130  127  122  116  117  122  121  127  119  116  108  129  119   56
ch:  19  139  138  124  131  138  134  132  134  131  137  126  125  133  127  136  131  133  123  131  133  132  125  141  134  130  119  127  131  133  134  142   56
ch:  20  137  136  132  142  142  132  131  121  135  126  133  120  133  131  126  123  114  126  125  115  109  127  119  123  120  117  124  116  115  124  123   56
ch:  21  147  138  131  137  129  136  127  137  124  127  129  132  121  126  139  127  136  122  124  121  121  125  123  125  124  118  119  120  139  123  131   56
ch:  22  146  135  136  134  133  120  134  131  124  123  126  137  129  126  126  125  128  120  121  120  120  121  121  126  131  119  120  115  125  120  126   52
ch:  23  132  139  137  134  132  136  150  130  131  123  132  136  133  132  134  124  136  126  123  123  133  124  138  120  131  123  132  130  135  137  133   55
ch:  24  137  142  134  121  140  130  138  132  130  130  139  123  141  120  121  126  110  131  125  134  136  108  123  121  130  125  127  123  126  127  132   56
ch:  25  136  133  147  131  126  140  126  132  138  135  127  135  129  127  126  118  125  125  134  132  129  133  133  124  137  125  138  120  131  127  130   56
ch:  26  138  127  135  142  131  125  136  135  132  126  123  124  123  122  132  122  135  136  123  120  121  122  133  123  125  117  123  119  121  120  130   56
ch:  27  140  149  131  134  148  136  131  132  131  140  134  139  132  133  132  134  138  136  132  134  138  136  131  138  136  133  126  127  126  130  138   56
ch:  28  134  124  127  131  133  139  136  134  121  136  123  120  114  115  134  131  127  124  130  123  125  134  119  127  131  134  131  127  123  126  132   56
ch:  29  146  133  141  134  139  140  130  147  134  134  129  134  135  135  130  131  125  136  130  131  134  137  126  132  126  131  135  134  137  138  132   56
ch:  30  131  136  125  130  132  133  134  136  132  137  133  117  126  124  126  134  130  134  125  133  131  125  124  120  125  125  119  129  131  132  122   56
ch:  31  126  139  136  137  135  136  146  136  133  136  138  132  134  120  127  136  134  141  123  136  125  139  133  131  136  132  136  130  150  137  127   56
ch:  32  133  131  135  133  137  120  148  138  135  129  130  137  125  122  126  127  132  124  122  125  121  124  121  121  121  124  124  134  121   -1  134   56
ch:  33  139  140  135  137  140  139  139  133  141  133  128  132  135  138  139  130  131  124  130  132  120  138  132  134  136  131  123  146  126  134  140   52
ch:  34  131  131  130  132  134  127  129  131  132  121  127  116  132  136  135  120  125  125  124  120  123  119  127  133  118  122  130  121  125  126  122   56
ch:  35  147  142  150  126  147  125  133  139  134  136  149  141  140  125  136  141  134  132  132  135  133  132  126  134  136  130  147  135  132  152  136   52
ch:  36  131  134  131  140  137  125  131  131  130  130  131  130  122  129  126  118  122  129  124  134  119  126  126  124  121  121  134  131  134  122  125   56
ch:  37  139  149  125  135  137  141  136  147  131  119  124  133  123  133  134  126  136  141  136  127  129  133  133  131  133  125  135  122  131  139  129   45
ch:  38  134  141  142  134  132  126  134  123  132  132  127  120  135  133  140  130  119  126  123  120  122  123  125  116  117  126  124  124  123  121  124   56
ch:  39  142  139  135  139  134  133  125  141  141  142  129  148  141  141  139  134  136  130  134  135  147  147  137  134  136  134  133  135  135  136  149   51
ch:  40  135  138  135  130  130  136  127  119  123  126  130  121  129  121  133  119  134  132  120  125  124  125  119  123  123  131  124  127  122  124  133   56
ch:  41  137  151  147  137  138  120  142  140  131  137  134  137  136  140  135  129  137  136  135  120  133  132  134  135  147  136  131  131  134  139  133   56
ch:  42  137  141  132  135  129  133  133  129  125  126  149  123  125  118  125  142  121  126  123  125  124  123  126  114  116  131  127  130  130  130  125   56
ch:  43  131  135  142  142  136  143  138  136  126  140  137  149  133  138  131  138  138  123  121  127  137  139  126  130  136  143  137  140  130  137  147   56
ch:  44  140  136  133  129  127  131  127  131  127  135  133  124  134  131  119  126  118  133  117  126  126  121  132  134  120  124  113  126  127  129  123   56
ch:  45  133  140  136  141  134  132  132  131  123  141  135  134  135  126  141  137  150  148  133  133  137  140  130  123  140  135  149  147  138  134  140   56
ch:  46  140  134  136  123  122  126  133  141  133  124  138  132  126  122  134  133  139  128  140  125  130  130  122  126  132  132  121  125  123  126  132   56
ch:  47  138  151  135  131  135  137  131  133  135  137  136  150  130  133  134  140  136  133  131  126  148  141  134  136  138  130  138  140  137  135  138   51
ch:  48  139  125  137  131  137  124  121  130  122  134  147  124  124  137  120  121  126  126  127  132  119  133  122  122  131  125  127  123  130  130  132   56
ch:  49  135  142  141  132  140  138  132  126  134  137  129  123  131  131  134  132  126  123  133  131  134  139  126  132  137  131  133  130  129  134  137   56
ch:  50  140  136  132  138  126  131  142  137  134  129  125  130  127  127  127  130  120  122  118  120  121  127  125  126  120  122  135  133  138  121  130   56
ch:  51  137  133  138  142  137  137  138  136  139  129  135  139  140  132  139  137  136  139  138  138  135  133  138  138  142  136  137  139  136  140  140   56
ch:  52  140  133  132  136  130  127  134  137  134  137  129  130  127  131  136  133  141  124  132  119  134  118  121  120  119  125  130  124  121  132  127   56
ch:  53  138  139  138  152  148  135  130  133  131  131  135  141  129  149  136  126  133  132  138  142  147  125  134  132   -1  137  141  131  140  136  142   56
ch:  54  139  125  129  137  139  137  131  136  131  115  126  132  116  130  118  122  130  130  120  127  131  124  133  122  109  126  131  132  116  122  123   56
ch:  55  147  142  133  137  136  140  127  134  138  148  148  133  133  137  125  137  142  133  133  133  135  131  133  133  131  135  132  141  140  145  140   49
ch:  56  134  147  142  142  131  141  134  131  141  133  131  139  130  132  126  121  129  138  123  131  128  126  129  123  119  131  130  117  129  137  140   56
ch:  57  141  132  138  149  139  139  136  133  134  141  131  126  132  132  132  133  132  137  134  131  135  139  139  132  132  134  138  135  138  148  133   52
ch:  58  148  136  127  132  132  133  133  135  124  131  132  133  127  124  131  121  123  128  121  132  124  122  125  133  122  123  124  133  134  124  139   56
ch:  59  136  126  140  133  132  142  141  133  140  131  141  137  140  147  134  132  141  139  137  133  131  136  138  138  138  126  136  139  135  134  151   52
ch:  60  130  134  120  139  135  135  133  125  137  125  123  126  121  123  135  126  133  123  119  131  123  123  121  125  127  121  110  117  118  119  132   56
ch:  61  138  135  148  146  130  141  135  135  133  148  140  126  136  131  140  134  125  131  131  136  135  131  127  129  137  140  137  131  133  133  143   56
ch:  62  137  131  132  142  148  134  131  128  130  133  120  131  126  130  135  135  126  130  131  147  131  129  132  130  123  122  133  123  126  123  117   56
ch:  63  148  137  137  139  126  141  148  132  140  133  142  134  136  126  140  133  134  139  134  136  152  125  131  133  125  126  133  126  138  146  138   48
ch:  64  130  140  134  126  134  129  125  134  133  117  133  137  127  146  136  131  132  127  127  131  124  133  126  130  114  138  131  120  124  122  124   56
ch:  65  141  135  138  141  136  147  140  136  139  130  147  124  142  132  135  141  136  131  126  129  130  140  141  132  143  134  135  139  140  149  131   56
ch:  66  145  149  137  132  138  124  120  141  134  135  126  126  126  134  126  124  119  123  124  125  121  130  127  126  110  131  130  126  116  124  128   56
ch:  67  132  134  134  137  131  129  140  134  134  134  132  148  133  130  132  138  139  131  137  133  140  140  133  131  138  126  135  134  142  142  135   46
ch:  68  142  135  129  135  132  140  138  136  135  132  124  125  133  123  130  134  133  131  133  125  128  127  126  127  129  129  123  135  133  136  133   56
ch:  69  147  132  134  139  135  136  132  131  134  130  136  132  142  137  130  122  137  133  126  138  134  137  138  140  131  127  137  133  131  140  140   53
ch:  70  139  134  137  141  126  131  123  135  133  133  125  125  132  125  124  125  126  119  133  122  140  123  124  140  129  131  126  125  132  118  142   56
ch:  71  141  133  141  151  134  142  137  137  135  127  130  138  139  136  127  139  135  131  148  135  133  137  151  136  129  127  151  140  139  156  126   54
ch:  72  134  139  130  149  132  129  138  126  131  140  137  129  125  129  133  136  115  123  134  137  123  132  116  125  130  123  126  125  133  123  129   56
ch:  73  149  146  140  136  143  139  124  138  140  136  128  138  132  133  125  139  137  134  140  131  133  139  138  124  134  130  134  131  134  138  133   44
ch:  74  143  131  134  134  140  138  134  126  132  132  134  125  130  126  123  122  136  140  129  131  135  132  141  133  140  125  127  126  131  133  131   56
ch:  75  141  149  126  146  138  136  134  135  133  150  135  132  151  132  137  125  130  133  136  130  130  126  130  132  142  136  131  142  131  141  138   46
ch:  76  133  131  136  140  135  139  139  135  138  140  131  132  122  122  126  135  123  130  124  117  139  126  122  127  119  133  132  125  148  120  136   56
ch:  77  138  140  132  147  137  131  132  129  132  127  136  137  131  130  132  132  132  138  140  135  135  123  138  134  135  130  141  147  136  139  140   56
ch:  78  138  137  138  136  134  128  131  132  134  134  137  131  136  135  133  126  136  122  128  131  109  122  127  121  119  132  126  130  138  130  127   56
ch:  79  143  139  140  137  135  134  135  146  132  139  137  136  139  137  129  133  126  148  133  139  134  138  137  134  146  132  141  135  153  142  135   56
ch:  80  136  134  124  128  132  138  131  131  130  130  137  134  137  140  121  122  141  126  130  121  133  124  130  131  133  121  121  130  135  135  136   56
ch:  81  150  136  149  137  134  135  135  131  137  134  132  132  134  140  154  133  142  133  133  130  131  133  124  133  135  138  132  136  126  143  138   45
ch:  82  150  139  126  132  120  126  132  121  133  132  137  133  122  119  120  137  137  131  134  135  134  136  131  125  128  115  122  119  122  127  131   56
ch:  83  137  137  138  139  130  134  142  123  136  140  129  134  125  139  122  135  139  124  119  133  131  130  136  140  137  125  135  134  134  130  123   43
ch:  84  138  129  140  127  139  132  139  132  130  146  125  134  130  142  118  124  139  122  131  124  125  126  120  131  136  110  117  126  137  125  126   56
ch:  85  134  137  148  150  135  131  142  131  138  134  135  125  133  138  133  122  124  133  135  131  140  133  130  131  141  139  130  139  142  134  131   54
ch:  86  132  136  121  134  128  134  141  123  130  130  131  125  130  136  124  125  126  115  122  123  121  129  109  129  122  121  111  121  130  136  129   56
ch:  87  140  143  134  134  139  146  135  137  135  132  137  141  141  145  129  130  147  125  123  134  135  124  138  138  125  127  141  133  136  130  147   52
ch:  88  137  135  138  134  130  132  140  125  131  130  135  134  131  135  132  124  126  121  125  124  123  141  133  124  125  133  135  130  126  137  137   56
ch:  89  134  151  131  126  136  140  140  146  127  133  129  136  124  130  132  140  133  141  124  135  137  130  131  131  132  132  132  140  141  138  136   52
ch:  90  136  137  137  138  134  136  126  125  131  131  122  137  136  131  125  125  136  132  117  122  118  124  121  125  126  132  121  125  123  129  130   56
ch:  91  148  136  146  142  125  143  138  140  131  137  131  139  132  129  134  142  143  134  130  140  146  131  143  126  140  135  135  147  131  143  146   54
ch:  92  132  150  134  132  137  127  128  138  143  136  133  125  134  136  131  133  131  132  126  123  122  130  127  119  124  121  120  123  130  119  137   56
ch:  93  139  137  137  139  147  146  137  140  137  131  133  135  135  137  133  130  133  139  135   -1  131  133  134  147  131  130  132  126  140  151  136   43
ch:  94  128  134  131  138  132  132  132  134  124  129  134  126  131  133  121  121  123  129  116  118  125  121  125  121  129  125  128  126  129  122  134   56
ch:  95  154  150  142  138  140  138  131  141  148  136  135  133  134  140  138  138  136  127  137  135  141  130  133  138  132  129  138  134  137  133  134   47
ch:  96  139  132  139  133  131  137  134  132  134  134  137  126  120  132  121  134  129  133  132  124  130  135  126  115  118  135  108  130  127  130  126   56
ch:  97  132  136  143  141  138  135  133  148  132  138  130  140  139  130  125  129  134  138  131  133  139  130  134  131  139  125  131  141  136  136  131   36
ch:  98  134  137  126  133  129  142  135  127  127  129  127  134  129  120  131  135  127  119  122  122  130  118  126  133  126  131  131  125  125  129  124   56
ch:  99  142  132  145  136  136  141  130  130  138  130  126  131  130  131  132  136  138  136  125   -1  127  126  131  133  131  124  130  136  129  138  126   30
ch: 100  134  136  134  134  134  134  138  135  129  130  126  121  130  118  125  118  123  124  124  122  129  124  127  126  136  130  123  126  125  127  126   54
ch: 101  150  156  147  142  141  132  133  130  135  140  148  126  130  123  136  140  135  139  132  133  133  132  141  131  135  133  148  131  127  139  135   51
ch: 102  132  137  142  138  132  134  133  136  137  135  126  134  131  135  126  134  134  115  121  117  123  123  131  131  136  123  125  123  124  124  125   56
ch: 103  137  135  133  141  138  124  137  150  141  130  140  137  126  139  131  148  135  142  135  130  126  132  141  135  133  136  146  122  123  134  139   40
ch: 104  136  139  138  130  124  140  123  131  138  120  122  127  134  125  123  122  124  131  124  131  120  126  119  107  126  117  121  124  133  133  124   51
ch: 105  137  138  139  134  130  140  140  139  134  142  135  133  148  124  148  135  122  127  135  135  133  131  149  135  130  133  136  133  127  139  132   36
ch: 106  134  125  137  142  121  133  135  136  133  117  139  122  134  132  117  126  122  121  126  134  136  136  130  124  123  131  125  120  121  133  121   56
ch: 107  150  147  133  139  136  135  136  134  148  134  139  136  135  141  132  141  138  127  131  142  135  139  131  133  131  136  133  130  125  135  151   39
ch: 108  140  131  131  132  134  136  136  130  131  130  124  137  132  135  131  131  115  121  135  125  133  130  133  125  126  129  126  131  125  120  135   52
ch: 109  134  130  141  135  141  135  131  136  137  138  132  136  135  134  136  122  132  140  133  131  130  135  132  138  130  133  132  132  129  138  133   50
ch: 110  137  131  139  135  147  142  132  121  133  136  130  130  132  131  134  126  129  118  124  127  125  122  117  121  124  123  135  123  139  125  124   47
ch: 111  150  148  140  135  136  146  140  131  120  137  134  138  123  137  131  134  132  125  138  132  140  119  134  135  132  139  131  136  138  140  138   32
ch: 112  139  133  135  134  133  126  124  134  132  132  123  134  126  123  124  126  134  133  130  131  124  120  119  123  121  126  118  133  122  117  122   52
ch: 113  142  140  137  140  135  137  127  139  132  127  133  129  131  133  130  123  134  130  134  123  134  134  130  139  135  133  132  136  135  137  129   43
ch: 114  137  136  138  135  135  131  138  126  140  135  133  132  126  120  131  124  133  121  138  133  124  125  120  121  131  123  133  124  124  122  124   43
ch: 115  147  149  138  140  140  136  131  138  136  137  147  136  146  133  132  139  134  137  130   -1  131  131  137  136  132  140  127  127  136  136  134   40
ch: 116  139  126  141  147  133  123  134  139  130  126  132  132  127  128  134  132  120  125  123  135  123  134  140  123  132  137  132  120  134  118  129   48
ch: 117  131  137  132  131  134  130  129  132  133  140  152  131  139  123  132  141  121  140  132  134  131  140  131  125  129  127  134  131  134  135  140   43
ch: 118  132  132  139  132  130  142  138  132  125  136  131  125  130  118  126  120  130  126  118  132  118  117  129  133  121  126  132  124  123  127  129   44
ch: 119  131  136  142  134  141  131  136  131  134  133  127  140  134  135  136  133  132  135  126  130  135  126  127  130  132  127  138  133  133  143  133   32
ch: 120  136  134  134  134  133  142  130  126  134  134  129  137  132  130  123  126  131  120  120  132  124  126  115  125  115  126  136  117  126  134  123   48
ch: 121  146  140  152  140  136  134  139  132  141  135  146  147  137  132  143  136  138  135  145  126  134  123  131  132  134  131  134  138  138  139  130   28
ch: 122  130  135  135  146  135  135  120  124  134  124  130  123  131  110  136  126  126  124  124  122  118  120  131  122  120  122  121  119  124  113  126   33
ch: 123  146  140  136  124  138  141  131  134  135  135  132  133  123  131  137  132  129  131  132  129  121  134  126  132  123  134  135  122  122  127  147   21
ch: 124  134  149  141  133  127  126  132  133  125  130  124  132  126  126  120  126  119  132  121  129  122  118  125  131  121  133  117  120  119  136  118   29
ch: 125  150  132  143  130  138  135  135  138  141  132  135  133  142  146  135  130  137  129  133  134  152  132  126  133  139  122  143  129  130  125  137   14
ch: 126  139  136  130  146  147  129  134  127  134  135  136  132  123  114  122  139  129  131  121  128  118  119  127  124  121  122  119  129  128  130  127   25
ch: 127  154  138  139  151  139  139  136  142  142  136  138  146  141  136  137  129  139  153  143  138  142  138  138  150  137  141  135  141  138  131  135   -1
