# ID XA-000-08-002-001-008-044-04
# Tag _trim_
# Date 240715_12:06:07
# Vref_p 58
# Vref_n 27
# Thr2_glb 42
# Vref_t 118
# Vref_t_range 1
# Pol 0
# ADC range 30-247
# FAST disc 30
ch:   0  120  120  108  118  120  107  107  118   91  105  107  104  103  107  104  103  116  107  117  109  117  107  106  103  104  115  107  108  103  100  103   14
ch:   1  117  119  119  119  110  116  120  122  116  108  107  123  117  118  116  126  120  116  117  116  122  117  107  119  119  122  122  122  124  121  120   56
ch:   2  124  122  117  120  116  119  109  104  119  117  118  108  116  116  106  118  107  115  122  106  115  114  110  116  116  117  107  120  108  121  105   28
ch:   3  114  118  119  126  120  120  110  121  133  109  116  119  116  122  122  121  123  121  110  122  122  109  122  124  119  120  123  126  120  122  119   56
ch:   4  105  118  118  123  118  108  116  117  120  106  104   97  109  109  108  111  110  103  104  108  116  108  116  103  116  107  119  110  103  114  108   41
ch:   5  109  120  120  118  117  116  117  118  121  118  112  123  109  120  126  115  122  119  131  122  123  133  121  106  117  122  134  125  121  123  124   56
ch:   6  124  107  114  106  114  108  114  118  123  113  115  118  105  105  106  109  107  108  117  107  102  116  107  102  116  101  123  122  109  112  106   35
ch:   7  117  116  122  124  106  124  116  122  108  110  106  121  110  117  125  118  124  119  118  124   -1  116  126  124  124  122  123  108  125  131  118   56
ch:   8  119  118  106  115  122  125  116  109  105   99  120  115  116  104  102  105  100  116  105   99  109  106  114  106  115  106  119  107  119  106  106   53
ch:   9  122  117  119  121  116  121  122  125  124  116  123  123  120  119  108  119  120  106  121  116  114  116  114  125  110  121  115  131  124  126  131   56
ch:  10  120  109  119  119  120  114  107  102  120  116  116  102  114  107  109  116  117  103  105  106  113  114  105  101   94  123  104  107  101  119  110   53
ch:  11  119  121  126  119  121  121  120  120  126  121  120  108  110  120  122  118  108  114  122  120  123  122  115  117  115  133  117  114  133  125  123   56
ch:  12  123  115  108  118  114  118  117  110  102  104  118  117  103  119  108  108  107  106  108  108   99  113  103  109  107  100  107  108  110  106  119   35
ch:  13  118  116  125  126  121  114  114  115  119  122  105  119  113  120  119  131  117  105  132  116  125  114  108  121  116  134  123  121  131  131  124   56
ch:  14  121  121  118  108  115  130  117  103  123  117  119  117  107  123  115  117  104  102  108  100  108  107  121  106  112  122  121  117  114  114  124   37
ch:  15  119  119  114  118  117  131  119  125  116  119  116  120  108  105  111  118  120  103  118  115  108  116  115  123  119  112  123  118  124  118  124   52
ch:  16  118  110  123  120  132  110  115  118  118  110  116  115  106  115  116  111  106  113  106  114  108  102  108  108  108  109  104  100  113  108  122   30
ch:  17  115  122  108  118  107  120  106  119  132  111  111  107  117  122  118  123  108  119  133  130  115  133  123  126  107  122  118  110  127  118  124   56
ch:  18  121  109  107  116  132  122  102  108  119  124  103  103  117  118  121  107  117  109  105  120  117  102  117  107  109  111  124  120  121  118  123   43
ch:  19  119  107  109  118  107  123  120  117  125  107  124  137  134  108  120  122  125  126  123  117  125  120  126  120  123  134  122  136  133  135  122   56
ch:  20  132  107  107  115  120  107  118  120  106  123  107  115  118  117  107  103  122  105  108  106  115  104  111  118  104  117  118  110  116  119  116   37
ch:  21  120  132  117  116  118  107  118  110  125  108  118  118  119  124  119  103  110  126  116  119  118  120  105  123  121  115  106  133  126  127  126   47
ch:  22  118  108  109  118  125  109  117  117  120  109  117  107  119  111  106  117  123  119  106  116  118  116  115  123  110  122  109  121  117  104  130   39
ch:  23  118  130  116  124  121  105  111  106  127  109  112  108  120  105  115  119  117  119  117  106  123  116  134  121  122  121  116  122  120  118  120   56
ch:  24  107  118  118  124  114  131  117  114  110  107  108  119  125  119  116  104  116  109  106  100  106  116  120  104  117  113  114  103  122  103  101   37
ch:  25  123  122  126  118  124  110  120  121  121  117  123  122  117  108  124  122  117  119  125  108  118  115  119  124  123  122  132  110  125  124  131   52
ch:  26  108  127  119  105  116  116  106  116  110  124  119  109  108  109  102  115  103  116  109  104  110  103  110  108  111  110  116  126  124  120  116   36
ch:  27  122  124  118  117  120  124  115  125  119  116  121  122  107  118  110  135  112  131  110  115  123  117  126  121  124  116  114  121  124  130  124   56
ch:  28  107  115  116  110  119  105  120  114  115  116  114  105  119  107  107  107  101  108  115  108  106  114  100  107  116  106  106  110  113  113  105   37
ch:  29  116  121  110  104  121  116  118  122  120  123  116  115  122  117  115  108  117  118  116  109  126  110  120  119  123  120  115  115  117  126  133   54
ch:  30  115  115  108  120  115  118  119  122  116  110   93  102  100  115  102  110  103  107  105  104  115  100  115  100  103  109  103  108  112  131  106   33
ch:  31  121  124  110  108  123  113  116  115  119  136  120  122  117  121  121  114  119  125  106  120  134  123  121  119  123  118  119  126  131  125  120   56
ch:  32  108  106  120  116  105  109  124  115  121  119  116  116  118  116  112  116  100  114  119  106  108  118  103  119  106  107  116  103  119  111  118   37
ch:  33  113  117  118  119  105  107  105  122  131  135  117  124  108  110  132  120  122  132  126  135  123  130  124  134  121  132  118  120  127  132  135   56
ch:  34  120  110  112  116  111  104  110  113  121  119  122  107  105  116  106  105   99  115  108  108  116  106  105  124  108  115  114  114  106  123  120   31
ch:  35  110  123  121  122  116  124  125  117  117  124  121  107  123  123  113  114  118  121  127  134  122  114  121  120  121  127  130  127  122  124  119   52
ch:  36  107  124  118  108  123  116  115  122  105  116  117  120  106  109  106  113  102  105  110  105  108  110  115  108  104  105  117  114  109  107  119   34
ch:  37  114  118  117  122  116  123  122  116  118  122  119  120  118  118  115  117  133  127  115  126  121  131  117  127  123  120  136  117  120  126  141   44
ch:  38  122  119  117  120  122  119  125  118  108  110  118  116  117  108  108  114  121  110  102  108  114  108  110  117  120  119  113  124  120  119  121   29
ch:  39  116  121  121  117  110  124  118  115  116  107  123  121  134  116  116  123  135  130  126  125  121  116  134  116  134  125  126  126  125  121  126   56
ch:  40  108  113  110  113  106  111  109  121  116  126  116  115  117  108  107  119  107  117  111  115  108  120  115  116  110  126  117  120  118  120  126   37
ch:  41  117  117  120  125  117  120  121  120  121  120  124  126  139  125  140  109  117  127  123  131  133  121  133  130  134  131  123  132  127  119  125   48
ch:  42  119  117  123  123  122  117  121  108  126  115  116  111  108  119  108  108  113  119  111  110  122  122  115  119  120  121  125  111  115  120  134   39
ch:  43  121  109  122  113  131  115  118  107  115  119  122  119  119  126  120  131  126  126  123  126  122  123  118  132  117  131  124  122  124  135  134   46
ch:  44  119  114  120  111  109  118  110  122  132  124  117  125  108  105  106  105  121  104  119  111  117  111  110  119  109  116  122  124  115  119  121   29
ch:  45  131  125  118  120  117  111  122  103  111  105  118  120  120  122  119  121  121  111  123  130  121  120  124  124  120  123  131  137  132  145  140   56
ch:  46  118  108  115  121  101  122  122  122  124  119  117  106  120  105   99  115  105  102  117  120  126  123  119  127  118  108  116  122  126  119  121   35
ch:  47  115  119  121  120  118  123  105  125  124  115  135  117  115  110  120  122  123  120  126  120  120  120  120  121  123  122  126  120  139  135  133   56
ch:  48  120  123  121  114  107  118  108  115  119  120  132  119  115  120  104  117  120  104  123  131  117  126  110  124  132  122  113  133  120  124  122   43
ch:  49  109  117  122  134  118  121  137  122  120  117  122  121  113  121  120  122  121  123  106  118  118  122  122  105  119  123  138  137  134  141  132   56
ch:  50  124  120  110  117  105  124  105  122  116  121  117  106  127  119  108  118  123  115  122  117  109  117  117  125  110  133  117  106  122  122  115   25
ch:  51  119  119  120  120  121  117  130  121  115  122  124  106  121  131  124  122  122  118  139  124  122  123  125  131  131  117  120  138  131  120  135   56
ch:  52  115  117  126  120  118   98  117  117  107  107  116  116   99  107  108  107  116  101  115  123  103  107  108  108  109  106  116  104  109  118  116   23
ch:  53  117  118  118  107  117  121  131  121  123  121  121  122  117  121  120  116  127  117  121  119  123  131  120  118  124  116  127  126  146  125  135   56
ch:  54  124  111  119  115  131  121  106  118  118  105  120  102  107  109  105  115  120  107  108  108  106  114  120  117  117  118  109  123  118  121  119   38
ch:  55  122  123  121  131  121  125  111  117  125  116  109  129  110  127  130  120  120  139  127  122  121  119  137  133  123  138  126  135  116  142  125   47
ch:  56  118  122  122  116  126  116  116  107  119  117  119  120  114  117  116  111  119  119  118  116  117  114  117  121  113  115  116  120  110  130  130   49
ch:  57  123  131  125  113  122  120  116  106  116  120  115  112  127  123  124  122  121  134  131  114  130  116  125  125  132  134  125  133  123  138  135   56
ch:  58  110  118  108  122  117  115  117  109  127  114  121  120  120  104  121  114  104  118  108  120  117  118  116  109  124  122  127  120  122  131  131   33
ch:  59  125  125  118  118  105  123  124  118  123  122  125  119  121  121  118  134  116  131  126  126  125  124  126  122  137  123  133  126  139  126  136   49
ch:  60  121  123  125  121  123  119  118  119  120  126  115  119  120  113  108  120  123  119  113  116  116  104  119  113  118  118  116  114  108  123  121   41
ch:  61  131  117  123  121  134  122  125  121  120  125  113  126  109  122  109  137  130  113  123  136  121  122  127  120  131  121  131  126  132  136  124   56
ch:  62  119  119  120  119  120  123  106  131  105  101  119  115  109  110  116  109  124  122   98  104  103  105  106  106  102  118  119  119  125  117  120   31
ch:  63  120  110  125  121  117  131  119  105  119  124  107  120  132  122  115  117  120  125  123  125  118  119  129  124  126  119  123  132  130  127  142   56
ch:  64  132  130  104  101  121  101  110  107  107  123  118  104  123  116  119  108  129  109  119  110  118  106  114  116  111  117  125  135  126  118  125   35
ch:  65  117  123  119  116  131  117  121  119  120  106  122  120  127  131  119  119  130  126  118  116  106  124  124  134  123  121  131  132  125  130  124   42
ch:  66  117  104  120  119  117  116  106  119  120  123  117  120  122  121  122  108  109  116  109  116  106  114  115  110  108  107  122  118  118  133  117   37
ch:  67  107  124  123  121  119  109  125  115  123  119  119  118  122  120  125  134  122  120  131  125  123  125  123  124  121  122  131  132  132  136  131   56
ch:  68  113  118  117  120  118  118  125  116  117  124  118  119  120  124  125  122  131  124  116  123  109  131  109  113  130  122  123  119  134  132  131   40
ch:  69  117  123  122  118  123  133  116  134  122  125  125  126  134  119  124  132  122  141  143  137  126  121  133  137  133  124  127  133  151  137  138   56
ch:  70  117  117  103  117  124  110  122  117  114  121  106  114  122  122  115  117  116  117  119  119  124  130  109   -1  119  117  135  117  125  110  133   35
ch:  71  134  118  121  108  120  122  109  116  116  126  120  118  107  111  131  118  135  116  122  118  134  122  135  133  130  135  126  126  133  125  150   56
ch:  72  118  121  119  122  106  116  115  108  117  109  123  123  122  117  111  109  126  116  121  119  120  115  117  118  109  119  126  116  118  119  125   43
ch:  73  124  124  119  120  117  133  124  105  108  126  131  126  133  135  121  134  115  127  125  123  126  122  139  133  137  118  133  132  135  135  136   56
ch:  74  106  121  131  108  123  120  106  110  127  121  118  104  126  114  110  122  122  127  106  124  111  121  118  124  133  131  123  121  119  117  133   31
ch:  75  123  120  123  119  119  121  131  123  116  123  117  119  118  123  125  123  122  122  133  121  124  131  125  131  133  125  132  139  135  151  147   56
ch:  76  108  117  122  107  133  117  123  119  117  126  109  108  122  116  117  107  130  116  121  117  108  114  114  113  115  115  102  118  120  115  123   35
ch:  77  116  118  121  132  116  123  127  125  117  131  134  120  126  119  126  132  126  125  117  121  134  131  134  135  125  133  138  139  148  142  135   51
ch:  78  117  124  113  119  119  107  107  121  106  117  121  124  116  116  110  115  119  122  119  122  120  105  123  121  124  118  132  116  121  133  121   40
ch:  79  116  126  115  120  121  117  117  117  120  127  125  124  126  118  115  119  116  118  119  133  118  121  134  123  132  133  132  131  132  123  126   56
ch:  80  124  123  131  109  122  123  118  117  128  110  121  130  114  119  117  121  122  110  115  117  105  116  120  118  122  117  105  122  114  124  119   37
ch:  81  121  120  117  115  132  131  124  117  132  132  130  131  135  140  131  124  127  138  132  117  139  137  134  137  126  133  136  140  139  138  138   56
ch:  82  120  121  119  117  125  131  122  120  115  111  113  120  116  108  106  101  120  121  125  116  116  130  106  118  121  124  117  116  123  124  120   33
ch:  83  120  124  120  126  123  121  117  123  104  123  125  133  121  136  123  121  118  125  121  123  119  130  134  131  132  126  124  122  132  124  135   56
ch:  84  120  117  115  124  106  111  121  117  114  110  119  115  119  118  107  113  119  119  118  114  119  121  118  108  109  120  122  122  124  122  126   39
ch:  85  123  104  123  122  123  125  124  132  109  131  127  125  124  121  133  123  124  119  124  134  125  126  133  123  125  139  134  138  138  135  134   56
ch:  86  117  110  101  122  118  119  114  117  117  108  114  113  108  100  114  119  108  106  117  118  108  115  113  105  117  107  116  121  120  122  109   43
ch:  87  103  115  130  131  124  121  117  132  122  132  121  123  131  125  125  121  124  133  135  125  125  131  121  131  125  132  130  120  134  137  138   56
ch:  88  118  121  123  104  118  118  118  116  123  109  109  114  117  118  116  118   98  108  120  117  105  104  106  117  106  111  108  116  106  106  119   27
ch:  89  120  120  122  120  124  105  130  121  131  124  127  134  104  131  133  122  120  127  120  132  121  132  123  132  140  137  142  125  132  139  135   56
ch:  90  121  119  121  115  119  116  117  117  110  123  122  110  108  117  114  109  107  102  122  109  105  122  125  120  119  105  108  110  107  108  108   41
ch:  91  124  113  135  113  120  132  124  133  120  123  132  136  136  124  131  126  141  123  131  131  120  133  126  121  135  124  135  149  139  147  132   56
ch:  92  130  110  124  115  108  133  107  124  107  120  117  118  114  114  114  118  135  121  122  120  108  131  122  115  122  112  126  124  124  115  122   41
ch:  93  121  119  127  111  121  118  120  132  125  115  126  121  123  137  132  135  118  119  125  136  122  137  134  131  134  138  126  136  142  137  141   56
ch:  94  120  119  124  118   93  110  115  108  114  116  115  114  109  106   98  106  106  109  105  116  100  116  122  123  118  117  117  121  122  121  111   35
ch:  95  123  121  139  116  120  111  131  134  119  120  127  122  126  119  125  118  132  121  125  133  124  110  138  125  132  124  148  127  131  139  151   56
ch:  96  117  112  121  120  108  118  114  106  112  122  111  118  113  122  113  118  119  105  119  123  115  109  107  110  115  115  125  121  121  121  121   41
ch:  97  122  121  118  114  119  134  121  126  108  118  132  120  123  119  125  126  122  116  124  132  135  134  119  124  125  120  120  132  132  139  134   56
ch:  98  115  117  116  113  124  118  121  117  114  122  117  110  119  117  118  115  121  117  104  102  116  113  115  108  117  120  126  120  117  122  123   33
ch:  99  118  118  119  109  119  118  126  123  122  126  133  117  121  111  122  121  123  126  126  133  121  126  126  134  139  132  131  135  141  137  130   56
ch: 100  123  120  109  115  120  116  117  103  116  101  111  120  119  111  116  108  108  119  115  106  117  115  122  107  124  115  122  108  124  120  107   31
ch: 101  111  119  122  120  138  115  117  123  120  123  103  136  126  121  116  134  124  124  129  115  121  124  125  119  120  132  135  117  126  127  131   48
ch: 102  116  106  126  120  110  115  124  115  124  117  114  114  119  107  109  116  115  106  108  115  108  116  109  118  116  111  110  117  135  103  121   27
ch: 103  120  106  126  117  116  121  119  125  121  123  122  126  121  115  118  121  137  125  132  121  124  114  133  122  118  135  131  121  127  130  137   56
ch: 104  123  121  117  114  115  117  115  115  124  120  114  104  110  107  110  109  118  116  114  122  115  108  115  123  125  106  109  115  120  120  131   22
ch: 105  117  123  127  122  109  123  121  117  125  116  131  123  120  122  124  119  123  126  126  127  137  130  122  139  126  123  137  136  124  133  132   56
ch: 106  113  105  108  106  105  120  119  127  105  107  123  116  118  116  108  122  125  119  109  118  115  121  123  121  131  119  118  118  118  122  118   27
ch: 107  124  121  117  120  130  119  126  120  124  121  123  121  132  120  131  118  121  140  120  124  131  138  127  132  120  124  136  125  137  140  129   56
ch: 108  105  117  110  122  110  118  116  115  120  117  119  121  108  118  107  102  125  101  113  121  115  110  120  118  118  110  116  133  116  108  122   34
ch: 109  125  121  131  124  125  115  119  118  121  116  127  122  131  124  127  106  117  123  107  124  130  117  120  132  124  130  126  126  126  125  134   56
ch: 110  111  108  103  119  113  116  106  116  106  107  109  120  115  115  120  107  108  114  106  105  114  105  107  118  118  113  112  109  117  111  123   29
ch: 111  121  121  131  117  125  118  123  119  121  117  120  115  126  110  118  134  125  119  110  134  130  130  121  135  124  131  124  123  126  132  124   55
ch: 112  105  124  109  116  119  118  119  108  106  109  104  107  117  107  117  106  114  117  106  111  116  121  116  113  118  119  107  106  125  109  124   24
ch: 113  124  119  104  134  117  133  122  122  119  116  117  130  121  119  125  118  126  117  126  122  124  121  123  114  133  119  124  135  126  140  133   56
ch: 114  120  118  112  110  119  110  116  109  117  120  114  107  108  119  109  121  105  118  110  105  115  105  123  117  115  120  115  118  117  116  122   23
ch: 115  106  117  109  115  120  125  108  119  120  107  120  117  125  131  119  133  122  123  130  117  121  121  123  116  124  125  131  121  138  136  140   56
ch: 116  120  108  115  123  123  116  110  118  119  106  121  120  111  115  108  116  118  114  116  116  123  118  117  119  118  122  119  116  124  134  116   28
ch: 117  107  122  124  112  111  117  121  116  110  118  132  115  123  116  132  120  133  126  118  122  124  116  118  138  121  120  131  122  121  125  132   56
ch: 118  119  108  118  118  120  130  117  119  123  108  104  122  122  118  105  102  121  106  119  116  116  124  115  124  119  134  107  125  129  115  122   29
ch: 119  115  122  123  120  116  122  123  116  107  116  117  115  105  123  125  122  101  118  117  133  125  120  119  126  133  119  134  134  126  121  134   55
ch: 120  117  116  103  106  105  128  120  117  120  115  121  108  106  116  116  109  113  122  106  105  105  107  122  120  107  121  119  116  105  119  117   29
ch: 121  119  103  109  110  118  118  122  117  116  124  132  123  120  120  119  120  132  126  123  135  124  123  135  113  123  119  120  135  125  125  121   56
ch: 122  110  110  117  121  114  124  123  107  103  117  117  107  111  107  115  115  117  102  119  108  119  117  120  120  123  107  104  118  123  121  119   21
ch: 123  106  122  121  123  116  115  120  125  122  119  125  115  118  108  115  123  120  124  125  126  131  122  131  126  131  135  137  116  133  134  134   56
ch: 124  120  116  121  122  121  110  116  117  114  106  110  109  108  116  106  119  118  103  118  109  110  116  106  110  122  116  115  115  107  124  110    4
ch: 125  120  119  126  109  133  119  121  104  124  108  117  121  131  124  118  120  117  118  126  123  126  122  135  125  119  137  123  137  132  119  135   42
ch: 126  110  111  115  119  122  108  105  118  117  125  111  103  120  102  107  107  115  115  124  122  105  117  108  117  114  124  108  122  116  122  123   26
ch: 127  119  126  121  122  118  120  132  118  133  118  132  124  122  118  125  123  114  119  121  119  134  142  131  134  126  132  124  132  126  150  135   48
