# ID XA-000-08-002-001-008-053-03
# Tag _trim_
# Date 240715_13:15:38
# Vref_p 57
# Vref_n 22
# Thr2_glb 42
# Vref_t 118
# Vref_t_range 1
# Pol 1
# ADC range 30-247
# FAST disc 30
ch:   0  121  109  123  120  124  132  120  105  122  124  118  118  115  120  107  117  114  115  109  124  117  125  118  116  117  120  119  125  124  127  137   -1
ch:   1  119  120  117  116  125  121  120  122  122  119  123  118  119  121  119  117  114  107  125  117  116  123  127  122  119  132  120  136  127  137  132   39
ch:   2  125  132  124  120  105  118  116  118  121  123  123  121  119  100  110  115  117  107  122  123  126  116  118  123  131  115  124  126  125  125  131   -1
ch:   3  122  122  132  120  124  123  122  121  122  124  105  106  118  120  116  106  118  117  110  119  103  120  103  121  117  110  119  119  125  135  124   40
ch:   4  120  119  119  117  119  105  116  101  119  106  111  103  109  114  114  118  108  121  115  120  109  117  103  107  116  122  125  118  134  117  124   18
ch:   5  126  123  123  124  118  117  124  123  124  131  116  129  117  124  115  109  118  106  116  125  107  111  122  123  131  130  116  123  126  133  142   45
ch:   6  120  121  115  119  120  122  122  118  106  107  118  110  117  106  106  113  114  124  123  113  115  107  110  122  107  122  118  120  118  125  123   22
ch:   7  119  117  123  124  125  120  125  122  121  131  110  121  122  108  109  117  122  121  106  132  124  123  118  123  122  132  124  125  136  124  130   46
ch:   8  121  124  120  107  115  115  115  108  110  126  104  124  121  119  125  117  124  119  115  110  117  122  126  126  121  125  122  123  116  131  123   28
ch:   9  124  110  126  121  120  125  118  118  117  118  130  122  119  117  120  103  122  119  123  111  120  118  125  117  121  121  117  126  134  132  148   52
ch:  10  123  126  109  120  133  124  117  117  119  118  118  119  104  118  109  111  104  115  104  117  120  101  123  130  117  116  103  123  111  125  140   34
ch:  11  132  126  118  120  122  122  122  119  117  116  109  118  119   -1  114  120  117  118  109  111  118  119  126  125  130  125  123  132  138  141  128   48
ch:  12  118  119  121  116  119  117  117  122  119  107  117  110  117  124  114  119  105  115  119  109  120  110  120  118  107  122  118  117  125  124  120   34
ch:  13  120  135  120  118  115  122  130  124  123  116  106  118  111  119  118  122  118  130  118  123  123  123  124  124  125  133  135  136  118  152  143   47
ch:  14  123  125  110  124  105  124  105  114  118  126  109  124  110  116  119  117  118  100  116  103  106  119  107  115  118  123  122  129  117  120  124   26
ch:  15  116  124  120  125  119  120  114  123  129  124  122  116  110  117  115  117  117  119  119  131  116  136  132  115  116  128  131  138  136  118  137   56
ch:  16  119  109  117  121  123  107  115  125  120  108  122  117  120  106  115  117  118  123  118  121  118  117  113  124  121  130  126  125  121  127  136   26
ch:  17  113  127  122  117  121  118  117  118  116  122  120  118   95  117  105  124  131  120   -1  131  122  130  124  127  122  133  138  124  135  133  130   49
ch:  18  132  123  115  123  122  105  120  118  120  105  110  107  120  102  119  107  115  106  104  120  120  131  117  118  123  115  120  124  132  122  127   27
ch:  19  118  118  123  124  121  117  122  118  115  110  108  118  118  119  117  117  119  117  123  119  118  126  132  123  120  126  137  123  139  126  120   56
ch:  20  116  123  131  123  106  119  121  111  122  115  120  121  110  113  119  109  121  107  102  117  115  121  119  124  120  118  124  119  133  132  118   34
ch:  21  136  118  127  134  122  122  117  130  123  105  120  109  118  118  114  134  121  104  105  125  125  127  122  119  118  131  131  138  138  132  131   56
ch:  22  117  115  123  117  121  108  122  115  114  116  123  107  106  123  118  115  116  119  115  109  105  109  116  119  117  120  132  129  134  132  124   35
ch:  23  127  107  120  116  113  111  125  125  115  109  120  126  114  123  110  119  108  125  118  114  108  125  126  126  134  133  118  127  137  134  124   50
ch:  24   -1  120  124  120  120  117  117  117  121  119  135  122  120  120  110  119  107  115  108  123  119  115  126  121  117  125  122  126  123  134  133   27
ch:  25  123  126  118  122  127  110  119  124  108  118  119  117  108  111  124  116  116  117  120  117  117  117  117  127  121  124  132  122  132  123  152   56
ch:  26  120  120  119  133  118  127  120  101  116  130  117   99  116  117  119  106  106  124  117  134  100  124  121  115  120  117  115  130  122  118  116   43
ch:  27  122  123  123  123  116  121  120  109  123  121  119  122  117  139  120  121  117  123  125  121  126  126  121  119  123  136  120  133  133  138  150   52
ch:  28  119  122  124  122  123  117  116  113  110  120  108  119  109  125  117  105  108  123  110  110  125  116  125  115  126  124  109  132  121  126  117   40
ch:  29  126  119  121  130  126  115  120  116  121  109  117  118  124  122  121  114  120  122  121  124  124  121  125  134  125  131  139  138  142  141  131   56
ch:  30  117  115  120  116  121  110  117  118  114  114  116  115  118  114  108  103  101  119  122  117  120  115  109  113  119  125  120  121  119  121  130   42
ch:  31  121  110  114  122  125  134  121  117  118  107  117  120  108  117  119  125  131  122  124  115  118  123  123  123  120  130  139  134  133  139  135   53
ch:  32  133  119  118  116  107  118  118  125  109  115  115  120  115  117  115  107  121  111  107  107  120  121  119  118  124  120  114  121  123  124  133   48
ch:  33  123  120  116  120  116  120  115  119  131  123  124  118  117  118  120  117  116  115  120  122  118  125  131  121  132  124  126  148  124  137  140   45
ch:  34  135  131  124  123  123  118  120  118  113  123  116  118  107  126  120  123  104  123  122  108  117  123  110  122  119  121  121  126  134  121  120   48
ch:  35  126  119  119  127  120  123  131  124  114  120  113  121  114  136  125  127  118  125  114  122  120  130  122  134  136  136  121  122  126  132  131   56
ch:  36  114  120  109  120  121  118  120  121  120  120  133  115  118  106  120  110  102  107  109  122  125  121  114  122  125  123  116  122  125  132  132   49
ch:  37  118  132  126  110  119  122  123  131  120  125  122  122  119  123  113  121  101  116  108  124  122  118  126  124  122  119  121  123  132  133  137   56
ch:  38  107  113  120  126  121  108  117  122  118  116  109  119  120  123  120  118  118  120  115  119  118  105  110  123  119  118  116  120  117  133  136   44
ch:  39  137  124  125  121  124  123  129  119  121  110  116  121  118  118  122  115  106  116  126  119  119  120  125  134  108  130  121  132  121  132  132   56
ch:  40  122  115  123  119  119  123  107  109  111  108  116  110  107  117  108  116  122  116  116  108  115  111  118  133  123  123  121  123  124  121  127   39
ch:  41  127  131  124  124  123  116  118  130  116  119  116  129  121  111  110  122  115  120  115  124  131  109  125  130  120  119  125  134  136  126  148   56
ch:  42  117  122  124  121  120  119  118  118  119  110  117  106  123  116  118  115  117  108  113  106  110  123  110  117  118  124  115  122  109  123  137   47
ch:  43  122  130  127  124  116  119  123  125  120  117  124  118  120  122  123  116  114  120  125  127  130  132  130  131  134  139  132  133  135  139  150   56
ch:  44  120  118  124  122  119  120  131  123  119  115  122  121  116  114  124  124  115  119  119  119  116  137  117  115  114  118  119  124  122  135  134   56
ch:  45  128  121  119  114  136  112  109  126  124  115  119  126  125  121  122  119  119  122  118  119  117  120  130  124  117  115  135  127  127  137  142   56
ch:  46  117  116  115  121  123  124  138  118  118  108  120  123  109  115  117  116  113  113  115  106  118  111  117  105  120  123  122  119  125  132  125   49
ch:  47  118  120  124  117  129  117  118  121  118  117  111  115  117  118  113  116  113  123  122  116  125  118  118  122  124  122  125  126  148  121  122   56
ch:  48  121  119  119  116  104  123  120  122  118  124  127  119  119  118  121  109  118  117  111  118  124  123  110  119  127  124  119  121  126  133  133   44
ch:  49  123  128  121  125  106  119  120  124  123  107  123  119  117  123  118  119  123  117  123  131  122  122  118  127  115  126  125  135  126  124  147   41
ch:  50  122  124  114  116  123  108  104  119  123  123  117  118  116  120  116  122  121  124  119  120  106  107  117  115  109  119  132  120  125  135  130   51
ch:  51  117  124  116  126  126  114  121  109  125  125  109  120  125  123  123  118  118  120  116  116  125  125  122  120  129  132  122  127  121  136  126   56
ch:  52  116  124  129  119  106  122  124  121  107  115  116  115  119  108  114  121  106  110  114  119  113  119  129  116  120  124  118  120  123  122  121   51
ch:  53  127  119  130  124  132  117  116  119  118  123  120  121  116  108  114  119  124  120  132  119  120  136  106  121  128  132  131  119  139  140  140   56
ch:  54  121  116  126  108  101  124  123  121  124  121  106  104  111  122  123  118  107  116  117  122  120  119  116  116  107  116  121  119  135  139  137   44
ch:  55  111  106  122  110  118  145  116  116  132  115  124  122  116  115  107  109  119  120  126  121  121  136  119  127  123  130  135  127  132  138  131   43
ch:  56  119  111  116  119  122  122  110  116  120  120  126  115  111  123  117  119  118  118  121  123  126  130  109  125  109  120  130  123  133  132  132   32
ch:  57  113  115  117  124  121  126  123  119  123  123  114  113  126  124  113  119  122  121  125  127  137  132  117  120  137  118  124  136  137  140  139   43
ch:  58  131  133  110  117  123  129   -1  120  120  131  109  116  109  123  109  115  113  106  109  109  127  114  115  125  121  132  124  117  134  125  139   40
ch:  59  119  124  120  116  122  107  121  109  135  124  123  118  111  117  108  115  121  116  123  120  120  123  127  124  123  126  123  132  122  136  141   49
ch:  60  131  117  116  125  116  120  120  116  117  116  120  120  118  119  102  117  119  118  127  114  116  117  117  126  125  124  120  126  134  123  125   41
ch:  61  122  118  110  123  121  134  108  119  118  115  113  123  131  122  127  124  120  121  110  115  125  116  127  133  121  139  126  121  132  146  134   49
ch:  62  122  118  117  108  118  118  106  110  108  110  117  118  119  109  117  115  110  123  117  117  120  121  110  131  126  125  118  124  120  131  127   52
ch:  63  120  118  126  104  120  121  116  116  121  122  124  117  123  123  117  120  118  127  106  124  133  132  119  123  125  121  135  137  139  133  132   56
ch:  64  123  122  108  113  116  118  126  116  121  133  122  124  124  108  117  125  123  118  110  119  116  117  108  126  125  126  125  126  123  120  130   53
ch:  65  115  122  126  119  122  122  121  124  122  118  116  108  117  114  118  117  118  120  118  123  124  111  134  127  118  131  134  136  122  137  139   55
ch:  66  125  131  115  123  121  116  125  123  108  117  115  120  117  111  116  110  110  120  124  116  116  119  131  125  119  125  138  132  124  126  135   40
ch:  67  120  111  116  119  116  119  121  119  118  118  117  118  120  120  116  115  114  118  124  124  130  119  120  136  126  132  118  133  149  132  136   55
ch:  68  123  115  120  133  120  106  123  129  111  120  118  125  110  121  116  107  115  121  104  123  120  127  125  111  120  125  122  123  119  131  123   27
ch:  69  121  126  122  125  117  123  120  114  111  120  111  118  115  121  118  118  120  116  118  124  120  120  118  120  130  133  122  140  135  126  143   51
ch:  70  123  122  133  131  120  133  124  123  108  121  115  114  121  114  116  119  110  120  117  114  118  123  125  125  121  124  132  132  122  133  132   41
ch:  71  122  111  130  117  124  121  121  135  115  116  120  132  120  124  109  128  128  124  105  121  121  116  123  125  134  130  117  127  133  136  142   56
ch:  72  119  120  124  123  123  115  120  118  132  109  123  107  102  102  115  118  124  105  117  108  133  118  126  111  109  125  125  134  131  122  137   51
ch:  73  126  111  117  123  121  122  116  116  122  119  116  114  125  104  119  123   -1  122  117  133  108  120  122  122  116  126  125  131  123  121  147   45
ch:  74  119  126  122  131  121  134  120  131  119  121  121  117  102  118  123  119  122  125  118  118  125  121  117  118  131  121  120  137  137  131  123   56
ch:  75  126  119  117  116  125  117  132  129  129  118  119  123  113  117  121  118  130  117  130  119  117  122  117  124  123  123  123  122  137  138  140   56
ch:  76  113  119  131  125  122  119  125  120  104  114  110  123  126  115  107  107  116  119  115  122  125  124  116  117  130  123  129  123  123  124  121   42
ch:  77  133  124  117  130  124  108  116  124  116  123  136  118  122  124  120  119  115  119  119  118  117  126  123  126  131  125  128  122  132  140  135   37
ch:  78  119  115  119  120  118  108  114  103  121  123  122  124  123  114  119  101  116  124  122  110  117  115  116  131  120  123  135  116  123  131  129   52
ch:  79  122  111  123  131  122  102  116  124  115  121  128  118  124  122  131  123  120  127  133  116  119  135  126  112  126  124  124  118  136  142  134   52
ch:  80  136  123  118  117  126  123  124  119  119  120  116  118  119  123  108  115  119  122  118  121  121  118  118  110  111  123  130  126  119  125  119   56
ch:  81  131  123  119  122  121  131  116  119  123  127  114  107  120  116  122  117  125  121  120  117  125  119  133  121  122  106  133  124  136  130  120   46
ch:  82  123  119  120  126  117  118  120  120  104  104  116  126  119  116  119  114  116  122  102  119  122  123  124  122  123  108  121  119  127  127  125   51
ch:  83  118  116  121  112  132  116  125  113  125  121  119  126  120  119  129  106  119  123  125  121  119  122  122  120  127  127  124  136  132  139  148   56
ch:  84  127  120  120  118  120  119  128  124  108  115  113  128  116  115  118  123  123  108  111  117  131  119  118  123  110  126  120  121  121  131  132   48
ch:  85  122  118  119  117  121  117  117  124  120  124  116  116  118  110  122  119  126  122  116  122  120  116  132  121  123  119  136  137  123  130  125   56
ch:  86  126  120  121  123  130  118  110  127  126  123  119  116  116  111  116  122  118  101  118  121  109  115  121  119  123  130  123  122  141  132  127   48
ch:  87  117  124  119  123  119  106  120  120  117  115  120  116  116  116  119  110  121  125  132  117  122  122  120  126  120  120  131  133  136  140  135   37
ch:  88  131  119  107  110  111  129  118  125  120  122  106  113  115  107  122  119  121  121  124  126  121  120  125  121  134  134  121  131  131  131  135   43
ch:  89  120  121  124  118  117  124  123  119  123  108  123  117  115  118  117  119  118  116  133  107  107  134  132  132  120  136  136  125  123  135  135   56
ch:  90  130  125  120  121  110  116  121  117  116  131  115  120  116  119  117  119  118  126  118  122  116  129  115  125  123  117  131  126  127  136  133   50
ch:  91  117  121  122  117  119  116  124  123  119  120  109  122  110  116  118  124  119  121  109  116  121  122  122  109  125  119  126  136  132  133  141   47
ch:  92  121  122  117  116  121  108  113  109  116  116  122  117  109  121  117  117  118  117  130  125   95  119  120  117  136  124  133  126  133  136  138   34
ch:  93  123  124  123  123  122  117  115  117  120  117  127  124  116  117  120  114  117  120  117  119  117  118  119  120  118  120  137  125  123  138  137   46
ch:  94  123  120  133  115  126  119  126  119  121  116  107  111  109   -1  116  109  115  120  116  117  119  129  122  117  119  131  122  124  134  121  136   54
ch:  95  109  126  125  119  124  121  116  117  110  119  120  110  117  107  119  122  120  115  108  109  124  123  132  121  121  130  123  134  133  126  142   52
ch:  96  123  125  117  120  117  121  111  126  119  115  126  125  120  117  106  108  119  117  117  117  102  124  120  124  122  126  117  131  127  124  130   42
ch:  97  115  119  111  121  124  116  123  123  110  119  118  118  115  124  116  125  122  124  120  122  120  122  124  122  122  130  137  131  137  124  138   54
ch:  98  115  120  123  113  122  118  119  117  123  113  108  115  117  123  106  125  126  114  126  110  116  125  117  107  117  123  121  134  120  135  127   43
ch:  99  117  124  116  119  118  115  117  115  121  120  109  115  119  115  108  119  118  104  118  118  124  124  115  122  120  122  136  139  140  133  132   42
ch: 100  133  118  118  116  118  115  118  117  121  117  109  104  119  122  119  117  120  106  120  125  124  132  127  110  121  124  107  123  132  123  135   34
ch: 101  121  117  117  122  122  133  122  117  122  116  110  120  118  114  105  121  118  120  115  116  122  118  116  115  117  120  131  142  129  131  138   56
ch: 102  116  125  121  135  113  110  115  117  122  116  119  120  108  114  119  124  120  111  109  115  123  121  120  125  109  124  129  127  119  121  132   34
ch: 103  118  123  117  122  112  117  123  109  116  114  134  122  119  114  122  109  110  115  109  117  107  122  117  130  131  132  122  127  135  123  130   45
ch: 104  107  124  117  107  120  121  120  118  106  120  116  122  113  117  114  120  106  118  117  121  118  123  116  121  125  110  123  128  133  132  135   51
ch: 105  124  119  108  118  111  102  118  117  120  126  120  115  102  116  121  118  121  119  132  121  124  124  122  122  120  122  127  131  132  138  131   45
ch: 106  134  119  119  115  118  125  110  121  121  122  124  113  121  115  120  125  110  130  122  119  104  123  120  114  133  130  130  132  126  125  138   28
ch: 107  103  124  115  120  126  123  121  113  120  121  117  119  115  130  125  111  125  120  116  114  119  124  119  118  133  129  125  131  123  136  129   56
ch: 108  127  135  116  122  110  119  117  131  117  106  121  107  106  116  115  116  124  117  119  118  116  127  118  121  109  130  119  122  123  134  136   40
ch: 109  121  108  118  118  118  122  115  120  122  118  118  117  121  118  113  118  127  122  127  121  123  122  121  120  135  126  134  130  130  141  131   54
ch: 110  121  119  117  120  126  118  124  117  131  123  119  118  122  109  122  123  123  118  124  118  118  107  125  125  124  122  121  135  125  132  135   34
ch: 111  127  117  119  108  121  129  118  116  116  120  120  116  121  121  105  122  106  113  122  121  115  121  122  109  119  122  134  135  139  139  133   56
ch: 112  127  122  123  119  108  126  119  122  115  105  103  122  107  108  123  126  123  124  126  129  120  121  131  123  123  118  121  131  135  127  131   40
ch: 113  120  123  108  120  124  114  121  114  127  125  109  120  125  110  119  108  119  107  125  121  119  119  126  117  130  121  122  125  127  122  117   47
ch: 114  123  117  117  123  120  116  120  110  116  131  107  114  120  106  105  117  114  116  121  108  117  118  111  116  126  123  125  111  124  126  140   42
ch: 115  121  119  124  110  108  117  118  119  122  114  117  119  121  119  116  120  120  121  108  117  126  122  126  118  116  121  117  124  140  137  134   49
ch: 116  130  115  123  134  117  122  120  117  107  118  118  125  126  107  119  117  118  119  125  115  122  123  118  121  108  120  122  132  123  123  129   52
ch: 117  118  125  119  129  118  106  110  117  116  116  131  105  119  104  120  125  120  118  126  123  104  121  108  115  123  117  122  122  126  134  123   46
ch: 118  121  121  117  122  108  125  116  115  125  115  118  119  105  118  121  116  133  121  114  108  126  116  116  117  122  116  131  134  124  134  114   47
ch: 119  135  125  122  120  136  111  118  115  119  130  122  124  108  120  116  122  120  109  119  136  119  125  116  125  125  121  123  133  131  132  134   43
ch: 120  122  120  120  125  110  124  122  106  119  121  117  115  122  117  116  117  121  121  109  110  108  113  106  122  120  123  119  132  124  121  121   28
ch: 121  116  121  132  117  125  120  121  122  116  120  134  108  132  122  119  118  105  109  133  122  113  127  121  120  126  119  120  122  137  133  130   52
ch: 122  113  122  122  117  115  122  120  111  110  116  116  123  125  117  107  122  116  105  119  121  119  121  116  115  118  119  125  131  120  135  124   23
ch: 123  132  121  117  123  118  120  122  121  122  119  110  115  119  116  121  116  122  117  116  122  117  117  124  122  123  122  126  125  125  132  140   49
ch: 124  119  118  133  117  119  119  108  117  117  131  114  117  126  118  122  116  120  110  125  125  138  117  123  110  122  124  118  124  133  121  135    9
ch: 125  110  109  118  107  119  127  120  123  121  120  117  120  131  120  135  121  119  120  117  131  120  111  116  124  140  127  127  121  127  133  137   56
ch: 126  118  136  120  123  123  119  124  122  119  125  116  119  118  126  115  105  120  117  108  115  120  115  121  118  110  122  117  120  120  119  118    4
ch: 127  121  125  125  114  118  121  118  110  120  120  111  118  124  109  110  125  118  126  127  121  125  116  132  126  109  126  121  135  121  127  140   56
