# ID XA-000-08-002-000-001-120-15
# Tag _trim_
# Date 240619_12:10:23
# Vref_p 57
# Vref_n 27
# Thr2_glb 69
# Vref_t 118
# Vref_t_range 1
# Pol 0
# ADC range 30-247
# FAST disc 30
ch:   0  118  116  110  116  101  106  118  113  119  100  106  105  100   98  120  101  116  108  105  105  102  107  100  118  102  107  110  107  115  118  121   23
ch:   1  116  125  107  110  123  119  116  117  121  120  110  106  109  113  111  119  106  114  121  126  115  106  121  121  106  126  118  123  124  122  121   54
ch:   2  106  107  120  107  120  103  103  112  104  107  108  117  105  101  104   93  113  113  110  119  100  109  118   95  116  117  116  116  117  108  126   56
ch:   3  123  123  111  114  126  103  118  120  121  109  109  121  104  104  107  119  107  107  122  116  109  124  107  125  108  119  126  114  124  117  125   43
ch:   4  117  119  108  120  107  105  105  100  104  104  107  116  119  106   95  103   93  106  100  105  110  105  115  107  103  102  111  108  100  118  109   56
ch:   5  123  121  117  123  118  117  122  108  102  114  116  107  107  105  115  108  123  110  106  115  109  118  118  106  121  133  131  118  129  122  123   45
ch:   6  111  115  117  107  119  118  105  105  105  106  107  100  103  103  116   99  104  104  105   99  100  116  110  115  114  107  106  101  117  118  117   56
ch:   7  131  126  126  120  126  104  107  110  109  110  108  109  116  106  110  109  123  106  125  114  114  116  105  108  111  125  120  122  131  123  137   55
ch:   8  123  118  106  115  116  107  102  109  108   92  117  105  102  108   93  102   92   92  108  103  105  110   98  106   92   99  108  100   90  105  117   56
ch:   9  120  118  116  107  117  119  118  107  116  107  124  105  118  116  106  119  108  119  116  102  101  117  107  110  109  115  116  107  131  131  127   49
ch:  10  117  118  121  111  107  109  114  113  104  106  105  106  104  120  109  101  103  107  114  101  104  105  108  105  109  101  109  107  108  117  115   56
ch:  11  122  117  110  122  120  123  121  109  119  115  103  106  100  118  117  122  116  120  116  125  121  118  119  122  118  122  125  118  122  121  121   42
ch:  12  123  121  110  115  108  108  105  116  105  108  120  107  107  107  100  102  111  105  109   99  102  117   93  103  120  113  103  125  124  118  109   56
ch:  13  120  123  108  131  120  115  122  110  111  118  109  124  100  107  108  121  119  103  108  108  118  108  101  105  119  106  119  132  119  118  126   36
ch:  14  123  128  117  105  116  120  109  114  103  109  106  105  110   99   92   90  105   94  103  109  113  106  119  108  112  110  122  114  116  118  117   56
ch:  15  120  118  108  121  108  120  103  109  110  102  117  107  105  107  117  109  110  115  105  111  116  117  114  122  120  124  122  127  121  123  131   36
ch:  16  115  121  109  107  117  108  104  117  110  110   94  105  101  126  106  111  103  103  104  118  104  106  102  106  116  117  107  117  109  120  114   56
ch:  17  115  119  122  109  132  121  119  110  116  117  104  101  110  106  114  117  108  117  117  123  112  119  105  114  122  116  123  123  123  125  125   47
ch:  18  126  117  114  121  116  107  104  119  115  114  101  117  105  105  104  102  103  114  108  108  106  119  113  109  107  103  114  117  120  119  111   56
ch:  19  119  134  118  124  114  116  118  118  106  123  106  118  118  118  106  104   99  104  114  111  115  109  115  121  124  105  121  118  120  126  120   42
ch:  20  118  126  121  116  120  106  110  121  108  111  106  116  104  117   99  104  102  106  107  101   99  118   98  116  115  105  115  116  120  116  117   56
ch:  21  118  121  118  116  122  120  132  120  109  118  107  110  123  125  121  115  116  106  114  107  119  121  106  119  117  122  117  126  109  126  125   49
ch:  22  120  118  119  108  134  103  109  110  103  101  113  104  118  106  101  106  118  106  105  102  101  101  106  106   92  103  124  105  119  124  104   56
ch:  23  131  131  118  114  118  105  110  108  110  107  115  114  106  120  111  102  116  114  126  119  114  118  106  118  116  116  115  115  132  123  122   44
ch:  24  124  122  115  116  110  125  113  118  110  102  108  108  114  115   99  116  101  111  100  105  106   99  105  108  104  114  108  119  106  116  116   56
ch:  25  123  138  120  114  121  117  115  109  120  106  117  106  108  111  115  114  117  109  113  102  117  118  107  117  116  119  116  124  122  117  120   49
ch:  26  123  116  117  116  114  107  109  102  104  106  101  105  104  106  100  104  107  123   95  102  107  121  115  120  114  114  105  116  116  117  115   56
ch:  27  120  126  120  110  111  108  116  122  107  108  108  116  121  108  108  119  118  123  133  109  118  120  118  116  114  124  115  131  122  134  124   56
ch:  28  106  121  123  109  105  106  117  115  117  119  104  105  103  114  105  102  101  102  106  108  120  118  107  122  107  103  120  107  108  116  108   56
ch:  29  125  124  111  119  122  121  104  106  118  121  124  107  115  131   94  133  116  122  108  121  125  107  119  126  132  122  126  133  132  133  137   44
ch:  30  120  120  118  122  110  116  106  108  114  102  110  102  109  100  103  106  108   91  102  106  115  131  118  121  101  116  121  120  117  120  121   56
ch:  31  122  109  131  110  116  119  115  116  108  122  111  116  102  118  108  124  109  121  126  123  123  123  119  128  118  119  120  121  132  125  124   56
ch:  32  120  120  113  113  116  106  118  116  110  109  120  112  106  103  114  107  101   99  103  112  115  105  116  106  106  102  117  120  122  122  122   56
ch:  33  117  115  121  116  121  114  125  122  104  116  120  118  116  109  115  119  126  116  124  109  119  125  116  111  120  118  118  117  134  127  121   56
ch:  34  117  119  119  116  102  117  106  117  115  121  104  106  107  115  106  120   93  106  107  115  105  107  121  101  106  113  116  101  124  120  110   49
ch:  35  124  117  107  116  124  126  125  116  107  119  123  116  116  118  114  112  108  116  119  118  106  130  103  115  117  121  118  129  121  125  123   50
ch:  36  124  122  117  122  108  117  107  114  106  107  111  119  103  107  103  117  115  117  106  104  120  107  123  114  120  124  115  120  122  116  123   56
ch:  37  120  120  123  119  117  131  104  115  116  119   99  108  118  101  106  108  127  118  110  120  122  118  121  119  122  123  131  127  132  119  129   50
ch:  38  107  111  122  118  113  111  103  106  108  117  107  110  101  102   93  111  106  104  104  119  110  105  122  116  115  107  119  115  123  116  123   50
ch:  39  132  118  118  125  119  119  111  110  119  113  118  101  116  119  107  118  116  115  117  118  105  116  117  117  115  116  117  120  133  127  122   48
ch:  40  119  116  118  109  120  111  109  119  105  117  100  115  109  109  107  110  107   93  118  110  106  116  110  120  107  105  110  121  107  115  118   56
ch:  41  121  116  130  117  127  125  131  110  108  130  117  116  109  104  117  107  110  109  116  104  109  115  117  117  118  123  120  118  132  124  126   56
ch:  42  118  107  126  117  115  117  109  109  105  115  104  106  102  119  106  108   98  105  104  107  104  113  108   91  120  108  114  114  115  123  111   56
ch:  43  126  123  121  118  126  123  119  101  124  126  115  119  122  107  106  117  118  131  120  116  111  115  119  120  120  125  135  132  122  125  125   42
ch:  44  106  124  118  122  127  119  104  121  119  106  115  117  106  108  101   92  106  107  113  116  107  119  108  121  105  121  107  136  118  115  119   49
ch:  45  115  116  129  122  118  122  120  122  113  118  118  107  114  124  111  111  109  119  117  106  120  119  119  131  123  122  123  118  137  133  127   56
ch:  46  124  120  120  119  104  110  102  116  119  107  109  107  107  106  109  108  117  106  103  107  131  122  105  107  132  121  121  120  116  117  135   56
ch:  47  116  123  121  118  122  110  117  115  119  120  118  118  106  101  117  118  106  118  115  120  118  123  123  126  120  121  105  126  122  103  132   49
ch:  48  116  120  115  124  117  108  108  106  119  105  114   88  114  123   90  108   91  116  114  106  103  104  103  105  102  111  117  117  124  117  126   56
ch:  49  118  116  116  117  113  120  125  122  115  124  108  122  116  108  123  114  116  118  108  109  120  123  127  117  116  120  132  114  128  136  136   56
ch:  50  116  103  118  120  107  105   -1  109  107  108  122  115  102  116  108   91  105   99  115  110  120  108  104  103  105  121  116  116  103  113  121   56
ch:  51  106  117  119  121  124  131  117  119  116  124  108  107  103  125  120  106  125  105  117  125  120  120  124  124  107  122  125  135  130  132  128   56
ch:  52  125  107  118  107  111  117  120  110  109  121  106  108  100  116  120  107  103  120  102  103  110  103   93  118  118  121  125  121  122  133  126   56
ch:  53  126  132  131  117  131  123  125  108  122  117  123  123  122  121  120  128  119  119  133  133  123  111  117  125  131  123  134  133  131  132  122   56
ch:  54  118  122  117  115  115  108  109  104  115  111  121  107  107  108  107  107  107  119  108  109  116  111  119  120  123   -1  135  115  115  134  120   56
ch:  55  126  121  122  121  125  125  108  106  107  107  107  123  106  117  121  104  131  109  126  121  121  122  113  122  126  131  135  119  126  134  135   43
ch:  56  121  120  120  116  110  118  117  106  114  109  109  109  101  120  105  119  109  116  109  102  106  101  111  115  105  105  119  104  102  122  121   39
ch:  57  116  121  123  119  123  117  111  122  124  121  119  117  107  120  118  122  105  102  120  118  124  126  131  119  108  133  130  131  136  124  135   56
ch:  58  122  130  122  117  114  116  104  110  117  120  109  104  116  113  112  104  106  117  110  111  108   99  113  106  102  116  117  115  118  119  122   38
ch:  59  119  126  126  135  111  116  114  107  111  117  120  106  125  117  120  119  118  122  124  119  115  108  114  119  125  124  124  118  123  135  124   56
ch:  60  119  120  118  109  107  117  123  104  106  102  113  114  106  107  104  110  108   92  100  107  100  114  111  113  109  110  106  121  131  105  125   56
ch:  61  131  123  122  121  117  108  116  119  123  117  107  116  119  116  123  127  110  119  121  124  119  124  117  119  132  138  133  122  142  131  138   56
ch:  62  128  123  120  108  110  110  115  103  115  116  107  111  108  101  100  109  108  113  105  110  108  114  114  107  118  114  119  101  112  126  118   49
ch:  63  134  126  132  133  125  125  125  120  122  119  115  111  114  118  131  119  118  125  125  120  125  121  127  124  132  133  129  133  134  126  131   48
ch:  64  122  117  118  118  123  119  116  115  121  107  119  101  118  107  102  105  125  110  117  107  108  120  101  106  110  120  111  110  115  116  124   56
ch:  65  120  116  133  114  123  120  119  115  119  118  120  117  103  109  121  115  115  117  115  108  105  110  117  132  122  121  119  125  121  121  124   45
ch:  66  121  121  124  119   98  107  109  125  114  125  120  116  109  108  120  104  105  108  102  101  105  118  120   98  122  117  117  118  118  131  123   56
ch:  67  134  121  117  126  132  124  119  123  119  122  116  116  123  117  118  107  116  124  122  108  125  117  120  122  119  133  131  134  119  130  121   56
ch:  68  117  105  122  130  107  116  108  105  116  119  121  107  105  109  109  110  105  106  109  116  110  123  117  109  124  120  117  121  121  108  116   56
ch:  69  133  121  118  118  120  133  110  116  131  117  104  125  117  106  107  107  117  111  126  115  104  116  121  124  120  123  121  139  123  119  138   56
ch:  70  123  119  120  119  120  117  117  106  109  114  122  110  115  114  107  109  109  119  120  114  106  109  104  123  122  125  120  117  121  121  121   56
ch:  71  123  124  132  119  116  117  115  109  125  104  121  119  103  121  116  110  118  104  118  109  106  119  115  125  115  123  123  126  137  131  121   55
ch:  72  115  131  125  121  124  120  119  115  111  122  105  121  115  104  107  125  107  100  102  113  112  120  119  118  118  115  117  125  103  117  123   56
ch:  73  115  120  119  123  126  120  116  126  118  116  118  117  117  118  118  123  108  122  104  111  122  117  132  121  120  135  125  134  127  131  131   47
ch:  74  122  106  122  111   99  117  111  121  101  117  105  104  109  114   92  117  107  117  110  111  107  107  109  116  116  126  122  106  130  129  123   56
ch:  75  123  108  121  123  116  121  123  107  122  110  120  118  106  107  120  119  120  114  118  124  115  122  118  121  120  125  131  132  125  125  130   56
ch:  76  111  131  122  121  133  107  104  114  120  125  117  117  116  109  109  103  113  102  117  118  107  121  119  113  117  115  117  111  126  123  107   56
ch:  77  108  121  116  134  124  119  119  120  118  122  115  108  116  121  125  103  117  119  109  117  108  110  109  118  121  120  132  122  116  126  119   56
ch:  78  125  119  111  120  109  117  116  107  115  118  108  106  102  107  104  106  107  119  106  104  120  106  107  109  120  120  116  116  135  119  131   56
ch:  79  124  122  116  130  133  118  118  116  127  119  116  124  121  124  117  115  117  119  123  124  132  125  132  121  121  123  126  136  134  122  143   56
ch:  80  113  116  122  119  121  107  104  118  123  121  119  106  114  109  109  105  113  103  105  107  108  116  117  106  116  120  110  119  117  125  121   56
ch:  81  119  125  121  120  134  123  104  130  108  122  119  116  117  107  115  121  116  117  117  114  117  115  115  126  123  124  123  124  133  132  122   55
ch:  82  118  118  109  124  124  115  105  107  118  106  104  105  104  113   93  106  109  109   94  106  117  116  116  122  109  121  110  106  123  108  124   56
ch:  83  119  131  121  123  120  131  124  111  107  111  121  117  118  117  110  118  108  122  119  106  119  120  123  121  122  121  107  124  124  119  124   49
ch:  84  117  124  123  118  105  117  113  102  118  113  121  107  104  111   91  115  109  102  106  107  120  111  110  112  115  109  114  123  104  115  125   56
ch:  85  135  120  111  122  122  116  122  119  116  106  119  106  111  118  125  104  119  117  124  114  109  107  125  117  120  122  132  125  134  133  136   48
ch:  86  112  121  123  120  110  120  107  105  102  116  120  113  108  105  106  118  104  108  109  115  111  106  118  107  114  121  118  117  106  117  117   56
ch:  87  123  121  117  118  122  119  121  111  122  115  117  108  110  119  109  131  106  121  123  124  122  124  111  116  133  130  117  123  126  136  147   56
ch:  88  117  127  107  114  115  122  118  110  119  108  118  120  107  110  120  105  126  114  106  109  108  115  117  118  104  105  109  116  105  121  120   56
ch:  89  121  118  118  120  121  125  108  106  116  122  126  122  117  117  122  123  122  120  113  119  118  109  116  126  119  118  131  122  127  133  126   54
ch:  90  121  114  122  116  112  118  108  106  114  104  109  102  116  107  109  115  108  107  106  109  109  105  118  106  118  118  118  121  119  122  119   56
ch:  91  118  118  111  135  116  119  123  115  124  124  115  118  116  109  124  119  117  123  125  117  123  125  122  132  126  115  123  131  124  131  135   56
ch:  92  122  122  114  104  109  119  107  116  118  120  119  106   93  121  105  107  115  106  106  108  100  117  119  105  120  120  108  120  106  118  119   56
ch:  93  122  121  123  109  119  122  135  124  115  122  124  110  119  121  107  108  106  120  119  119  118  125  119  114  124  115  116  133  131  140  133   42
ch:  94  120  110  124  106  103  121  119  103  107  115  106  109  114  116  114  117  116  106  103  101   95   99  121  107  104  114  117  118  126  125  126   56
ch:  95  120  124  132  116  120  116  115  107  118  107  111  118  119  120  109  119  107  126  117  120  111  122  120  118  122  123  124  120  136  132  132   48
ch:  96  128  113  110  119  111  108  110  108  119  103  119  117  103  110  106  108  108  123  104  116  116  115  109  108  118  107  126  109  121  120  124   56
ch:  97  122  105  125  132  107  121  118  118  118  118  104  115  123  109  110  122  118  115  118  115  117  136  126  118  119  123  134  138  135  137  133   54
ch:  98  124  118  126  119  107  106  109  108  119  116  108  103   95  109  108   93  117  119  107  104  116  108  101  116  120  119  102  108  116  108  117   49
ch:  99  119  122  127  121  117  121  131  122  117  116  124  116  123  107  108  105  119  118  123  115  119  117  124  121  127  120  134  123  131  135  137   50
ch: 100  119  123  126  105  118  106  108  118  120  110  109  117  115  123  106  116  117  118  104  118  120  122  104  120  118  127  115  115  122  118  121   46
ch: 101  122  131  132  123  116  107  124  117  122  121  121  116  115  107  104  117  104  118  109  121  120  120  107  120  122  133  118  122  125  135  131   50
ch: 102  123  121  116  117  116  121  104  109  115  117  114  116  107  120  102  106  106  115  107  108  108  118  108  125  116  110  119  118  117  130  123   50
ch: 103  119  121  123  125  120  122  121  119  121  119  135  125  121  116  120  124  120  116  115  131  116  108  119  131  114  134  132  111  131  139  125   51
ch: 104  117  118  118  117  116  106  118  116  116  105  115  109  121  104  107  106  108   99  109  115   93  116  113  120  125  113  124  123  122  120  118   56
ch: 105  116  120  122  119  121  124  105  122  106  105  113  119  124  118  107  120  108  119  111  111  120  120  119  122  118  125  118  120  120  119  132   54
ch: 106  130  123  121  120  118  117  116  107  110  115  114  116  118  105  105  108  109  100  102  117   93  115  102  117  110  113  105  108  121  119  119   56
ch: 107  124  131  121  123  114  123  117  114  105  106  107  109  120  121  123  118  120  114  103  116  111  121  122  120  120  125  124  118  123  133  121   42
ch: 108  117  114  116  108  130  110  120  117  122  114  113  101  114  111  108  121  108  107  110  105  118  108  118  105   93  118  134  107  123  117  120   56
ch: 109  119  115  118  120  124  124  111  110  117  117  111  107  121  113  120  116  116  118  123  115  107  118  121  117  124  116  126  132  122  130  141   54
ch: 110  121  124  123  113  130  131  119  117  109  124  118  107  102   93  106  115  104  107  118  104  115  118  120  110  118  106  115  102  123  123  121   56
ch: 111  118  125  118  109  121  122  120  103  107  119  106  115  106  117  111  119  116  116  108  115  103  116  120  124  105  124  125  116  124  116  120   55
ch: 112  123  108  116  110  119  111  105  121  103  103  104  101  106  111  113  115  116  107  108  109  115  118  109  107  120  120  123  121  122  124  114   56
ch: 113  134  117  110  124  112  130  107  118  115  118  100  107  121  113  116  107  108  120  115  122  103  117  125  122  119  120  117  131  118  134  121   55
ch: 114  122  120  121  115  103  106  116  108  119  115  103   94  123  120  101  112   95  122  106  108  117  113  116  106  116  117  107  108  115  123  133   56
ch: 115  121  121  133  121  126  116  118  119  121  131  120  115  113  121  121  119  117  109  126  118  134  119  120  131  121  122  126  124  123  132  130   52
ch: 116  120  130  117  106  123  107  106  103  117   94  115  111  100  108  102  105  105  118  109   99  117  106  107  105  103  108  118  110  118  117  120   56
ch: 117  109  120  121  123  125  118  125  123  121  108  116  117  124  119  119  113  115  117  117  110  117  114  124  122  131  120  120  127  123  126  126   54
ch: 118  126  117  117  111  125  118  108  105  101  117  106  105  101  110  102  101  119  109  105  115  116  116  110  101  120  110  113  121  122  133  126   56
ch: 119  133  124  125  125  124  122  117  116   99  114  131  121  120  132  120  118  115  115  108  117  116  118  131  130  132  118  122  130  121  133  133   53
ch: 120  121  116  106  108  117  117  119  116  126  117  117  100  115  102   99  119  106  116  107  106  118  107  109  108  108  117  107  109  114  121  117   56
ch: 121  126  131  120  122  121  114  122  118  115  122  110  116  108  124  116  109  117  119  116  125  124  126  122  117  121  117  120  117  121  109  134   55
ch: 122  119  118  115  120  108  117  120  115  110  104  114   95  116  119  104  111  104  105  105  118  110  119  117  115  105  118  119  119  120  124  132   56
ch: 123  126  119  121  118  124  117  105  125  110  109  118  108  105  116  108  121  109  107  123  103  106  116  121  117  118  122  134  121  124  124  130   54
ch: 124  123  117  121  119  119  107  109  106  125  107  118  116  107  101  103  103   93  115  103  105  109  106  108  105  105  125  120  123  116  117  117   35
ch: 125  125  123  124  117  126  109  121  115  117  118  105  108  120  102  121  116  117  116  107  114  115  124  119  122  120  121  123  122  121  126  132   47
ch: 126  135  124  109  109  114  122  107  108  104  104  109  109  116  116  122  108  105  107  100  114  107  103  105  109  114  102  130  110  121  124  122    7
ch: 127  124  123  131  119  120  108  122  133  120  117  126  122  126  121  103  121  125  119  120  108  120  135  126  118  121  128  120  130  131  132  142   56
