# ID XA-000-08-002-000-001-140-09
# Tag _trim_
# Date 240619_12:54:54
# Vref_p 57
# Vref_n 28
# Thr2_glb 58
# Vref_t 118
# Vref_t_range 1
# Pol 0
# ADC range 30-247
# FAST disc 30
ch:   0  122  126  123  120  120  118  110  117  104  119  109  108  129  113  120  118  107  119  121  117  121  108  119  120  131  125  122  124  127  127  123    5
ch:   1  123  124  123  122  133  118  123  132  124  118  122  125  124  122  109  120  123  122  131  133  121  123  126  122  116  121  134  129  134  134  132   33
ch:   2  122  120  121  108  116  120  109  131  121  117  121  118  108  107  125  117  124  120  120  118  117  108  120  124  119  111  126  130  131  134  134   21
ch:   3  133  134  122  133  119  124  121  118  119  117  125  121  130  119  120  115  116  118  118  116  124  120  122  122  123  138  124  138  130  137  126   40
ch:   4  120  123  120  124  123  125  120  125  117  123  107  108  116  109  109  107  105  119  118  115  109  100  116  108  109  110  123  106  121  108  116   50
ch:   5  130  123  123  125  119  126  124  119  118  117  120  122  110  124  125  129  125  120  119  116  131  117  124  125  127  127  125  133  133  130  132   53
ch:   6  108  121  123  118  109  118  118  123  121  110  108  109  119  107  118  117  116  111  120  109  108  117  122  125  118  116  125  118  122  123  121   56
ch:   7  122  133  111  123  129  106  123  130  123  116  119  133  111  115  123  123  118  120  114  121  130  116  125  119  133  120  125  135  120  130  121   56
ch:   8  124  119  120  119  110  120  126  124  115  116  111  119  120  123  118  114  106  116  119  117  120  125  109  131  125  118  119  123  119  129  123   52
ch:   9  125  120  124  125  120  124  122  131  120  132  119  115  131  119  119  125  121  122  124  124  118  120  129  126  126  120  131  132  124  131  133   52
ch:  10  124  116  123  110  116  130  109  134  119  108  118  116  107  124  119  119  119  122  123  121  121  124  107  119  118  122  123  133  124  131  136   56
ch:  11  119  115  122  125  119  120  132  126  121  123  118  122  121  123  123  123  125  119  123  123  129  120  120  126  125  121  122  138  134  134  124   56
ch:  12  122  124  117  133  126  126  122  118  119  120  117  124  125  124  117  118  107  116  117  114  114  125  108  117  109  127  131  122  125  121  127   53
ch:  13  125  126  118  130  117  124  123  119  116  119  120  130  119  118  132  119  109  126  109  120  119  118  121  119  129  121  123  133  137  134  132   45
ch:  14  120  117  123  120  121  119  106  124  114  126  105  117  107  106  105  123  122  111  119  109  123  121  125  117  119  123  123  121  126  120  126   42
ch:  15  122  132  123  123  121  125  118  123  120  118  119  118  123  123  117  105  129  129  124  119  124  129  123  118  125  110  127  127  129  131  123   56
ch:  16  124  118  126  110  120  125  120  122  120  119  117  108  124  104  121  120  105  121  115  117  124  121  129  120  107  118  125  118  120  123  126   56
ch:  17  117  132  124  131  124  122  129  127  125  108  121  123  121  124  131  121  131  121  122  125  131  132  126  118  126  132  127  138  150  140  137   56
ch:  18  115  133  125  126  124  122  124  119  116  116  120  119  117  120  113  124  117  115  109  105  113  118  115  121  111  131  120  124  125  131  130   56
ch:  19  126  131  123  115  135  123  121  120  119  124  130  126  125  118  130  130  135  125  117  123  117  124  123  125  133  129  139  138  131  137  130   56
ch:  20  122  131  118  123  120  118  123  125  122  108  123  118  110  110  106  116  107  118  109  109  121  111  121  122  117  126  118  131  116  116  121   56
ch:  21  130  122  127  131  116  129  118  124  125  123  120  118  121  127  122  126  132  124  131  119   -1  108  122  124  125   -1  139  134  134  131  136   53
ch:  22  124  124  120  122  120  115  117  115  117  130  106  119  118  118  116  122  120  111  107  125  121  119  122  118  120  121  126  122  136  133  139   56
ch:  23  123  127  118  130  137  121  125  134  133  131  124  126  120  117  123  116  126  117  125  122  125  124  125  133  134  121  125  136  134  136  141   56
ch:  24  122  123  120  133  111  126  126  101  118  110  110  120  104  123  117  118  121  117  116  118  124  120  106  119  119  130  118  129  125  134  122   55
ch:  25  128  132  125  129  117  120  126  121  105  119  120  124  123  121  122  120  131  118  119  120  126  125  131  133  129  131  135  135  132  131  135   49
ch:  26  117  118  135  119  129  121  125  119  122  124  116  126  125  115  119  111  118  122  130  121  119  130  135  119  120  134  121  131  127  131  136   55
ch:  27  119  125  122  126  134  129  123  118  126  125  122  116  119  134  129  123  122  128  117  123  127  129  133  126  120  128  133  135  134  133  131   56
ch:  28  135  106  125  129  120  107  116  122  116  123  116  133  115  120  121  121  122  121  125  103  107  121  131  119  119  119  131  130  119  139  126   56
ch:  29  129  116  119  140  121  117  123  123  132  111  114  125  118  124  121  132  127  124  117  125  139  118  127  126  121  130  132  132  133  131  134   52
ch:  30  119  125  125  122  123  116  107  121  109  102  109  120  109  120  106  114  110  107  114  118  134  107  124  125  115  131  118  121  122  116  130   46
ch:  31  122  129  126  131  121  121  125  137  126  135  108  125  108  120  117  126  108  127  127  119  134  130  130  121  126  125  122  135  136  134  124   53
ch:  32  133  124  126  115  127  118  126  108  120  125  125  121  121  108  115  119  108  123  109  121  107  122  126  121  111  122  125  130  135  123  132   56
ch:  33  130  130  134  120  131  117  115  121  129  130  126  119  122  117  120  117  125  131  122  127  123  111  130  135  124  121  126  124  124  125  136   56
ch:  34  122  111  126  120  134  111  125  120  126  125  121  126  104  122  117  121  122  111  111  121  108  120  119  120  109  124  123  119  129  122  136   56
ch:  35  119  115  114  124  116  126  119  120  124  126  129  110  130  123  118  117  129  118  133  121  127  123  129  121  127  122  120  122  132  137  130   56
ch:  36  127  116  119  121  131  122  126  121  126  118  123  120  134  122  120  119  108  116  122  125  122  125  133  132  119  125  124  122  139  134  135   56
ch:  37  127  134  130  119  117  120  117  126  119  119  125  124  130  138  120  124  124  122  124  122  126  125  124  134  132  132  130  137  135  131  153   56
ch:  38  135  120  125  123  124  117  124  117  122  107  123  117  126  108  119  109  117  118  123  131  125  122  117  125  125  133  131  130  135  126  126   50
ch:  39  121  123  133  125  126  120  126  130  130  133  119  130  124  137  135  124  130  129  137  137  133  126  124  137  125  146  137  145  138  138  139   56
ch:  40  125  124  130  122  132  122  122  121  113  119  121  134  115  117  117  122  121  124  116  130  118  124  114  125  119  120  115  124  132  134  125   56
ch:  41  133  134  122  138  130  118  106  123  130  135  107  119  129  136  121  133  127  130  123  133  125  140  131  131  126  122  124  118  135  142  138   56
ch:  42  124  115  122  116  126  116  117  116  114  124  119  116  107  126  123  133  120  117  125  120  122  111  124  132  122  120  119  127  134  132  131   56
ch:  43  121  124  123  124  137  134  126  118  118  133  119  126  119  130  132  124  125  124  125  126  121  126  127  122  122  137  133  136  139  152  131   56
ch:  44  119  134  124  119  120  113  124  124  122  110  116  117  119  120  125  114  117  120  121  119  124  121  109  123  126  123  125  129  122  135  137   56
ch:  45  123  122  120  131  120  126  121  110  118  123  123  129  126  126  123  121  118  117  121  125  138  133  119  122  135  130  121  119  125  136  122   56
ch:  46  125  121  120  131  122  121  118  127  116  121  122  121  120  110  111  123  113  117  103  118  109  117  117  109  119  122  121  116  126  124  117   56
ch:  47  119  134  134  134  131  126  120  118  125  131  126  126  138  123  124  141  134  130  126  134  109  121  124  125  134  134  133  138  150  137  149   56
ch:  48  120  126  111  107  130  123  124  116  105  121  124  120  119  118  110  120  124  122  119  117  123  108  109  119  123  108  125  119  122  132  132   49
ch:  49  124  126  126  125  123  130  115  124  122  118  120  133  133  127  132  106  108  119  122  126  126  130  124  126  124  131  135  126  148  135  134   56
ch:  50  121  130  119  117  118  120  125  127  121  133  107  119  130  118  124  123  122  115  115  114  124  118  130  125  124  124  130  123  129  127  135   56
ch:  51  133  121  131  116  114  135  120  122  111  140  117  122  132  138  121  120  115  120  124  135  130  119  133  119  127  121  133  126  136  147  141   56
ch:  52  122  136  129  135  110  121  130  118  133  120  122  121  120  126  115  132  119  124  109  124  121  114  119  119  124  126  124  125  139  138  133   56
ch:  53  131  118  118  125  127  127  132  126  122  120  123  116  120  130  122  123  123  133  120  126  126  131  125  136  125  131  127  125  130  136  133   56
ch:  54  126  129  122  115  113  127  119  108  121  121  118  116  122  120  120  115  120  113  115  119  126  118  122  117  125  124  125  119  132  144  119   56
ch:  55  126  127  132  116  123  118  132  119  126  122  114  124  122  131  125  121  131  138  118  126  123  124  121  120  133  123  127  124  133  131  139   56
ch:  56  117  134  120  118  123  121  119  125  123  120  115  108  117  122  119  115  115  117  118  104  125  126  126  120  123  125  125  109  130  119  125   56
ch:  57  129  132  126  133  121  123  121  128  119  119  130  134  123  124  130  122  124  125  121  121  127  130  133  131  121  135  131  131  138  132  141   55
ch:  58  133  135  123  120  127  120  119  122  129  123  130  126  119  119  121  121  117  109  119  123  116  106  108  117  108  123  131  131  120  122  125   56
ch:  59  134  123  120  124  124  122  121  121  124  120  119  110  131  124  121  117  121  118  124  124  132  133  126  132  132  131  126  133  132  139  130   56
ch:  60  114  123  121  126  123  116  116  123  110  119  120  125  121  108  117  126  121  124  118  118  126  129  117  124  120  122  123  135  129  125  132   50
ch:  61  127  123  108  133  125  126  121  122  123  131  127  124  125  136  120  135  123  130  119  119  132  124  124  132  132  131  130  149  137  139  136   56
ch:  62  125  130  119  120  129  130  114  125  117  106  109  107  129  125  117  102  113  125  125  110  111  114  117  119  127  129  123  130  133  135  118   54
ch:  63  107  125  126  126  122  109  126  130  108  124  127  114  118  119  134  117  124  124  127  121  129  126  127  120  129  130  131  132  122  122  136   56
ch:  64  124  115  122  119  122  120  115  110  115  122  119  118  118  126  121  124  116  121  123  121  119  121  129  125  121  118  133  126  120  122  131   49
ch:  65  126  111  126  123  114  116  126  108  118  108  123  129  125  119  110  122  126  122  130  121  120  125  123  119  121  121  135  138  137  140  138   56
ch:  66  124  137  129  110  120  123  127  124  118  127  121  120  133  119  113  118  121  120  105  109  119  125  124  126  108  118  117  111  119  109  123   38
ch:  67  137  133  123  123  126  123  124  127  127  123  117  124  124  117  132  126  119  127  131  131  123  123  119  123  126  137  122  133  130  135  136   49
ch:  68  125  129  123  108  118  129  125  114  119  109  117  127  117  120  118  118  114  116   -1  116  113  127  121  123  119  118  125  126  121  128  132   25
ch:  69  131  122  124  125  140  122  131  127  119  128  123  130  124  123  120  126  122  130  129  131  125  125  120  126  125  137  136  147  138  135  146   56
ch:  70  120  129  121  133  118  123  123  122  121  126  123  116  115  122  124  121  105  110  107  123  117  110  125  119  123  119  111  127  126  121  119   36
ch:  71  131  128  129  121  123  123  124  123  118  125  124  118  124  127  127  121  121  135  123  118  138  125  121  120  133  131  125  131  127  132  132   56
ch:  72  129  131  124  116  117   -1  117  110  124  119  118  117  117  124  117  109  118  101  116  114  120  122  124  106  109  120  108  132  131  128  133   38
ch:  73  133  130  118  121  133  123  124  123  123  118  117  123  122  117  120  130  130  118  131  126  123  134  125  127  123  134  121  125  129  138  130   56
ch:  74  131  126  121  134  121  123  122  121  124  131  105  109  118  123  125  116  121  123  124  123  125  120  129  126  130  125  130  127  126  122  138   23
ch:  75  132  122  118  126  124  134  124  117  117  124  125  118  121  125  131  126  127  133  120  135  136  131  134  135  133  127  132  134  131  139  125   56
ch:  76  125  129  119  125  119  124  119  119  126  109  124  118  117  108  123  106  121  122  106  123  121  124  125  123  117  118  119  126  124  119  128   42
ch:  77  130  126  126  121  121  131  123  115  127  122  118  106  122  131  122  122  132  116  135  124  129  130  111  119  134  134  131  130  131  136  149   54
ch:  78  121  110  121  122  127  124  131  117  120  118  109  124  111  123  110  121  121  117  116  110  115  109  109  127  126  119  111  134  123  122  124   28
ch:  79  138  130  117  122  119  123  124  109  124  119  116  127  130  131  136  124  124  135  125  124  126  123  124  135  125  125  132  131  131  130  137   56
ch:  80  129  122  132  120  129  119  106  123  116  118  124  116  125  120  120  124  117  115  125  118  124  110  117  118  123  124  124  131  123  129  134   37
ch:  81  129  122  136  124  140  122  126  130  121  118  126  131  123  117  118  109  122  121  133  125  127  132  132  136  133  132  122  127  135  132  132   48
ch:  82  110  117  125  130  117  121  122  119  119  119  115  116  119  117  125  124  115  121  117  114  116  117  120  118  118  115  119  125  119  123  119   22
ch:  83  127  132  119  121  135  137  122  120  109  121  129  117  109  119  124  123  117  123  120  124  129  122  122  133  131  131  122  139  148  140  130   56
ch:  84  114  127  115  127  130  121  120  117  107  113  116  124  116  110  125  104  119  118  120  132  118  119  125  122  131  131  121  130  130  126  126   29
ch:  85  126  126  123  124  122  125  121  124  120  134  127  125  123  105  118  120  123  111  122  133  130  125  129  124  134  125  134  133  133  136  129   55
ch:  86  127  124  117  131  120  131  117  124  130  101  119  130  114  122  130  109  108  125  116  109  122  123  124  121  120  128  115  131  127  127  119   33
ch:  87  136  122  133  128  134  116  118  118  123  130  131  123  120  123  125  123  125  131  127  124  124  123  124  133  129  131  123  133  132  137  134   55
ch:  88  120  133  122  125  125  122  122  124  100  114  108  106  101  123  129  119  116  118  122  118  120  122  108  122  114  124  125  120  131  129  124   37
ch:  89  122  120  125  131  126  121  123  120  123  119  111  124  130  121  124  124  116  124  135  110  131  130  126  130  124  132  130  130  139  136  140   56
ch:  90  124  118  118  125  122  132  127  107  118  121  109  121  121  115  119  106  120  118  123  121  109  123  117  124  111  119  125  123  120  123  132   18
ch:  91  122  119  121  120  126  120  125  118  123  134  109  126  124  125  122  122  135  131  131  119  125  122  132  129  121  123  124  151  130  138  135   47
ch:  92  130  123  130  121  116  123  130  122  125  121  125  116  119  116  123  127  126  128  126  101  121  126  119  123  116  126  134  129  126  131  131   34
ch:  93  132  132  129  130  117  117  125  130  122  122  129  118  130  124  132  137  131  132  118  121  132  126  132  125  135  127  134  130  132  149  131   43
ch:  94  118  120  126  137  113  117  120  128  117  125  122  119  122  110   91  115  120  119  112  119  124  108  116  108  110  118  123  117  124  117  129   29
ch:  95  125  123  120  134  120  132  122  110  126  134  130  130  121  125  127  134  131  121  132  125  123  135  133  127  128  140  137  137  136  136  138   47
ch:  96  119  119  122  124  121  125  118  123  130  121  114  121  121  121  119  122  117  123  117  120  114  116  125  115  121  122  106  133  122  123  131   27
ch:  97  136  129  123  132  120  123  126  130  116  126  128  120  110  129  114  115  124  121  122  118  118  130  127  126  129  136  126  132  135  138  137   56
ch:  98  137  124  119  123  118  130  108  129  125  106  117  123  123  121  116  116  122  117  118  110  126  120  132  121  125  121  136  131  120  124  132   26
ch:  99  123  121  135  122  130  121  129  123  121  120  124  123  124  123  117  116  123  129  123  131  134  126  121  122  136  125  126  133  139  141  150   46
ch: 100  130  129  125  129  129  125  120  121  104  120  108  119  116  123  120  117  122  116  117  114  122  121  126  120  117  128  134  131  127  135  131   18
ch: 101  130  126  134  116  123  131  120  117  130  135  108  117  117  119  130  124  131  120  118  131  129  126  129  135  128  125  126  134  131  132  131   50
ch: 102  130  132  119  118  124  119  119  120  119  118  121  119  101  121  131  116  119  118  117  121  125  119  125  120  123  120  125  135  131  133  126   21
ch: 103  125  139  119  123  123  129  120  118  120  119  125  120  123  134  107  129  118  126  121  123  126  124  123  131  134  131  134  133  130  138  133   43
ch: 104  130  118  121  123  131  133  116  120  119  120  105  117  110  121  119  118  117  118  120  119  125  107  117  130  120  121  120  119  123  127  130   20
ch: 105  125  121  131  125  109  122  116  115  119  118  120  114  124  123  130  120  124  131  126  122  123  129  130  130  119  121  139  132  129  141  147   52
ch: 106  118  125  106  132  125  121  136  107  117  122  120  117  118  117  117  118  115  123  117  118  118  116  104  108  120  132  132  127  123  134  126   20
ch: 107  135  125  134  105  121  118  127  125  119  115  116  133  123  126  124  123  133  119  116  123  134  120  139  111  135  137  127  127  125  126  123   56
ch: 108  126  116  120  131  131  127  123  120  122  115  122  120  123  115  117  130  133  121  125  127  125  122  109  122  109  136  123  123  106  132  123   26
ch: 109  119  135  125  131  131  116  123  126  125  110  127  129  115  122  121  129  123  122  118  138  122  127  122  137  129  135  125  130  132  138  150   44
ch: 110  121  132  117  130  125  123  113  108  134  119  118  123  117  119  121  115  107  121  130  110  125  125  135  120  115  123  130  122  131  126  122   27
ch: 111  120  131  125  123  124  119  126  117  116  116  129  127  132  122  131  121  124  138  127  124  125  125  138  135  131  136  125  126  125  140  127   56
ch: 112  133  107  132  122  118  121  118  116  124  104  116  123  109  109  117  106  121  118   99  111  120  117  104  104  119  116  124  121  121  106  122   22
ch: 113  122  124  120  132  122  111  133  122  123  130  124  120  130  117  131  129  131  109  119  127  120  130  123  129  130  125  136  138  130  125  139   56
ch: 114  124  124   -1  120  118  125  120  123  125  117  105  114  107  124  115  116  126  119  116  119  115  116  124  121  123  119  126  119  121  126  130   15
ch: 115  129  128  126  130  122  106  128  124  126  117  122  118  127  117  130  126  123  128  123  117  118  126  117  131  125  127  130  136  136  135  132   56
ch: 116  130  124  131  116  121  125  130  119  121  120  124  116  115  126  122  118  124  131  118  120  126  118  121  123  131  123  119  124  133  126  125   28
ch: 117  134  127  121  121  115  131  122  118  125  133  126  118  133  118  127  118  125  136  122  126  120  126  133  131  126  131  137  138  133  148  137   52
ch: 118  121  120  125  120  126  118  115  120  122  134  119  111  106  119  117  110  116  124  109  126  121  129  129  116  119  121  116  118  123  131  126   15
ch: 119  123  126  111  124  126  122  124  122  130  130  133  131  124  122  124  129  123  130  123  118  120  125  124  123  111  123  131  133  120  133  131   42
ch: 120  121  121  126  116  108  115  108  121  124  129  120  119  116  107  118  110  108  110  124  116  121  111  121  115  117  129  118  118  122  132  126   14
ch: 121  123  118  123  123  117  119  122  109  132  133  121  122  118  130  121  118  131  129  115  127  125  120  123  118  126  126  119  138  131  122  131   46
ch: 122  131  125  123  131  125  130  129  108  124  124  116  109  127  119  113  126  118  113  118  117  117  118  107  123  127  119  131  135  125  130  150   22
ch: 123  118  119  124  126  132  117  129  131  124  121  119  109  124  125  123  124  124  113  125  126  124  125  126  125  130  125  139  140  131  143  140   46
ch: 124  123  126  118  124  122  115  123  120  115  124  118  111  118  121  108  116  118  121  106  108  116  104  123  116  119  118  122  122  121  119  131    5
ch: 125  132  131  120  125  124  123  134  129  122  128  116  130  122  117  121  124  130  120  124  121  129  127  119  122  127  133  134  133  118  133  139   35
ch: 126  127  124  122  124  109  123  121  116  118  117  124  104  115  107  106  105  104  118  100   99  106  121  110  123  124  119  133  117  124  125  124    7
ch: 127  135  132  126  126  124  122  119  133  117  122  132  123  125  127  119  124  123  122  129  125  124  126  122  126  133  130  131  127  125  136  127   19
