# ID XA-000-08-002-000-003-201-15
# Tag _trim_
# Date 240514_14:04:53
# Vref_p 58
# Vref_n 22
# Thr2_glb 43
# Vref_t 118
# Vref_t_range 1
# Pol 1
# ADC range 30-247
# FAST disc 30
ch:   0  118  122  122  123  121  126  137  121  122  136  117  122  119  125  116  103  120  127  120  114  123  117  115  126  123  124  120  116  123  131  134   -1
ch:   1  116  122  123  117  109  120  116  113  121  115  119  117  118  120  119  116  118  120  121  125  121  106  121  125  125  120  114  124  130  148  120   11
ch:   2  117  119  120  127  124  122  123  126  124  119  110  102  119  110  115  104  107  113  125  117  116  119  122  115   -1  124  122  121  123  127  135    1
ch:   3  121  124  120  122  121  120  123  123  102  117  119  109  117  117  117  121  122  121  113  108  105  119  110  121  134  115  118  120  131  123  133   10
ch:   4  112  118  105  119  106  121  120  115  121  108  118  114  119  123  104  124  117  106  109  119  111  106  124  118  115  115  123  123  121  124  123   48
ch:   5  120  131  118  134  114  132  115  124  131  118  117  125  115  121  107  117  109  104  123  118  115  107  117  122  131  103  118  119  108  131  126   18
ch:   6  117  121  117  122  110  110  133  121  111  110  118  107  120  116  109  104  122  118  119  103  119  116  108  107  124  115  118  117  115  115  126    4
ch:   7  123  124  126  123  118  114  105  123  117  117  108  118  120  119  109  106  116  119  108  120  109  124  109  115  104  120  115  124  134  123  122   16
ch:   8  120  124  121  118  121  113  120  119  131  121  118  118  118  122  113  122  117  122  110  116  120  108  122  115  111  122  118  114  122  130  135   12
ch:   9  107  121  131  116  117  126  115  122  109  116  132  124  124  115  120  110  119  116  107  123  119  121  107  109  122  112  113  132  116  119  133   20
ch:  10  120  117  119  120  120  121  118  116  122  121  121  122  119  122  116   98  106  118  108  101  110  102  104  118  121  124  131  119  130  122  139   12
ch:  11  124  124  131  123  119  113  116  101  109  121  117  117  107  122  117  114  118  111  119  119  120  110  123  104  117  134  120  125  124  129  131   25
ch:  12  132  122  123  126  111  118  120  108  116  104  117  123  111  111  119  105  107  110  122  106  118  121  117  108  120  121  114  121  122  122  116   12
ch:  13  124  120  139  115  123  121  108  119  110  114  116  110  108  120  124  111  119  121  106  119  112  117  114  113  125  121  131  122  125  117  137   18
ch:  14  107  119  121  122  121  123  116  110  130  122  121  122  108  124  119  114  118  105  115  110  124  117  121  124  122  116  130  118  122  132  126   18
ch:  15  110  119  127  115  110  117  118  124  115  126  116  123  126  111  108   -1  116  125  112  105  119  110  117  114  119  110  111  123  119  124  124   17
ch:  16  120  131  126  131  124  110  123  114  124  124  102  116  117  118  121  111  126  111  115  117  119  115  122  126  134  126  121  133  123  124  126    1
ch:  17  119  110  120  120  119  114  115  117  110  116  113  122  107  119  123  104  130  122  106  123  119  122  121  107  117  120  124  114  134  130  132   29
ch:  18  121  131  119  119  120  120  122  132  122  107  121  115  115  111  123  123  111  106  119  117  125  106  121  115  121  124  127  131  118  126  122   18
ch:  19  122  109  133  116  115  118  119  111  108  129  124  130  117  110  118  110  111  121  115  117  119  107  116  120  121  120  124  116  120  123  124   29
ch:  20  120  120  125  120  113  105  114  119  115  116  116  115  121  117  123  110  111  118  105  107  120  120  125  114  119  118  130  122  120  127  118   17
ch:  21  119  121  122  118  118  121  132  125  123  119  123  121  102  106  112  116  131  120  109  117  117  117  109  123  116  108  120  125  108  120  123   29
ch:  22  131  131  114  116  130  124  117  118  121  111  111  118  115  122  119  107  106  119  104  123  110  116  110  118  117  116  121  131  117  133  134   17
ch:  23  122  131  125  121  130  122  118  118  124  114  116  115  125  118  119  106  107  117  118  114  120  116  126  120  109  110  127  124  131  132  135   34
ch:  24  123  118  124  125  111  131  118  121  109  125  106  110  123  115  113  120  114  122  119  119  131  118  113  118  133  115  115  120  117  131  125   20
ch:  25  130  116  116  130  132  120  122  123  120  121  123  122  109  107  116  109  123  102  113  120  115  107  111  108  117  116  119  122  119  121  135   33
ch:  26  121  116  119  119  117  119  131  109  124  106  116  120  109  115  109  123  107  111  122  108  117  120  116  118  132  115  126  129  120  124  107   13
ch:  27  123  119  122  124  114  124  110  115  122  124  116  106  115  113  120  114  119  120  119  118  106  117  118  126  110  115  121  123  125  136  134   43
ch:  28  116  130  123  118  125  120  120  119  119  110  111  111  111  106  106  115  118  119  120  121  117  122  120  123  108  125  119  115  125  131  132    7
ch:  29  119  105  119  124  116  124  131  120  104  122  119  121  115  113  106  118  115  115  100  118  118  117  107  122  111  118  122  117  122  122  132   40
ch:  30  132  120  119  116  117  113  124  120  123  108  118  117  119  103  116  109  122  111  116  102  105  117  118  122  120  120  107  120  122  119  124   26
ch:  31  121  124  123  117  122  121  121  122  121  109  115  119  113  126  121  116  109  108  117  122  115  122  109  118  132  117  120  124  126  135  121   37
ch:  32  117  123  126  122  104  117  122  108  106  116  119  111  113  116  117  108  118  108  118  116  122  107  129  120  121  134  123  123  117  116  131   17
ch:  33  124  118  116  127  121  109  106  115  118  115  120  108  122  121  123  117  121  121  118  125  110  126  119  120  120  125  110  122  122  127  125   41
ch:  34  131  121  109  117  119  118  114  119  110  108  116  120  109  123  124  122  110  117  116  106  123  119  126  111  120  129  119  126  120  133  116   16
ch:  35  117  117  132  123  125  117  121  119  121  111  123  119  124  116  108  115  111  123  116  123  119  115  125  117  105  114  134  136  125  118  131   44
ch:  36  116  124  125  120  117  125  119  108  113  119  119  121  105  114  130  117  121  122  107  119  119  126  120  113  117  116  122  123  118  121  123   22
ch:  37  122  125  118  122  117  114  102  124  120  121  117  116  115  121  108  124  118  110  120  119  114  116  110  119  114  113  123  116  119  125  125   45
ch:  38  122  132  122  106  125  117  115  126  117  114  116  126  117  116  120  110  117  115  115  118  105  119  120  126  129  116  121  131  131  121  134   21
ch:  39  120  129  117  120  126  121  105  119  116  123  123  118  112  121  104  116  124  109  106  123  106  121  126  121  117  133  110  124  123  130  120   42
ch:  40  123  119  126  116  122  121  118  123  119  130  116  121  116  108  116  125  120  107  119  117  121  115  117  123  113  127  117  126  114  121  122   27
ch:  41  124  123  123  121  117  120  126  117  133  117  110  117  119  121  123  106  121  126  105  114  107  122  112  105  119  120  124  121  123  123  121   37
ch:  42  118  133  121  131  122  116  115  111  121  115  120  122  119  116  119  108  111  110  110  115  110  108  134  119  117  120  116  125  130  123  124   32
ch:  43  120  123  132  122  124  125  117  120  120  115  114  119  112  114  103  113  113  123  112  116  120  111  132  118  105  121  121  122  129  121  132   48
ch:  44  105  117  124  132  137  116  118  133  114  125  130  120  116  114  107  113  121  124  110  122  115  117  104  118  115  123  131  122  127  135  116   24
ch:  45  108  121  121  120  116  119  119  122  120  103  135  125  117  111  109  119  123  101  115  110  124  115  116  125  121  125  124  133  122  119  139   51
ch:  46  123  117  119  131  130  122  121  119  119  116  119  110  123  126  118  117  111  118  115  131  119  108  117  108  118  118  108  119  129  133  121   31
ch:  47  122  121  124  121  118  116  115  121  123  115  114  118  122  124  121  121  118  119  118  107  123  119  116  113  116  114  119  120  125  125  125   46
ch:  48  126  120  124  125  118  120  121  124  120  120  118  108  100  121  118  117  115  115  118  117  120  108  123  115  108  115  115  135  136  138  122   26
ch:  49  116  136  126  115  123  118  109  121  120  116  109  115  110  125  132  117  114  120  113  120  118  115  106  114  124  119  134  122  133  124  120   42
ch:  50  122  121  124  123  118  122  118  123  133  106  124  130  119  124  105  121  115  114  107  122  120  108  120  116  126  135  125  117  116  125  132   21
ch:  51  117  116  106  118  116  109  115  111  123  117  120  109  116  119  116  121  110  121  107  119  110  116  124  121  121  118  131  122  108  124  123   43
ch:  52  122  132  126  126  131  118  120  114  120  132  110  122  119  116  119  120  110  120  109  114  117  115  111  116  113  116  110  125  121  122  117   28
ch:  53  130  119  120  106  122  122  124  120  103  120  117  116  120  119  104  105  109  117  107   93  123  118  113  116  121  121  115  123  122  133  123   45
ch:  54  108  116  123  115  124  119  122  131  115  118  108  119  114  102  120  118  115  108  114  108  115  118  120  118  131  118  114  124  134  124  127   18
ch:  55  119  128  118  110  124  117  129  125  131  118  113  109  116  119  102  103  114  123  111  123  119  109  106  118  118  116  115  132  116  118  133   37
ch:  56  132  123  124  125  119  129  121  107  131  123  119  119  133  115  120  118  125  107  120  108  122  123  116  119  108  114  116  126  126  117  136   27
ch:  57  131  122  116  114  122  124  112  119  116  114  119  116  103  119  108  114  110  121  107  108  104  123  120  124  122  115  121  132  126  127  133   55
ch:  58  119  117  118  117  114  123  119  111  116  119  123  106  116  132  108  115  121  117  121  107  118  121  121  115  121  108  118  124  118  125  135   20
ch:  59  126  107  126  116  117  123  122  107  117  123  116  120  126  111  124  111  123  114  116  118  115  115  127  119  124  121  136  132  120  124  134   55
ch:  60  125  125  121  123  130  120  119  119  112  107  117  124  124  121  125  130  111  117  110  121  120  121  113  119  123  125  121  124  123  129  134   26
ch:  61  119  115  121  109  131  113  124  108  109  117  119  109  117  125  124  118  124  116  116  114  122  119  123  115  116  116  118  120  124  121  123   43
ch:  62  132  125  116  123  108  119  104  132  118  115  113  107  116  120  123  127  118  122  116  124  122  110  125  110  119  103  109  124  122  120  126   30
ch:  63  126  124  117  116  120  118  120  119  113  121  120  120  116  119  119  117  118  111  109  115  106  108  116  123  124  116  118  120  121  136  121   44
ch:  64  132  126  122  121  123  123  120  124  125  135  122  118  117  119  116  121  123  119  115  119  119  119  123  131  120  126  110  132  120  127  126   25
ch:  65  127  117  133  121  123  121  125  118  118  119  105  120  122  110  122  121  119  102  113  120  117  125  125  115  125  127  132  133  117  122  131   54
ch:  66  118  119  124  129  110  123  112  121  119  117  120  108  118  121  116  118  109  116  115  119  116  130  134  117  119  123  125  123  118  113  138   37
ch:  67  117  115  118  118  122  116  119  113  119  127  122  121  114  106  122  116  116  111  121  115  105  117  120  111  123  119  122  120  122  132  121   49
ch:  68  119  121  123  124  123  131  118  122  120  119  104  115  117  121  114  108  120  109  119  102  119  123  103  120  123  125  124  120  126  119  138   27
ch:  69  122  130  120  124  118  121  110  134  111  115  122  115  121  127  114  117  117  126  118  124  121  109  132  121  117  131  123  107  137  132  125   40
ch:  70  119  114  120  120  120  118  118  115  123  123  119  115  105  120  111  126  124  120  121  117  123  123  107  135  109  120  111  125  136  140  132   28
ch:  71  122  126  121  133  124  120  126  121  121  118  122  106  125  119  114  123  115  103  112  109  115  123  115  122  141  122  118  123  131  136  135   48
ch:  72  109  125  107  126  125  120  105  125  121  105  121  118  123  121  119  109  110  126  103  105  124  126  123  122  119  126  120  131  123  135  120   28
ch:  73  119  120  122  123  122  114  116  122  119  115  118  118  125  116  118  120  118  115  119  119  125  106  101  114  122  113  117  123  133  140  110   37
ch:  74  120  116  126  132  116  126  121  119  121  118  118  110  109  115  105  120  134  111  115  116  115  122  118  111  118  124  122  120  126  132  124   35
ch:  75  132  125  122  133  123  136  120  111  114  118  118  111  120  121  122  122  122  119  124  114  115  118  116  119  121  130  119  136  131  124  124   39
ch:  76  127  125  122  118  117  127  117  117  120  122  120  127  119  117  108  120  108  129  116  104  123  115  131  123  117  117  118  120  117  126  148   17
ch:  77  118  109  133  120  111  122  122  120  119  120  126  109  109  115  115  109  114  116  119  124  115  119  117  123  118  113  127  117  118  115  130   45
ch:  78  121  119  135  125  124  131  120  117  111  108  118  116  126  121  118  118  121  117  108  121  120  126  120  118  131  130  132  119  125  122  135   22
ch:  79  123  118  118  135  116  124  131  124  135  127  118  120  102  125  110  116  120  117  116  114  117  117  123  124  116  121  123  132  123  119  131   34
ch:  80  126  120  114  123  119  108  130  109  121  122  122  116  116  132  123  122  112  120  118  123  115  111  119  132  125  122  124  132  123  133  118   28
ch:  81  121  126  122  136  118  111  124  118  115  115  125  121  110  123  132  108  119  119  117  123  108  116  109  122  122  119  129  133  122  126  138   33
ch:  82  114  115  120  111  115  115  120  123  118  111  121  133  133  122  124  119  113  120  110  119  122  126  120  118  124  126  126  131  117  125  124   36
ch:  83  116  116  114  123  120  124  120  104  118  119  109  122  117  122  124  116  124  108  117  118  117  120  121  117  110  117  124  119  121  133  127   39
ch:  84  119  121  124  110  118  126  125  116  120  117  120  104  126  118  131  124  115  120  118  116  125  118  125  127  129  118  119  120  123  123  131   25
ch:  85  132  117  126  117  114  113  121  123  125  123  106  122  120  122  122  109  108  123  109  120  123  123  124  119  111  130  136  121  134  137  132   41
ch:  86  119  119  127  120  123  124  118  118  122  120  129  121  118  117  116  114  116  122  122  123  120  108  121  118  120  122  126  131  131  126  139   21
ch:  87  116  125  120  121  126  108  123  125  121  118  123  125  116  116  122  114  118  117  121  131  117  118  122  121  126  121  118  118  122  135  123   41
ch:  88  110  121  119  122  121  116  107  122  120  122  122  121  111  125  120  125  117  121  124  119  122  122  131  118  121  107  115  139  125  120  135   26
ch:  89  126  121  119  117  120  121  117  118  114  115  125  132  120  121  118  117  116  131  123  113  119  124  117  121  119  118  116  122  119  138  136   39
ch:  90  120  125  131  120  135  123  125  109  115  116  121  110  122  109  106  117  118  119  110  119  116  118  126  121  118  118  133  121  114  131  124   17
ch:  91  125  133  116  118  120  109  117  120  134  114  109  117  120  119  125  107  122  107  122  114  118  122  109  123  126  120  121  125  136  132  129   45
ch:  92  112  121  118  110  118  126  124  115  114  131  125  118  127  119  108  131  120  118  122  116  123  116  125  122  116  124  126  117  134  131  126   20
ch:  93  126  110  121  106  110  124  120  119  116  107  112  108  115  107  122  116  119  105  124  120  110  122  123  108  121  131  117  120  118  134  130   29
ch:  94  121  133  116  119  118  123  122  117  116  115  118  111  117  107  107  120  131  117  118  107  115  129  106  126  126  118  130  118  115  114  134   21
ch:  95  127  118  133  103  124  118  119  115  123  112  123  117  116   99  117  116  111  121  110  114  106  109  122  119  121  121  118  133  127  114  135   29
ch:  96  111  116  126  113  122  123  131  119  116  122  121  116  117  118  114  116  120  116  130  120  119  117  114  122  125  136  122  120  134  121  123   15
ch:  97  117  123  123  116  119  119  118  114  115  119  119  114  116  109  109  116  124  108  115  118  106  105  116  116  108  125  126  120  126  131  133   28
ch:  98  121  110  115  118  121  131  126  122  127  120  116  122  117  116  119  116  116  120  133  116  117  106  119  123  109  130  122  116  120  116  134   22
ch:  99  122  125  136  115  118  130  121  126  115  120  115  114  120  121  108  118  122  121  122  117  121  113  117  108  119  116  111  116  124  130  123   50
ch: 100  110  120  124  125  115  125  114  116  104  113  116  117  122  118  108  118  119  120  117  122  122  117  122  115  117  123  131  135  119  133  119   19
ch: 101  123  136  110  114  122  115  113  121  134  111  118  106  117  119  107  115  119  100  115  118  105  115  119  124  119  120  133  127  118  131  134   32
ch: 102  123  122  121  118  118  132  122  131  120  127  123  117  108  118  118  110  122  119  120  108  117  117  116  117  137  124  109  124  132  124  131   16
ch: 103  133  114  108  118  121  119  117  119  119  128  115  124  120  110  112  107  114  115  117  113  107  119  114  114  124  115  115  119  122  123  132   33
ch: 104  122  131  120  121  132  129  108  125  115  110  120  123  122  118  121  114  108  117  120  127  121  105  118  122  116  122  132  121  126  117  131   15
ch: 105  116  124  123  124  107  127  125  119  117  116  119  123  119  109  107  122  117  106  118  121  130  118  121  120  135  118  116  109  123  136  118   26
ch: 106  119  117  121  121  117  120  120  132  114  120  124  109  107  107  114  119  114  117  122  121  114  117  125  107  120  116  107  117  125  122  133   21
ch: 107  117  121  121  121  117  118  107  116  119  119  116  133  122  121  122  134  113  115  104  107  110  107  123  119  121  119  115  117  137  133  137   25
ch: 108  107  123  124  117  114  110  131  126  127  118  119  118  119  103  106  110  116  125  118  117  121  120  118  119  123  122  118  135  115  123  123   26
ch: 109  131  120  123  116  115  108  114  114  120  119  116  124  119  113  118  107  118  114  121  115  106  119  117  131  122  126  105  119  123  120  124   26
ch: 110  121  117  121  120  115  120  119  123  121  119  118  124  107  122  118  119  116  119  115  120  108  111  122  109  101  118  121  122  122  132  124   11
ch: 111  123  130  108  117  125  122  115  132  123  117  117  120  118  115  121  119  106  107  124  116  116  119  122  110  118  124  120  130  121  120  123   29
ch: 112  127  115  121  120  126  120  121  107  132  120  119  121  123  119  121  106  115  108  120  117  111  117  107  122  123  103  120  121  124  128  135   10
ch: 113  130  116  123  125  122  117  124  106  115  114  114  119  117  109  117  117  125  118  116  130  124  108  107  123  120  123  119  122  120  125  135   20
ch: 114  117  120  124  116  116  124  113  117  121  122  123  121  121  124  111  111  106  118  117  123  107  119  121  125  116  120  115  117  118  119  126   15
ch: 115  124  123  119  116  114  113  108  110  115  111  120  114  122  115  104  115  116  126  121  124  106  111  112  113  121  122  121  124  110  121  122   25
ch: 116  132  126  108  110  116  114  118  133  123  117  117  120  118  110  115  120  109  114  107  117  108  122  117  113  126  119  116  119  115  124  124   11
ch: 117  121  133  120  116  107  120  120  120  125  119  114  120  120  113  121  120  121  104  119  120  127  108  118  109  122  121  123  119  124  124  118   15
ch: 118  122  132  125  115  121  125  111  110  122  117  116  115  116  125  122  131  116  110  123  119  120  124  118  113  119  118  124  124  118  130  124   16
ch: 119  120  120  122  122  134  132  118  119  110   -1  118  115  103  118  131  113  114  110  117  117  118  115  109  122  119  126  109  121  126  131  123   22
ch: 120  119  108  111  132  117  121  113  108  122  133  118  114  119  120  105  126  111  121  108  116  123  122  119  120  134  121  131  127  123  121  118    4
ch: 121  122  117  105  115  119  121  115  111  124  134  112  106  120  120  116  109  110  118  108  109  120  120  118  121  132  119  127  123  132  126  122   20
ch: 122  121  105  130  123  117  119  114  106  123  119  118  120  116  116  105  124  127  116  116  114  113  104  119  108  115  109  122  122  134  123  139   11
ch: 123  123  122  131  124  137  117  124  116  106  114  121  122  109  107  118  105  109  109  116  113  121  113  121  116  121  114  123  121  120  121  126    6
ch: 124  134  120  116  122  114  117  122  115  115  120  117  120  105  111  106  118  114  130  121  118  122  117  119  123  122  115  123  122  124  134  131    1
ch: 125  120  121  120  117  120  117  117  108  120  119  119  110  114  118  117  111  110  125  118  117  125  121  125  134  125  118  135  123  125  137  127   20
ch: 126  121  124  116  120  125  121  135  120  120  117  119  118  125  123  116  118  117  107  123  126  110  117  118  108  116  114  134  118  137  130  131   -1
ch: 127  121  123  132  105  120  132  125  116  132  126  122  133  134  127  121  128  125  125  129  136  121  124  110  123  120  122  135  134  132  133  139   13
