# ID XA-000-08-002-000-003-197-15
# Tag _trim_
# Date 240514_13:45:31
# Vref_p 58
# Vref_n 24
# Thr2_glb 49
# Vref_t 118
# Vref_t_range 1
# Pol 1
# ADC range 30-247
# FAST disc 30
ch:   0  209  209  209  209  209  209  199  197  209  209  209  209  209  209  209  209  209  209  209  209  209  209  209  209  209  209  209  209  209  209  209   56
ch:   1  104  110  114  116  113  107  119  104  106  100  110  100  109  115  103  112  106  101  100  115   99  116  103  105  105  115  108  109  115  119  117   11
ch:   2  120  120  114  116  119  116  121  105  116  117  105  103  107  116  107  106  106  122  122  113  117  115  115  121  109  116  106  120  117  120  121   -1
ch:   3  121  115  115  126  116  123  121  116  109  117  119  100  115  109  101  108  108  108   93  110  116  110  115  117  108  118  116  118  118  115  116   19
ch:   4  108  120  116  118  119  109  110  115  103  115  108  118  107  114  100  105  102  102  107  110  106  108  118  108  114  102  111  106  102  108  118   12
ch:   5  108  108  116  124  121  113  117  106  106  107  120  119  115  106   92  108  103   99  110  109  105  108  120  115  100  121  116  109  105  121  121   19
ch:   6  111  108  117  121  118  102  110  113  109  115  111  101  106  105  107   93  107  118  102  117  108   90  106  101  103  112  112  123  109  116  119   13
ch:   7  121  113  109  103  117  120  124  116  122  114  109  103  107  115  105  110  108  105  108   92  113  115  106  117  117  116  122  121  113  115  127   24
ch:   8  105  101  118  103  120  108  108  121  117  103  108  114  108  110  106  108  116  107  104  117  106  115  121  116  102  114  119  117  106  119  115   16
ch:   9  126  123  117  122  116  113  115  116  118  106  106  109  115  118  118  105  108  119  104  116  118  107  109  123  118  106  108  120  116  124  119   30
ch:  10  113  118  122  121  106  118  118  109  110  114  117  109  115  107  115  114  105  103  107  114  109  115  123  116  102  106  108  109  112  118  126   27
ch:  11  119  119  124  115  127  116  100  115  116  120  121  119  118  119  113  109  109  115  119  113  108  108  120  117  117  115  116  118  114  118  112   36
ch:  12  120  116  116  113  107  109  115  110  112  116  108  116  130  100  108  109   90  104  104  103  116  118  105  114  117  116  101  110  117  101  116   33
ch:  13  123  118  111  117  120  117  108  116  117  111  116  104  105  109  120  110  106  104  118  104  106  113  113  102  108  109  114  117  117  127  120   25
ch:  14  123  108  113  107  104  115  110  104  114  105  114  103  108  121  102  108  113  105  109  102  101  102  115  116  108  121  117  113  116  105  123   20
ch:  15  119  116  116  110  119  119  108  107  106  114  103  117  114  107  107  109  102  106  110  110  105  117  104  117  104  118  114  119  120  120  120   33
ch:  16  123  123  118  111  117  115  106  127  109  105  110  115  104  111  100  106   93  113  119  116  100  117  117  108  119  105  107  104  104  108  117   25
ch:  17  116  118  121  118  124  105  109  111  115  116  115  100  115  113  110  120  117  116  117  120  105  116  109  122  104  104  121  114  110  121  125   34
ch:  18  118  118  105  114  119  115  118  107  107  116  107  111  115  106  115  105  120  111  103  115  110  111  122  116  117  119  106  104  122  119  110   30
ch:  19  126  122  115  106  115  116  123  117  115  105  100  117  110  109  121  121  115  105  109   89  105  106  105  113  108  116  122  107  114  108  119   38
ch:  20  122  117  117  106  125  116  107  107  105  114  118  121  102  116  109  110  105  108  116  102  105  116  119  106  109  113  105  114  115  110  120   39
ch:  21  111  105  116  108  119  117  119  120  121  116  114  116  106  107  110  106  109  103  107  115  105  124  124  110  114  114  115  115  119  119  124   43
ch:  22  119  124  116  120  101  110  113  119  100  106  103  108  117  109  118  106  110  108  101  107  115  107  108  122  116  100  109  116  110  117  108   33
ch:  23  131  116  121  116  121  106  106  117  105  103  111  107  116  115  108  108  107  121  119  105  103  108  105  118  120  116  114  117  123  118  122   39
ch:  24  115  116  111  116  120  120  115  118  111  101  111  109  110  105  103  115  119  108  105  110  110  107  107  120  113  106  101  103  127  116  138   39
ch:  25  102  108  120  114  117  114  118  107  123  110  110  108  108  109  108  106  115  105  104  114  107  103  102  116  113  121  106  116  116  117  118   50
ch:  26  118  111  107  119  110  105  122  118  106  117  107  122  115  111  119  109  107  105  107  103   95  105  109  115  109  107  102  109  117  121  120   39
ch:  27  118  118  113  119  117  110  117  115  117  115  107  120  112  118  107  107  103  104  107  119  118  108  110  116  103  116  101  106  115  122  137   48
ch:  28  108  115  102  115  109  106  108  107  121  114  105  120  105  104  107  116  114  108  107  107  110  118  107  107  109  119  103  119  111  123  121   27
ch:  29  124  117  109  120  116  106  116  117  117  110   98  106  106  118  105  103  117  108  115  100  116  105  118  105  108  117  113  123  132  114  119   45
ch:  30  110  120  107  116  119  131  110  108  102  116  117  111  109  117  102  104  108  114  109  111  101   99  106  113  103  123  116  119   93  108  119   29
ch:  31  114  116  118  107  118  119  127  119  111  118  110  104  115  106  109   94  117  107  115  118  109  105  114  105  111  118  115  120  119  124  118   36
ch:  32  118  118  119  121  119  117  105  107  111  109  110  109  101  117  107  102  103  107  104  115  104  103  106  107  106  107  100  104  117  120  114   38
ch:  33  116  105  124  124  111  100  106  118  107  110  118  115  105  119  101  111  110  109  108   -1  114  114  111  107  120  105  116  104  104  110  120   49
ch:  34  123  116  122  111  115  120   92  117  104  116  121  119  114  120  103  106  102  110  116  116  105  108  104  105  117  106  114  117  110  119  106   37
ch:  35  109  110  106  125  105  119  119  115  109  108  113  122  109  100  113  110  106  113  121  114  119  118  101  115  115  107  109  108  107  124  124   41
ch:  36  124  106  101  107  120  117  118  116  115  108  104  119  104  108  106  112  103  110  109  116  112  108  108   99  107  106  109   93  108  103  105   29
ch:  37  116  117  119  107  118  110  122  105  110  107  104  107  102  119  118  106  115  106  108  119  114   99  121  120  114  120  115  120  120  108  124   49
ch:  38  103  124  108  117  115  119  109  103  117  115  112  120  105  111  114  116  111  104  105  107  102  117  116  118  114  108  116  105  111  110  115   40
ch:  39  109  121  116  111  114  108  119  115  120  109  109  117  110  110  107  110  110  105  108  106  107  108  115  117  117  115  111  115  114  117  114   43
ch:  40  118  121  123  113  116  118  119  109  119  123  112  108  109  117  108  120  107  107  116   99  104  105  122  109  108  108  114  114  104  121  116   34
ch:  41  110  116  111  108  122  118  107  103  110  110  107  117  115  108  109  107  117  107  120  116  109  119  115  120  109  114  115  122  124  106  120   47
ch:  42  110  116  118  119  109  110  105  114  108  111  104  118  105  119  120  103  118  109  103  103  120  116  113  118  109  108  125  115  122  131  119   31
ch:  43  119  121  123  104  111  110  104  118  102  108  111  105  109  118  108  103  109  105  107  115  109  110  118  121  104  109  118  109  120  111  131   51
ch:  44  126  125  115  117  127  108  105  118  115  116   -1  107  108  106  108  108  111  105  104  115   99  104  119  110  110   -1  103  109  116  126  115   33
ch:  45  116  107  122  106  120  131  116  108  119  116  110  102  106  105  105  120  100  111  106  114  109  116  109  109  110  117  110  125  125  124  123   56
ch:  46  119  118  116  107  115  117  117  106  109  106  106  108  121  121  117  119  109  105  110  124  117  104  104  110  117  130  118  123  109  123  115   32
ch:  47  123  115  119  119  105  123  105  108  110  129  117  107  123  102  125  108  110  107  116  117  115  109  104  103  115  114  110   99  123  120  116   53
ch:  48  109  106  119  105  116  116  119  113  115  109  104  115  121  105  118  105  105  103  118  105  105  110  106  116  121  115  107  115  110  117  115   35
ch:  49  109  115  107  117  118  107  106  120  105  116  118  117  116  108  108   -1   99  108  108  107  109  119  116  118  118  107  115  122  121  119  106   47
ch:  50  110  122  114  120  115  117  114  120  115  115  116  108  118  117  114  118  104  108  108  105  111  117  109  106  100  109  113  119  116  122  122   36
ch:  51  116  116  118  119  106  106  113  105  110  110  121  116  115  107  106  110  109  119  123  102  104  119  110  105  109  126  130  120  116  123  108   53
ch:  52  116  109  117  109  120  116  116  113  122  115  117  116  110  115  110  102  106  102  110  121  112  118  109  103  116  117  111  118  108  119  123   36
ch:  53  122  116  122  116  116  116  131  119   92   99  109  116  116  115  108  120  106  120  106  105  113  129  121  118  118  122  102  121  126  115  125   56
ch:  54  117  116  108  126  121  106  107  101  118  108  106  117  102  109  115  104  108  102  119  114  111  102  108  108  107  120  107  115  119  117  126   41
ch:  55  119  118  123  131  118  118  118  114  110  119  117  121  108  105  108  120  100  114  108  115  107  116  118  114  102  115  116  121  122  125  105   46
ch:  56  114  105  108  120  117  111  124  118  117  116  110  119  122  118  114  114  100  119  114  103  114  114  104  120  116  114  121  107  125  120  120   37
ch:  57  116  126  119  122  123  110  111  117  116  105  120  123  107  109  115  107  110  114  117  118  109  120  123  107  114  117  118  118  121  124  122   46
ch:  58  117  110  115  116  113  111  107  113  109  120  110  116  118  115  122  118  105  117  117  104  109  120  116  113  107  107  115  124  115  131  115   34
ch:  59  119  120  123  108  123  123  112  116  114  120  123  115  108  115  110  117  109  114  113  106  108  118  121  125  116  108  108  132  111  116  118   35
ch:  60  119  118  110  126  116  115  106  100  110  105  118  108  119  108  115  117  116  118  103  107  108  119  116  117  103  108  114  120  124  114  120   46
ch:  61  117  121  116  116  120  119  121  116  109  102  101  114  117  117  116  107  105  106  103  113  108  123  115  101  109  119  103  108  115  109  101   55
ch:  62  122  119  126  117  116  110  109  117  107  110  121  118  107  119  119  109  116  109  103  113  120  108  110  112  122  119  100  121  115  122  125   41
ch:  63  105  111  102  115  115  115  121  123  120  107  122  115  106  116  117  107  116  119  109  118  116  107  120  115  120  124  109  115  132  131  125   56
ch:  64  121  119  117  116  116  118  121  116  108  114  120  120  115  120  111  109  115  108  109  119  105  116  119  107  113  101  111  115  115  114  131   32
ch:  65  108  121   -1  117  109  104  118  107  114  112  113  110  120  110  116  111  119  117  111  114  114  122  106  116  119  122  111  110  133  118  116   51
ch:  66  125  115  114  120  107  106  121  107  115  123  105  117  113  110  112  109  122  105  120  104  107  106  109   82  104  103  115  109  122  121  119   52
ch:  67  124  119  121  109  106  119  118  106  106  111  114  117  107  115  124  115  106  103  109  114  108  116  124  109  119  116  115  117  117  123  117   56
ch:  68  120  109  108  107  117  116  123  107  110  119  118  117  115  106  119  108  104  113  115  126   99  108  117  119  118  115  118  115  119  121  123   32
ch:  69  116  105  110  115  116  117  118  116  122  104  118  106  104  115  111  116   99  102  117  114  101  104  122  114  123  115  113  122  109  128  123   56
ch:  70  115  125  115  118  118  122  115  117  116  109  116  122  103  115  122  115  106  116  108  117  108  111  117  120  106  122  122  118  114  121  127   31
ch:  71  116  114  108  115  123  108  101  114  116  123  111  120  107  111  106  100  116  120  109  116  123  107  116  110  120  125  107  135  110  135  133   52
ch:  72  123  108  109  123  119  106  115  118  115  108  120  119  115  108  103  102  118  108  108  115  114  110  115  104  120  105  110  120  109  122  123   28
ch:  73  104  123  106  116  117  118   -1  108  120  106  108  119  121  114  107  106  113  119  109  129  120  114  119  122  115  116  129  123  122  126  134   46
ch:  74  108  115  123  113  115  121  114  110  117  122  117  117  118  108  116  122  108  117  119  107  115  121  116  116  123  109  115  129  110  117  116   49
ch:  75  107  104  121  120  118  109  114  122  119  114  115  115  123  119  113  108  107  108  103  114  107  123  120  121  120  126  120  120  126  121  121   42
ch:  76  127  110  119  106  115  110   99  120  115  108  108  121  116  116  110  106  114  108  106  107  115  105  111  115  111  113  120  107  111  116  125   26
ch:  77  121  120  117  110  122  124  115  103  104  117  105  105  106  116  108  102  121  115  121  118  111  110  106  114   -1  120  115  109  113  124  122   44
ch:  78  103  105  120  121  116  120  118  114  105  121  109  105  107  107  104  109  123  118  116  107  103  116  120  120  114  108  110  125  108  116  115   48
ch:  79  106  106  119  123  120  110  108  126  117  118  107  100  123  105  109  103  114  118  108  111  117  108  120  113  111  119  117  119  115  117  119   46
ch:  80  116  114  114  102  117  107  104  116  107  118  111  118  115  118  110  111  103  108  109  107  106  106  113  120  109  101  104  116  114  124  108   31
ch:  81  111  119  114  124  134  100  113  116  116  112  121  102  110  108  110  116  108  121  101  102  108  107  109  111  103  123  120  131  108  111  109   46
ch:  82  121  123  114  123  112  108  100  117  119  121  108  107  108  119  115  110  107  119  111  120  120  109  102  115  110  114  116  120  102  121  124   37
ch:  83  117  120  117  120   99  123  118  106  107  118  117  114  110  113  109  117   98  109  108  111  116  115  108  117  117  115  108  113  127  120  125   43
ch:  84  108  108  117  117  120  120  113  116  120  108  117  103  110  126  106  103  116  113  108  106  111  116  117  116  109  119  107  117  115  126  116   27
ch:  85  114  129  102  110  121  117  110  120  109   -1  116   94  110  116  102  115  106  107  105  105  119  108  103  103  109  120  113  127  109  124  121   47
ch:  86  109  118  117  116  113  120  108  121  118  108  105  106  108  101  103  108  108  119  105  109  105  119  108  114  112  115  119  114  116  118  112   29
ch:  87  124  121  105  114  123  112  119  116  129  108  115  118  122  107  102  116  116  106  105  114  121  121  109  118  117  118  120  116  120  120  117   52
ch:  88  126  122  113  106  117  107  115  110  113  113  114  107  107  109  123  116  119  108  113  110  115  105  109  104  106  100  119  120  120  126  120   32
ch:  89  108  113  117  120  120  134  122  116  116  109   99  105  118  117  107  113  111  106  109  120  116  110  119  109  108  122  110  135  116  119  119   48
ch:  90  114  116  122  116  120  114  117  132  114  105  112  120  115  109  103  123  116  108  103   95  112  116  116  104  110  122  122  126  103  122  126   32
ch:  91  119  124  116  109  115  120  114  122  119  107  118  107  109  116  112  118  113   -1  125  119  109  108  104  109  106  118  118  118  126  129  121   44
ch:  92  134  118  114  105  130  101  119  108  114  116  116  119  101  117  114  115   94  118  101  116  107  110  110  121  116  116  116  111  110  119  108   34
ch:  93  123  117  125  110  111  108  119  109  117  116  117  116  106  106  107  116  109  109  100  101   99  108  113  114  114  114  117  118  119  121  111   52
ch:  94  106  119  114  126  114  108  117  107  119  109  117  102  103  121  109  103  107  110  107  108  109  115  118  107  117  114  119  108  110  111  120   36
ch:  95  108  118  104  116  123  115  119  120  117  111  106  121  106  110  103  119  107  115  106  110  106  114  120  121  123  122  106  122  117  121  126   45
ch:  96  119  124  102  109  110  119  110  102  106  105  115  115  108  107  114   95  120  105  109  117  116  110  107  117  113  106  117  103  121  121  123   32
ch:  97  115  125  109  121  116  108  107  137  110  103  114  110  118  114  103  109  120  106  119  109  109  110  106  116  107  115  110  119  109  114  132   56
ch:  98  121  115  118  121  104  125  119  117  120  122  109  110  109  105   98  108  118  108  101  107  106   -1  118  108  108  109  110  114  107  109  110   29
ch:  99  117  118  106  120  104  116  109  118  106  121  113  124  113  109  115  105  117  124  101  123  108  119  120  113  115  105  117  126  122  123  122   42
ch: 100  106  118  121  122  110  121  112  111  107  115  114  103  115  106  106  103  108  105  105  101  103  122  107  108  103  117  121  121  106  123  130   38
ch: 101  119  115  134  119  121  107  118  108  115  124  109  107  101  118  107   92  104  109  106   94  116  107  108  119  108  106  102  118  105  124  108   36
ch: 102  121  110  109  117  114  118  118  109  120  117  109  108  121  116  106  118  124  108  112   99  103  109  108   -1   99  116  117  121  111  108  121   33
ch: 103  121  119  132  119  110  123  123  103  110  116  116  104  107  100  110  110  120  108  113  119  108  106  115  115  122  119  116  116  115  131  121   46
ch: 104  134  121  115  121  116  117  114  125  108  116  109   92  107  124  104  110  108  107  107  119  117  105  114  116  105  115  106  122  108  122  116   24
ch: 105  103  115  114  117  111  115  116  105  105  116  126  118  106  121  105  114  119  111  119  126  105  111  117  104  113  118  117  124  120  121  122   31
ch: 106  102  105  124  126  108  116  106  103  113  110  122  120  109  114  104  108  103  107  101  115  117  115  108  103  114  115  115  108  114  122  117   33
ch: 107  122  120  122  107  117  115  123  114  118  121  117  105  114  101  107  110  115  102  114  117  115  116  108  123  111  113  119  122  125  116  126   28
ch: 108  132  119  121  109  122  123  117  108  119  109  110  107  109  110  110  116  109  118  113  115  104  110  111  110  116  108  114  116  115  117  125   37
ch: 109  116  120  118  112  118  107  122  101  108  107  107  117  113  107  119  114  118  123  109  113  110  105  115  105  113  111  108  107  120  109  105   32
ch: 110  136  116  109  125  120  105  119  118  106  106  105  116  104  104  115  109  115  107  102  101  107  110  121  115  113  115  119  131  121  119  118   25
ch: 111  116  116  117  116  119  117  113  125  117  109  118  114  108  109   95  113  120  114  110  100   -1  120  115  107  120  116  108  109  115  122  123   35
ch: 112  107  111  118  120  118  119  117  103  108  114  107  102  106  108  122  106  115  124  106  109  106  115  106  100  118  114  104  119  117  123  105   24
ch: 113  110  119  122  121  115  109  104  108  109  111  108  122  113  102  117  116  116  108  101  119  106  119  119  110  124  102  122  133  120  122  122   25
ch: 114  109  108  116  121  122  115  123  121  113  114  111  113   99  113  103  102  115  113  110  107  111  110  106  109  105  115  100  108  123  117  133   21
ch: 115  121  117  119  119  117  107  115  117  118  110  122  115  103   -1  107  115  117  121  106  116   99  114  117  116  115  115  121  120  116  126  116   39
ch: 116  118  118  107  119  113  103  115  114  123  116  131  105  115  116  114  125  109  104  118  115  120  116  107  107  120  119  121  116  122  117  123   20
ch: 117  121  110  114  125  110  118  112  117  121  118  114  106  105  109  109  107  107  106   92  107  118  117  119  106  107  116  118  113  130  120  123   20
ch: 118  115  116  115  110  109  107  116  113  107  115  111  120  117  107  116  108  107  113  105  115  109  109  118  105  119  117  103  116  125  115  124   24
ch: 119  118  124  113  116  122  111  110  109  109  115  116  121  117  109  117  114  118  110  115  117  131  124  116  115  117  117  116  125  117  123  121   25
ch: 120  114  116  105  119  110  123   99  116  118  119  115  104  111  115  107  110  101  116  102  119  100  115  121  108  115  116  107  114  106  111  120   23
ch: 121  121  107  123  114  126  116   99  103  107  114  109  108   99  106  103  116  117  109  103  106  109  108  111  104  119  119  116  115  118  117  117   23
ch: 122  106  115  122  116  108  121  116  124  108  123  116  102  104   93  106  105  107  103   92  108  103  102  100  121  105  120  108  113  117  109  118   15
ch: 123  106  118  114  118  107  115  107  119  120  119  116  121  122  108  118  110  118  105  103  119  121  111  117  105  108  117  116  122  125  117  118   30
ch: 124  123  102  116  130  115  127  124  124  118  122  116  118  119  110  106  107  108  101  106  113  131  111  107  105  105  105  106  110  121  123  120   13
ch: 125  120  110  110  103  116  114  114  113  116  118  120  119  114  111  111  115  101  117  109  119  108  107  121  111  122  111  100  121  122  124  108   11
ch: 126  108  117  110  121  113  118  118  104  106  109  111  125  113  108  118  108   98  118  106  100   97  122  111  107  110  117  103  116  121  133  131   19
ch: 127  109  122  123  118  125  119  124  120  119  114  120  119  118  118  119  122  123  123  116  119  123  134  138  124  132  137  125  135  134  143  139   14
