# ID XA-000-08-002-000-003-205-15
# Tag _trim_
# Date 240514_14:16:31
# Vref_p 56
# Vref_n 22
# Thr2_glb 54
# Vref_t 118
# Vref_t_range 1
# Pol 1
# ADC range 30-247
# FAST disc 30
ch:   0  119  125  126  125  123  123  123  119  124  122  131  126  133  122  125  117  125  129  131  117   98  121  115  119  116  122  119  116  126  116  123   17
ch:   1  124  124  127  134  119  119  117  131  115  124  125  122  118  116  118  110  109  115  104  118  118  104  124  123  109  119  116  113  116  118  124   26
ch:   2  131  134  122  122  132  119  120  134  124  121  123  125  132  130  123  123  131  119  120  121  118  115  110  109  134  115  121  119  130  119  119   16
ch:   3  131  115  125  127  138  124  118  114  116  126  121  126  122  115  120  116  110  125  108  126  123  104  118  122  120  124  109  110  125  117  120   27
ch:   4  117  124  132  122  118  125  126  120  116  113  123  126  121  117  109  120  118  119  116  122  124  125  124  115  126  113  119  123  120  110  124   15
ch:   5  122  125  126  122  132  119  121  118  123  120  123  124  123  132  118  109  104  117  110  114  119  107  105  110  120  127  122  111  109  124  123   31
ch:   6  130  135  132  130  116  132  122  118  131  116  119  120  108  118  121  117  121  106  116  120  126  122  117  114  120  120  115  118  121  129  123   23
ch:   7  134  130  131  117  122  123  108  131  110  109  123  113  120  107  122  123  105  115  118  106  111  116  116  117  118  122  117  117  124  124  133   39
ch:   8  126  132  131  137  126  104  114  127  126  133  120  123  130  123  118  130  132  117  121  115  116  123  115  121  120  114  118  124  120  120  126   24
ch:   9  123  126  122  137  125  123  121  121  115  109  117  106  121  125  121  115  116  120  116  118  122  101  106  117  117  119  117  128  119  117  117   38
ch:  10  134  120  124  132  132  119  118  109  131  130  104  110  120  124  134  131  121  115  117  105  114  115  110  116  121  120  121  110  115  124  124   14
ch:  11  133  124  121  116  120  123  123  123  125  130  110  121  110  125  113  110  115  124  120  119  119  115  121  122  107  109  116  110  118  130  117   49
ch:  12  123  117  132  130  119  132  125  118  124  123  122  114  116  117  111  116  103  114  130  116  113  123  115  125  117  126  117   -1  131  135  121   26
ch:  13  133  126  119  138  115  114  120  129  122  127  123  123  107  124  117  122  118  114  119  114  120  114  114  123  110  117  123  117  122  133  123   38
ch:  14  132  122  126  124  135  122  131  123  132  122  117  122  118  110  120  118  121  119  111  115  119  109  126  132  117  119  115  119  122  123  121   26
ch:  15  125  120  126  125  127  123  111  115  124  105  131  122  119  124  104  132  118  110  123  116  119  122  125  111  125  121  132  121  116  119  131   52
ch:  16  121  120  109  132  121  131  124  122  123  124  119  115  121  123  120  117  118  116  120  122  109  117  115  117  121  108  116  118  122  133  122   23
ch:  17  121  131  127  118  119  122  125  112  122  124  116  122  118  122  115  111  124  125  115  120  122  125  120  123  118  118  121  130  120  133  122   56
ch:  18  131  126  121  120  126  125  127  133  118  125  115  117  116  120  122  118  123  119  118  125  118  117  114  133  117  122  110  138  118  118  118   19
ch:  19  124  132  125  127  119  127  121  122  125  120  107  123  110  118  123   -1  110  118  110  121  118  118  121  115  117  117  118  116  119  116  119   35
ch:  20  139  124  133  125  119  125  125  125  122  122  123  123  107  123  123  126  117  124  121  136  108  107  131  116  121  132  123  120  136  125  127   20
ch:  21  126  121  116  124  121  121  121  120  118  117  132  131  115  131  114  118  119  120  109  120  117  121  110  124  119  120  117  125  122  119  125   52
ch:  22  122  124  120  131  120  124  131  121  107  132  124  126  121  131  119  116  116  117  111  121  125  122  119  110  135  124  116  119  124  131  126   30
ch:  23  130  122  122  118  132  120  117  124  115  122  118  108  137  118  123  119  120  124  120  106  112  110  124  116  118  117  104  120  122  116  118   40
ch:  24  134  116  132  134  123  123  121  122  118  124  117  130  122  117  122  117  117  123  109  126  113  118  122  125  123  133  122  122  123  132  118   25
ch:  25  119  125  135  121  119  122  132  118  121  117  116  122  107  131  117  120  123  118  120  119  109  121  121  119  120  125  119  114  116  127  130   47
ch:  26  133  123  127  115  136  131  130  124  123  122  123  119  110  127  116  123  120  132  122  130  119  120  115  122  117  119  125  120  132  131  134   31
ch:  27  124  125  123  131  131  121  130  117  108  120  139  113  121  125  117  122  115  120  121  107  107  125  120  125  120  110  120  124  126  139  124   52
ch:  28  120  132  137  132  126  125  122  129  115  124  131  129  119  126  134  127  125  117  112  126  121  113  119  119  123  134  115  123  119  116  121   27
ch:  29  124  133  124  133  122  126  123  122  122  136  133  114  125  124  115  126  108  117  127  118  114  127  121  126  117  127  119  127  125  133  124   56
ch:  30  134  136  119  133  126  115  124  122  123  122  117  119  120  124  119  123  118  105  107  116  118  114  138  132  124  121  124  119  121  121  118   35
ch:  31  122  116  126  123  132  131  133  118  136  121  122  121  126  110  119  119  132  119  115  120  121  122  116  121  114  123  126  119  123  135  122   53
ch:  32  133  129  119  125  123  122  131  125  119  129  124  121  120  126  122  124  120  127  122  115  121  117  119  115  123  126  111  114  132  124  126   33
ch:  33  132  124  129  126  123  137  134  124  118  131  117  120  107  119  124  122  122  115  129  119  118  118  123  127  106  126  123  119  124  131  133   46
ch:  34  131  117  129  135  120  126  120  132  123  122  125  123  116  122  125  121  123  123  104  117  120  124  121  130  121  131  131  116  132  124  131   33
ch:  35  125  132  134  124  126  135  114  131  123  122  124  118  118  124  121  121  111  124  118  111  121  119  115  125  123  120  121  120  126  135  131   56
ch:  36  134  116  126  117  137  133  123  132  141  135  129  125  119  131  119  117  122  132  120  119  119  131  122  117  121  122  123  130  114  138  132   40
ch:  37  126  124  124  123  121  117  121  127  114  124  115  132  120  131  119  120  117  133  119  125  132  134  122  123  124  129  118  126  131  131  137   56
ch:  38  132  132  131  126  132  122  119  125  120  129  124  127  119  131  134  123  121  117  121  117  122  123  122  119  116  119  132  126  125  121  119   30
ch:  39  137  125  137  123  122  119  131  121  124  131  125  125  119  125  125  135  122  108  122  131  118  115  121  120  133  120  121  132  129  136  129   56
ch:  40  129  130  125  132  121  127  132  133  120  117  117  125  135  126  122  126  118  113  118  121  121  121  111  117  138  122  115  121  119  126  125   35
ch:  41  120  138  128  123  131  124  123  125  115  106  125  120  129  115  120  118  120  106  117  114  123  123  122  124  126  121  123  122  131  118  142   50
ch:  42  123  135  135  125  132  131  129  125  114  125  128  121  125  126  127  126  118  123  118  114  132  131  115  126  121  134  124  125  132  110  122   41
ch:  43  135  133  131  135  120  110  127  125  126  136  118  133  108  127  123  120  119  108  125  118  104  116  121  104  122  118  126  134  124  122  134   56
ch:  44  131  124  125  132  121  122  137  131  123  120  127  131  119  131  119  130  130  117  134  122  131  124  132  126  113  122  122  125  136  126  123   44
ch:  45  131  123  132  133  130  126  125  121  116  121  127  126  127  126  118  111  117  122  124  132  124  117  122  118  131  122  125  121  123  123  121   56
ch:  46  138  122  122  123  122  139  133  124  124  116  124  118  116  132  120  123  116  117  121  118  121  125  130  124  124  121  132  127  124  134  136   30
ch:  47  123  121  128  133  123  120  121  126  125  124  114  122  123  120  109  118  117  121  123  123  120  117  119  127  133  132  131  116  125  126  131   51
ch:  48  120  133  132  131  122  125  129  133  126  126  123  124  133  130  121  117  122  123  134  132  130  124  131  122  129  115  122  138  134  131  142   39
ch:  49  133  132  132  127  119  134  118  124  122  120  119  126  132  118  127  118  116  122  131  118  123  124  129  123  120  116  118  118  131  131  123   56
ch:  50  130  133  123  123  118  129  132  127  130  123  122  120  127  125  125  111  122  120  107  123  120  115  125  122  122  122  121  124  120  125  126   41
ch:  51  135  124  111  126  128  132  124  124  122  128  122  122  132  127  123  131  120  122  121  114  125  124  131  123  130  123  126  124  122  116  132   56
ch:  52  138  135  117  124  130  141  119  120  133  119  131  123  136  110  133  127  126  126  119  124  111  123  119  130  133  119  134  119  138  132  124   36
ch:  53  122  125  138  121  136  125  123  121  124  116  132  125  120  124  134  124  108  123  115  123  120  117  115  122  120  136  138  132  125  124  121   56
ch:  54  132  133  133  125  136  134  136  138  120  120  120  119  122  132  119  136  121  121  121  132  123  130  131  140  134  134  120  124  126  118  132   30
ch:  55  135  126  132  129  124  131  130  137  120  123  120  116  125  122  119  126  119  116  118  135  126  118  107  122  115  126  120  124  131  135  117   56
ch:  56  132  124  125  138  130  132  116  134  124  120  130  131  120  124  126  122  121  136  122  120  128  133  129  133  125  131  135  122  130  121  134   40
ch:  57  139  130  118  138  121  132  125  130  118  136  115  132  124  122  133  110  121  121  117  117  126  126  125  129  120  131  119  131  132  135  137   53
ch:  58  133  126  126  123  138  122  120  133  131  120  137  126  120  117  133  123  120  123  131  132  124  113  123  135  123  123  128  122  125  131  136   39
ch:  59  130  124  132  124  132  125  119  131  125  132  119  122  125  125  129  125  135  135  134  118  122  124  123  130  130  116  117  121  108  122  117   56
ch:  60  128  129  126  130  130  126  133  122  134  119  124  123  121  130  122  120  124  123  110  116  118  119  119  120  121  124  132  127  122  135  139   55
ch:  61  122  137  131  124  122  134  126  120  118  119  132  131  122  129  118  118  118  123  115  122  122  104  126  122  126  124  124  123  123  126  126   56
ch:  62  125  138  139  137  131  122  121  124  118  114  124  125  120  122  123  122  126  123  137  113  119  127  118  130  131  124  120  120  121  130  136   56
ch:  63  134  132  129  125  121  123  125  120  109  132  132  133  133  131  115  124  123  120  107  117  134  135  124  121  133  123  126  136  124  140  133   56
ch:  64  131  139  119  131  123  132  115  125  119  122  126  116  120  133  118  133  132  120  111  131  133  122  126  122  119  124  132  115  126  119  134   35
ch:  65  142  138  139  131  135  123  114  121  120  118  126  124  125  133  119  120  119  124  122  124  121  117  126  118  126  119  119  133  123  148  130   56
ch:  66  117  137  123  131  135  134  121  137  125  132  139  127  119  109  118  126  123  124  128  121  118  130  120  132  119  124  125  131  116  130  124   41
ch:  67  126  141  130  123  121  134  132  126  125  132  123  111  120  117  131  126  124  124  121  127  124  125  116  122  124  123  134  111  131  133  123   56
ch:  68  134  128  125  124  130  123  123  133  131  131  124  123  126  125  134  118  135  122  116  122  122  114  130  118  122  117  119  116  130  136  137   43
ch:  69  119  124  121  131  119  138  125  123  126  120  125  134  133  127  127  134  125  135  122  125  118  123  122  121  117  124  126  124  126  132  136   56
ch:  70  131  137  134  133  125  130  135  124  119  122  123  134  124  131  133  124  123  132  121  121  121  114  120  123  118  124  133  132  138  136  131   41
ch:  71  125  135  124  131  124  122  123  124  120  121  120  121  116  117  120  118  127  121  118  117  115  121  120  122  123  116  126  123  132  122  134   56
ch:  72  133  136  126  131  122  130  128  119  140  135  126  124  116  130  119  126  125  122  131  122  123  116  125  124  123  121  140  122  126  117  124   32
ch:  73  131  130  122  137  118  122  139  120  129  122  124  125  123  123  120  122  124  114  131  122  110  118  131  124  116  124  133  122  137  137  134   49
ch:  74  136  125  124  123  118  125  123  132  124  120  121  124  116  127  134  132  134  119  152  110  133  142  130  134  129  123  129  126  126  132  123   49
ch:  75  125  131  125  132  128  126  133  114  123  124  124  121  119  133  124  132  118  125  119  125  127  124  118  119  123  132  119  124  120  124  138   56
ch:  76  134  136  131  123  121  130  123  121  132  125  120  121  117  126  131  133  121  117  121  110  116  126  132  134  126  117  127  123  131  132  136   41
ch:  77  136  121  123  132  137  125  123  132  120  133  113  118  113  125  123  125  119  123  114  124  115  126  116  131  119  121  119  136  131  133  131   56
ch:  78  131  124  122  122  119  135  134  123  130  115  116  132  122  121  125  124  117  115  118  133  130  126  116  124  116  119  139  131  129  135  131   41
ch:  79  122  123  130  124  123  137  123  130  125  116  123  121  117  121  135  119  126  118  118  120  121  117  131  121  120  117  127  120  134  126  137   56
ch:  80  141  132  137  129  125  136  134  132  136  132  140  133  124  121  125  122  122  133  124  117  129  124  120  119  126  134  124  127  125  121  123   43
ch:  81  133  121  130  126  137  132  122  134  139  123  120  133  124  122  127  119  122  129  121  115  127  120  120  132  132  131  121  119  125  118  122   56
ch:  82  115  125  140  133  126  119  127  127  133  124  133  115  132  122  131  121  130  133  127  120  121  119  121  120  125  125  129  122  132  130  127   35
ch:  83  137  134  118  136  126  121  135  133  121  125  126  134  131  127  121  130  110  117  123  107  130  138  126  131  114  126  126  125  135  130  123   56
ch:  84  122  133  134  121  126  129  123  121  118  120  136  122  133  123  125  119  131  134  118  124  133  111  124  126  124  125  124  122  121  133  135   39
ch:  85  120  133  135  133  132  136  124  123  130  125  120  126  126  118  120  132  124  126  121  130  118  119  130  123  135  125  117  121  133  124  130   56
ch:  86  123  134  130  126  142  123  133  126  125  127  136  125  122  124  119  127  120  125  123  118  125  120  126  115  134  118  129  137  132  130  139   38
ch:  87  133  125  127  124  132  126  136  131  122  136  125  138  120  126  127  127  118  120  131  122  118  129  116  124  119  116  131  130  131  131  132   56
ch:  88  125  129  131  123  133  136  136  116  132  121  132  133  130  134  130  106  116  125  123  123  131  123  130  130  125  125  131  137  125  133  123   43
ch:  89  122  146  123  132  116  121  124  119  123  135  122  126  125  125  125  110  119  114  119  124  125  116  123  119  119  119  131  136  134  137  133   49
ch:  90  130  125  122  123  126  127  128  129  127  133  118  129  124  119  124  109  120  133  124  116  131  126  118  118  122  124  129  121  132  123  115   36
ch:  91  124  123  124  123  132  117  131  127  118  131  132  124  130  124  122  124  118  116  109  119  120  125  120  123  115  115  124  120  113  126  132   49
ch:  92  122  125  135  126  136  134  122  126  119  127  123  117  120  124  125  110  137  123  120  108  119  115  124  125  124  129  122  125  132  123  133   40
ch:  93  133  131  130  134  129  107  118  132  133  114  123  120  122   -1  122  120  120  123  116  130  133  121  131  130  118  123  126  122  125  123  131   56
ch:  94  126  123  136  124  134  117  130  127  124  118  124  122  130  132  123  115  130  122  118  121  118  126  138  126  122  132  122  119  138  136  133   28
ch:  95  130  127  121  132  135  127  121  131  133  133  124  132  123  137  119  122  116  115  119  123  121  125  124  132  123  130  133  123  120  125  123   56
ch:  96  131  124  126  134  122  133  134  115  119  119  126  133  125  122  120  122  117  116  139  131  119  130  121  124  131  109  133  137  120  126  123   35
ch:  97  136  133  124  135  132  125  122  119  125  132  134  129  119  117  123  121  118  137  125  115  123  122  134  119  122  125  124  133  126  126  152   54
ch:  98  122  126  121  132  124  122  132  126  115  135  130  114  134  123  122  108  121  121  124  124  124  120  121  123  123  134  107  132  134  117  134   34
ch:  99  126  139  131  120  131  121  136  129  123  125  138  123  121  120  130  134  124  122  129  122  122  120  121  126  131  123  136  119  108  123  123   51
ch: 100  131  130  123  133  129  130  125  124  119  124  122  119  117  137  129  123  130  126  123  127  123  127  119  129  122  126  141  131  131  135  130   32
ch: 101  137  135  117  134  126  134  119  131  130  119  124  120  131  122  125  117  122  117  121  121  116  119  125  121  123  121  134  122  137  132  135   55
ch: 102  133  121  132  124  136  122  120  133  132  107  119  122  119  132  122  108  121  133  126  127  124  116  126  117  119  116  134  116  124  136  131   40
ch: 103  130  121   -1  130  118  125  122  108  123  126  137  137  137  120  132  121  120  124  124  132  126  123  131  132  123  122  132  109  126  136  124   46
ch: 104  137  132  131  131  124  131  132  132  122  119  137  132  121  125  123  135  106  121  124  132  118  126  118  123  121  121  111  131  123  125  130   30
ch: 105  146  140  139  133  124  120  125  128  126  117  123  124  128  121  122  140  120  123  113  119  117  124  127  118  119  132  122  115  130  117  124   40
ch: 106  133  137  136  127  133  123  133  125  108  131  121  132  123  123  125  130   -1  121  117  123  125  127  114  122  114  131  119  132  120  118  132   38
ch: 107  119  129  126  123  126  125  124  119  127  133  131  126  127  126  117  120  129  125  123  140  121  126  121  118  131  123  121  137  131  121  121   47
ch: 108  133  123  133  117  131  123  126  127  109  124  135  120  121  119  132  122  119  132  116  119  125  126  129  126  119  123  134  122  124  125  119   37
ch: 109  135  126  129  125  133  122  126  131  132  121  123  125  124  111  124  121  133  126  118  120  122  117  117  119  119  122  126  125  118  139  135   43
ch: 110  137  133  126  125  127  135  134  120  123  127  133  133  124  123  124  123  126  123  122  131  130  120  124  119  132  122  124  124  111  132  130   24
ch: 111  138  135  132  125  133  121  124  137  130  121  118  124  140  123  131  125  119  126  126  127  120  130  119  115  126  124  118  131  131  138  138   49
ch: 112  132  134  125  147  123  132  129  123  132  122  125  123  122  118  132  121  130  119  104  124  122  121  123  119  116  131  139  108  133  132  117   24
ch: 113  137  135  136  125  122  125  123  132  123  116  120  123  126  122  123  120  123  119  129  127  118  124  125  120  125  126  131  125  126  134  126   48
ch: 114  131  132  123  121  120  125  120  124  109  111  123  124  123  119  123  115  120  123  119  117  108  110  117  120  131  133  109  107  123  120  125   27
ch: 115  135  127  130  134  132  126  125  131  139  134  118  123  121  125  123  122  121  114  130  118  117  115  132  110  132  123  119  118  136  120  124   40
ch: 116  133  128  127  121  130  123  124  125  127  121  130  121  132  116  122  122  122  120  116  122  118  107  132  119  119  132  137  124  130  132  135   25
ch: 117  126  138  134  126  132  125  124  116  119  135  132  123  117  119  129  125  138  130  121  123  118  125  119  118  120  122  132  119  138  126  135   46
ch: 118  136  124  131  120  124  122  126  116  124  120  117  121  130  107  117  123  122  123  125  120  120  115  117  112  122  126  124  108  121  122  119   28
ch: 119  130  148  124  134  125  131  135  120  131  126  121  122  121  110  107  119  129  123  107  117  117  118  120  117  124  132  123  132  137  123  124   41
ch: 120  133  124  132  134  137  124  126  134  121  139  133  121  123  119  133  113  126  122  125  126  119  121  124  127  123  115  133  118  122  122  130   29
ch: 121  136  133  125  108  125  135  132  129  130  109  130  121  134  115  122  126  122  118  120  125  122  116  122  120  126  134  121  117  128  127  135   30
ch: 122  119  129  131  120  121  120  126  126  126  123  122  122  127  124  126  122  122  110  120  120  118  121  119  124  130  136  124  132  133  117  135   22
ch: 123  132  124  120  119  119  131  125  131  130  124  132  133  130  118  135  126  118  124  132  125  126  123  132  125  122  134  124  123  116  124  132   20
ch: 124  131  124  118  128  131  124  116  136   -1  130  136  126  135  114  118  121  130  127  120  121  122  124  122  133  124  127  133  124  139  131  130   14
ch: 125  121  120  124  131  131  117  123  133  131  127  133  118  124  124  122  131  126  123  121  131  123  132  124  126  123  124  136  132  121  132  139   -1
ch: 126  136  127  131  123  132  125  137  123  125  121  123  123  133  133  125  121  134  119  123  114  123  124  127  114  132  121  120  123  132  125  121    3
ch: 127  140  136  153  133  147  132  147  141  139  139  138  139  135  137  141  138  135  146  152  134  134  133  137  142  147  154  149  155  147  134  155   -1
