# ID XA-000-08-002-000-007-121-10
# Tag _trim_
# Date 240716_12:51:26
# Vref_p 58
# Vref_n 24
# Thr2_glb 41
# Vref_t 118
# Vref_t_range 1
# Pol 0
# ADC range 30-247
# FAST disc 30
ch:   0  106  108  117  120  115  118  104  115  111  109  114  104  119  107  104  105  115  114  106  110  110  123  115  108  108  122  108  116  115  117  120    5
ch:   1  114  117  118  110  109  117  113  111  117  121  111  114  115  116  122  114  122  120  114  115  122  121  116  115  120  117  117  114  118  122  119   56
ch:   2  117  106  117  118  107  101  114  106  108  108  125  106  107  115  116  102  116  107  102  105   99  105  104  106  120  106  116  116  116  110  123   28
ch:   3  110  115  115  109  111  117  120  120  115  119  116  115  125  118  107  113  121  119  109  124  111  107  131  133  126  116  107  120  119  118  130   56
ch:   4  120  114  119  110  105  115  112  102  115  107  107  118  108  107  104   91  102  107  117  103  115  107  100  108  108  114  115  101  110  114  111   44
ch:   5  104  130  118  121  122  121  116  103  118  113  114  120  116  118  119  117  116  105  118  113  107  115  122  122  118  122  124  132  132  123  138   56
ch:   6  120  119  104  109  114  108  111  114  106  107  106  102  109  110  100   93  122  117  111  107  114  119  115  108  103  118  102  122  105  115  115   37
ch:   7  121  120  120  121  125  117  113  115  109  123  120  116  122  105  124  124  122  120  122  123  118  126  126  118  116  119  117  119  130  121  131   56
ch:   8  114  118  114  121  105  124  115  108  108  120  115  108  113  118  115  102  105   99  115  104  114  109  108  114  108  116  105  106  111  121  114   43
ch:   9  124  117  116  110  132  123  110  119  137  118  120  118  119  117  109  119  111  125  118  117  113  124  118  123  118  119  122  124  117  122  124   56
ch:  10  107  116  110  107  108  126  108  117  114  114  107  106  116  115  102  113  115  109  106  104  102  117  101  106  108  108  115  108  102  110  115   40
ch:  11  119  135  119  114  115  118  122  110  119  120  116  123  117  111  111  114  113  104  103  119  110  117  119  117  108   -1  117  117  121  121  115   56
ch:  12  117  112  123  108  114  124  108  103  100  118  115  100  109  117  115  111  121  115  118  105  113  110  113  106  116  101  117  116  109  108  123   36
ch:  13  120  115  115  119  111  115  120  115  115  122  111  123  118  108  115  109  105  116  126  117  115  116  123  119  122  123  131  125  123  124  124   56
ch:  14  124  114  109  117  116  120  107  116  119  109  119  117  108  109  119  108  115  109  104  118  110  116  118  108  124  116  110  107  117  120  111   46
ch:  15  122  122  123  117  119  119  121  118  115  124  114  111  119  115  115  112  108  115  119  119  116  112  121  117  120  119  123  115  135  122  123   47
ch:  16  110  111  122  116  116  123  115  115  115  107  116  107  118  125  114  116  108  115  117  119  116  109  110  114  115  111  110  107  114  113  123   44
ch:  17  115  115  116  115  116  115  104  117  124  111  123  125  120  109  123  126  116  116  114  126  124  124  122  119  126  130  126  133  133  121  126   56
ch:  18  109  114  116  117  116  111  108  120  114  119  121  106  119  114  109  115  105  120  106  106  116  118  115  109  121  120  114  117  107  108  124   42
ch:  19  121  119  119  107  120  117  125  114  102  138  122  106  127  122  125  119  117  122  123  121  115  123  140  129  117  122  121  110  135  121  125   56
ch:  20  117  121  123  122  106  120  114  114  114  106  107  116  106  123  115  101  106  108  104   92  103  116  110  117  115  115  115  119  115  114  119   37
ch:  21  121  122  112  129  125  118  120  109  123  115  116  122  116  117  123  118  110  115  113  120  122  123  114  118  131  121  125  125  122  119  120   56
ch:  22  119  119  121  123  115  115  110  107  108  110  112  105  121  108  114  106  116   99   98  109  100  101  117  106  117  104  117  109  108  120  110   38
ch:  23  121  120  118  108  122  123  108  126  120  114  117  116  116  122  109  120  119  120  114  119  119  121  125  130  121  120  131  123  127  135  131   53
ch:  24  120  111  108  108  108  110  114  114  104  117  107  103  105  105  115  114  115  122  109  105  113  102  117  103  111  109  119  108  115  114  106   43
ch:  25  110  119  114  121  122  123  118  120  117  118  124  118  115  123  121  118  117  124  124  119  120  133  119  124  117  120  125  125  114  130  125   56
ch:  26  107  123  105  115  121  114  102  107  108  107  100  105  108  111  108  104  112  110  116  111  114  117  119  110  117  114  119  123  119  117  118   56
ch:  27  124  105  118  118  115  109  119  116  110  116  117  108  114  115  114  122  118  127  117  115  124  120  111  119  105  117  108  114  119  115  123   47
ch:  28   99  123  115  104  114  110  108  107  111  123  117  110  119  114  102  118  114  115  106  107  110  109   99  101  116  119  109  118  114  115  116   41
ch:  29  107  118  118  110  114  117  122  123  123  122  116  107  116  117  121  123  119  120   -1  121  116  122  120  126  122  130  124  132  135  133  117   56
ch:  30  110  109  118  110  114  114  108  111  114  115  110  120  113  114  121  108  109  125  111  113  108  102  107  120  109  120  114  110  107  113  125   36
ch:  31  117  134  122  114  106  123  113  120  116  124  106  115  117  115  124  118  131  117  117  106  121  117  126  133  113  120  132  138  124  122  134   51
ch:  32  110  114  109  124  116  113  118  121  107  100   99  117  111  114  104  117  115  119  103   99  110  107  111  105  114  105  106  124  113  122  120   41
ch:  33  119  120  117  108  117  117  122  107  115  115  116  109  119  119  124  121  110  121  120  117  126  122  122  121  119  118  123  131  136  132  125   54
ch:  34  114  116  115  110  117  116  117  123  105  104  115  107  110  120  106  109  116  115  117  116   99  109  116  120  114  116  113  108  115  105  121   54
ch:  35  115  123  117  120  119  116  116  114  114  125  107  111  119  108  125  116  125  111  119  117  124  117  121  118  121  118  119  127  121  124  132   56
ch:  36  117  109  123  111  114  115  114  108  107  119  100  107  118  125  111  110  121  113  114  119  111  106  114  106  108  108  119  114  115  115  122   34
ch:  37  120  114  127  121  125  111  116  125  124  120  116  120  123  120  124  126  115  134  126  132  115  125  131  126  115  125  130  119  133  133  134   56
ch:  38  118  110  114  117  115  107  115  120  115  122  119  116  120  115  117  120  118  109  113  115  116  109  110  111  105  108  119  117  117  118  122   51
ch:  39  120  109  114  109  122  105  121  118  108  114  118  117  121  114  116  108  120  117  113  123  121  115  117  125  130  115  121  117  122  125  131   53
ch:  40  121  118  124  102  114  116  110  102  108  124  116  118  114  107  121  110  109  106  111  112  116  106  109  117  116  104  108  116  122  124  123   43
ch:  41  122  117  132  123  115  122  109  115  118  117  110  119  120  119  115  107  106  121  124  119  117  117  122  119  124  133  125  133  133  126  119   56
ch:  42  118  109  104  110  109  116  108  116  122  121   -1  119  119  114  133  107  105  106  117  106  120  107  115  106  121  124  120  119  108  122  130   37
ch:  43  125  122  119  118  124  110  115  120  119  115  118  107  117  119  111  137  117  125  109  121  120  121  120  125  120  123  131  123  135  130  133   51
ch:  44  116  110  122  110  116  118  122  112  117  119  122  107  119  116  111  115  116  111  115  115  116  117  117  120  110  115  116  120  117  124  133   46
ch:  45  117  123  118  116  131  115  117  119  120  131  117  118  125  115  125  120  130  118  119  125  121  113  118  131  121  121  122  125  119  132  131   43
ch:  46  116  124  114  118  110  117  131  108  117  112  110  109  116  109  108  115  114  105  109  124  118  119  109  110  108  114  110  119  107  104  119   38
ch:  47  119  113  117  114  110  116  118  109  124  122  119  123  123  119  114  110  116  124  120  116  114  124  126  126  125  131  122  123  133  124  122   56
ch:  48  115  124  113  118  107  120  106  120  126  116  116  114  110  105  116  107  108  111  110  113  109  108  117  116  107  118  117  114  121  125  123   49
ch:  49  117  123  111  117  122  115  118  124  116  110  115  125  122  116  108  107  118  113  111  120  119  121  123  109  120  121  120  122  122  120  126   44
ch:  50  116  103  109  117  113  115  122  120  108  107  102  115  116  108  114  118  108  114  118  102  114  119  105  110  125  117  124  115  122  121  114   47
ch:  51  104  120  121  120  124  104  121  119  118  119  120  115  120  116  120  118  119  125  131  116  111  117  130  114  122  120  134  116  124  125  133   56
ch:  52  121  120  112  109  118  117  123  106  117  120  105  107  104  108  120  114  123  115  129  105  116  123  100  122  115  134  121  122  125  124  119   32
ch:  53  117  120  115  121  107  123  117  124  109  108  107  109  122  114  124  111  121  109  131  121  125  121  123  114  127  127  111  117  130  119  134   42
ch:  54  118  119  117  123  119  105  116  121  124  106  114  110  115  121  108  116  108  120  106  104  110  111  114  115  110  118  116  117  121  117  119   50
ch:  55  121  106  107  119  114  119  114  121  117  118  109  122  120  106  122  125  111  134  117  120  118  107  107  125  122  124  126  122  121  139  134   52
ch:  56  102  109  109  101  117  122  118  121  112  121  105  116  120  105  115  114  113  123  121  101  115  117  118  131  114  120  105  122  120  115  117   34
ch:  57  117  116  109  110  120  117  116  108  119  108  122  116  121  121  124  120  105  114  123  116  106  119  132  119  119  119  124  132  119  122  116   56
ch:  58  123  117  114  109  124  108  109  117  107  118  108  119  108  106  115  131  110  115  126  110  116  122  116  110  114  123  114  118  118  120  120   38
ch:  59  109  105  113  127  116  107  124  125  109  115  122  116  103  115  117  125  118  122  103  118  132  132  116  125  125  121  133  124  121  132  121   53
ch:  60  120  120  107  119   -1  120  106  124  116  117  121  103  108  117  109  116  123  119  120  117  114  119  115  124  125  124  123  123  116  124  126   41
ch:  61  117  103  122  122  115  122  121  123  113  116  121  121  118  119  121  111  126  121  110  115  113  123  121  116  106  110  115  123  130  136  130   52
ch:  62  116  110  115  120  109  120  104  123  111  113  114  114  107  120  117  104  117  109  110  119  119  101  106  122  113  114  123  108  119  116  111   48
ch:  63  124  120  111  115  114  107  125  115  118  123  115  104  122  118  107  124  118  123  120  122  118  120  121  119  116  123  122  129  115  130  126   49
ch:  64  121  105  109  115  116  119  121  120  114  113  117  122  110  114  105  113  115  120  116  114  128  108  119  122  118  107  116  120  110  117  125   40
ch:  65  119  121  118  123  115   -1  122  110  106  123  113  121  110  108  121  126  121  117  138  113  119  130  130  117  119  124  118  119  135  135  126   55
ch:  66  105  116  116  117  119  104  108  106  116  117  123  105  121  102  109  120  117  117  106  115  107  120  121  120  111  117  125  118  124  123  133   30
ch:  67  109  115  126  130  120  120  123  121  111  120  110  120  114  119  110  114  117  115  118  109  134  134  116  131  122  122  121  130  133  135  132   52
ch:  68  124  109  117  116  118  106  118  120  117  121  114  118  120  120  109  113  115  116  115  116  111  109  116  110  119  104  114  116  120  123  124   43
ch:  69  117  122  108  111  120  133  117  116  122  118  121  120  116  119  119  118  124  119  124  131  122  127  120  120  122  124  120  136  123  125  132   45
ch:  70  117  125  116  115  103  108  101  106  103  108  110  109  106  105  108  118  120   99  113  104  117  119  116  119  111  108  113  116  131  119  117   54
ch:  71  119  107  116  116  114  121  115  103  126  120  124  120  117  122  117  120  116  127  108  115  124  118  117  130  120  137  125  119  132  125  119   55
ch:  72  107  118  118  116  119  111  121  107  104  114  123  120  109  118  124  111  123  107  119  102  107  125  110  119  114  124  123  126  119  126  122   49
ch:  73  105  120  119  110  116  120  115  124  124  120  121  107  121  105  108  117  121  125  116  122  119  120  122  119  124  125  127  131  132  122  126   56
ch:  74  119  110  109  115  118  104  115  122  110  116  108  121  110  125  114  116  117  123  111  109  123  118  110  118  116  114  119  123  109  124  121   49
ch:  75  118  131  123  124  119  121  116  108  116  102  123  122  111  120  115  120  118  114  119  115  109  120  119  131  118  134  120  120  125  117  138   56
ch:  76  115  122  114  115  131  115  107  115  115  117  111  104  122  110  107  116  108  111  108  115  100  116  118  116  108  116  119  106  127  114  125   55
ch:  77  116  117  124  120  122  124  133  116  123  111  122  122  103  121  123  110  116  117  105  127  119  134  128  111  135  131  131  138  132  133  129   56
ch:  78  116  115  110  119  106  118  114  120  115  107  119  108  104  118  110  118  114  116  104  100  106  113  116  121  114  121  113  109  118  115  119   40
ch:  79  124  131  109  111  123  108  120  119  115  122  125  125  110  122  120  107  118  110  123  120  116  124  125  134  118  127  122  120  134  133  131   56
ch:  80  121  118  116  104  108  114  121  111  129  105  104  114  116  122  117  114  122  109  104  114  118  117  111  108  116  114  115  120  119  120  116   41
ch:  81  108  136  120  119  117  118  124  135  118  134  115  121  125  116  120  132  118  118  135  122  121  121  109  119  124  125  134  118  121  125  134   56
ch:  82  117  122  111  106  107  132  108  117  111  121  114  107  105  109  106  115  108  108  117  121  109  114  115  109  111  117  115  122  124  134  123   56
ch:  83  115  124  117  120  124  108  122  119  121  112  115  121  117  121  130  111  124  130  116  132  118  126  126  118  119  126  116  122  121  126  136   56
ch:  84  112  119  123  117  117  115  124  116  108  110  121  117  116  121  107  104  114  116  117  125  115  116  120  115  109  114  104  120  122  108  122   39
ch:  85  124  106  115  120  119  115  121  122  126  120  123  123  114  114  115  116  130  115  132  135  125  125  114  132  119  123  131  115  139  126  132   56
ch:  86  119  118  118  118  116  118  109  106  106  120  106  117  123  104  124  119  109  106  116  119  104  114  117  121  118  125  117  120  109  118  119   50
ch:  87  122  122  117  124  110  119  116  118  120  127  115  123  121  118  127  130  117  123  120  129  135  127  123  118  123  117  133  123  123  134  132   56
ch:  88  105  123  117  108  116  123  118  107  122  116  121  124  122  122  116  118  109  116  117  114  110  104  121  114  123  119  115  118  109  109  108   46
ch:  89  115  117  116  120  114  126  122  116  113  121  118  116  118  116  118  132  124  119  126  119  117  114  120  116  132  119  136  131  119  123  130   56
ch:  90  117  109  117  104  104  111  108  109  111  110  102  117  108  104  122  111  122  109  104  104  107  101  117  110  125  121  118  114  118  116  121   56
ch:  91  125  111  121  120  122  117  109  119  118  108  109  119  119  118  123  108  124  120  122  123  131  124  137  123  131  125  125  118  131  139  135   56
ch:  92  123  116  123  116  120  110  117  116  116  119  118  120  121  105  120  116  106  115  111  110  106  118  115  122  118  111  115  131  123  114  124   41
ch:  93  125  109  117  117  110  134  120  126  120  108  127  119  121  119  121  116  122  125  111  124  115  121  122  130  123  133  131  125  130  137  135   56
ch:  94  102  119  117  123  118  102  109  116  110  108  121  120  114  110  118  117  118  109  117  104  115  119  108  114  123  111  100  117  117  107  122   48
ch:  95  118  115  121  124  114  115  122  122  121  119  126  116  123  106  122  116  137  123  124  122  125  133  116  119  118  122  137  127  123  133  136   56
ch:  96  121  124  118  117  108  115  115  109  115  113  104  119  117  117  109  106  114  107  108  104  101  106  119  118  123  115  117  108  110  116  123   47
ch:  97  118  120  113  125  123  116  120  122  119  121  120  120  123  120  122  109  132  115  122  121  119  122  125  123  118  131  121  132  134  123  128   56
ch:  98  116  122  105  115  110  115  118  118  116  114  115  110  117  109  116  105  116  115  120  110  108  113  118  106  104  107  119  121  117  121  126   49
ch:  99  108  126  119  121  117  108  124  121  119  108  122  124  117  108  121  111  117  122  109  115  122  123  125  122  118  119  131  133  126  124  134   55
ch: 100  116  118  116   99  107  132  120   -1  120  117  118  117  115  108  117  120  121  119  117  114  109  121  120  104  110  106  129  105  115  124  116   56
ch: 101  108  119  109  118  121  117  123  119  120  120  120  107  117  120  119  116  123  122  120  117  117  124  118  119  119  124  124  120  119  118  132   56
ch: 102  122  115  109  113  110  118  129  131  109  119  107  110  107  114  123  111  110  113  109  115  107  103  109  119  121  106  114  116  111  126  115   36
ch: 103  121  133  117  107  117  129  124  115  115  119  124  124  122  119  117  123  122  124  123  120  123  115  120  131  124  125  123  124  123  134  121   50
ch: 104  117  119  116  114  116  119  116  113  116  120  114  119  123  106  113  107  109  102  107  119  107  117  125  123  120  116  120  100  115  117  117   43
ch: 105  115  117  120  105  115  120  115  109  109  123  117  116  110  117  108  117  124  134  115  132  129  117  122  122  123  119  126  125  127  131  122   56
ch: 106  118  121  109  115  123  106  119  107  108  114  116  117  117  119  120  108  118  107  120  114  119  115  109  116  116  118  108  121  117  123  121   39
ch: 107  117  119  121  116  118  115  123  126  124  122  124  125  105  110  125  116  137  121  122  123  120  121  118  124  125  123  108  121  127  136  117   56
ch: 108  115  114  118  114  116  109  106  109  116  113  108  108  118  115  115  116  116  103  116  113  106   94  106  122  106  113  116  119  116  116  118   52
ch: 109  118  109  120  115  130  117  120  123  121  122  118  119  108  123  122  117  121  114  111  124  121  108  130  123  114  124  123  119  136  123  122   56
ch: 110  117  102  110  116  105  124  118  113  116  118  115  100  116  108  110  115  100  105  105  106  124  107  122  106  106  117  113  115  107  121  123   50
ch: 111  126  110  131  115  120  121  119  115  121  122  126  119  119  121  124  129  115  116  120  133  114  130  115  118  119  119  121  120  127  136  131   56
ch: 112  122  115  116  116  109  119  109  107  109  106  105  115  117  110  113  107  108  110  114  102  119  117  114   -1  126  134  114  110  118  115  120   46
ch: 113  121  118  113  110  108  110  115  115  106  118  118  109  119  118  110  116  116  125  118  119  115  120  125  121  132  113  133  120  124  133  121   56
ch: 114  114  116  118  123  115  111  119  102  100  108  105  104  106  111  113  122  118  116  115  113  116  110  108  100  118  103  102  106  115  110  109   48
ch: 115  117  113  114  120  121  119  119  110  110  120  108  115  121  121  117  120  114  131  119  115  125  110  125  125  130  123  131  114  130  121  118   56
ch: 116  107  106  115  124  118  119  121  117  107  111  117  110  125  118  110  111  105  115  122  108  108  116  112  102  108  112  111  118  116  122  109   46
ch: 117  116  125  120  110  130  108  119  117  116  121  121  122  114  119  125  118  117  119  120  121  121  116  124  115  129  125  111  118  132  130  130   56
ch: 118  110  121  115  115  118  117  124   98  106  115  117  110  116  110  118  116  116  115  110  111  105  108  101  106  101  119  114  108  124  116  121   43
ch: 119  112  117  124  122  122  108  123  124  121  122  114  116  120  123  118  120  121  123  121  120  124  125  119  124  126  125  119  117  122  121  121   56
ch: 120  104  116  114  116  117  116  116  107  115  114  108  116  108  116  102  118  104  106  119  105  116  115  118  120  117  116  108  116  114  115  121   43
ch: 121  122  124  119  132  114  115  117  116  110  121  111  114  115  118  119  117  120  107  120  119  108  114  118  116  126  132  117  126  122  123  134   56
ch: 122  111  123  121  117  121  116  113  116  109  120  108  109  110  114  120  108  117  116  104  103  118  108  117  120  123  107  118  114  116  123  118   37
ch: 123  123  114  130  115  107  123  124  119  117  116  117  117  118  121  116  113  117  106  118  118  125  124  120  125  119  114  122  121  131  133  139   50
ch: 124  123  115  107  114  113  115  116  111  115  126  109  113  116  110  117  116  110  114  115  109  121  122  120  109  124  120  108  124  118  124  123    8
ch: 125  131  112  115  119  119  131  120  115  121  118  125  116  118  120  128  123  124  124  118  114  130  116  121  122  125  122  127  114  133  123  136   56
ch: 126  117  104  108  108  117  105  102  133  117  118  118  119  107  111  113  109  118  117  112  105  116  122  119  122  111  113  115  126  119  132  121   25
ch: 127  107  117  118  114  118  121  118  115  107  118  119  106  120  122  130  117  114  111  115  119  127  122  107  118  123  123  126  115  127  114  124   44
