# ID XA-000-08-002-000-007-119-10
# Tag _trim_
# Date 240716_13:23:01
# Vref_p 55
# Vref_n 23
# Thr2_glb 34
# Vref_t 118
# Vref_t_range 1
# Pol 0
# ADC range 30-247
# FAST disc 30
ch:   0  124  132  128  134  140  122  132  125  122  125  117  125  125  115  124  116  115  122  119  121  123  115  121  116  106  118  115  118  132  109  116   -1
ch:   1  142  133  132  119  139  133  129  130  139  127  118  126  123  130  125  126  123  131  122  134  126  117  125  121  124  125  130  131  122  124  138   30
ch:   2  131  137  130  133  119  126  126  134  120  134  122  126  117  118  123  118  123  116  119  108  119  121  120  119  125  116  120  122  121  114  118   27
ch:   3  137  124  132  121  135  124  118  134  131  131  126  137  134  124  139  132  137  137  125  121  136  131  126  125  125  138  134  134  136  136  133   46
ch:   4  127  127  132  132  125  124  127  131  134  133  129  136  118  137  131  128  120  124  121  119  121  116  103  115  125  107  120  123  122  124  131   37
ch:   5  140  138  146  135  140  140  146  127  131  139  140  120  134  139  125  124  124  131  126  131  131  125  127  125  142  122  130  130  143  140  127   42
ch:   6  123  133  141  124  133  117  118  124  133  134  133  119  125  132  115  131  127  124  122  114  132  119  109  114  122  104  116  115  123  122  135   36
ch:   7  133  137  132  131  137  136  133  123  134  136  133  130  121  131  137  126  120  135  137  130  127  130  136  132  134  136  131  131  125  131  135   50
ch:   8  136  116  131  124  125  133  122  123  137  127  121  134  123  124  116  121  120  127  124  124  124  115  119  122  120  115  121  125  125  121  123   28
ch:   9  123  132  126  137  148  124  140  136  137  136  126  133  135  125  125  148  125  124  126  125  126  131  138  123  121  132  134  134  133  132  135   46
ch:  10  134  133  131  125  131  134  124  123  122  131  130  131  122  130  121  126  124  118  127  117  109  117  118  117  120  118  121  121  121  108  122   36
ch:  11  138  134  138  131  133  133  134  137  126  125  133  135  131  131  133  136  132  133  138  132  130  124  147  132  131  124  123  126  127  139  134   40
ch:  12  136  140  136  138  140  123  121  127  126  139  119  131  125  109  125  119  116  114  122  124  122  125  122  106  121  127  119  116  117  119  121   37
ch:  13  132  135  130  138  127  131  135  147  125  125  133  132  126  131  134  126  125  124  133  133  138  124  126  134  130  121  117  139  139  137  137   56
ch:  14  137  127  137  132  141  127  132  134  133  120  126  130  132  127  123  138  120  116  121  122  117  110  122  123  122  119  122  119  126  126  117   22
ch:  15  135  131  137  119  126  138  132  138  136  132  130  137  138  126  137  137  136  142  126  125  136  131  121  134  125  121  132  135  135  134  142   54
ch:  16  130  132  134  133  132  132  120  134  146  133  123  130  132  119  123  138  127  122  114  122  126  118  125  126  124  121  122  126  115  131  121   31
ch:  17  133  134  139  131  130  135  123  126  132  133  121  135  134  133  135  125  122  135  123  132  131  134  133  138  127  124  140  124  124  139  150   48
ch:  18  147  131  124  139  137  122  128  134  122  126  133  123  116  122  131  125  122  129  119  125  106  119  119  132  108  123  119  121  117  134  131   48
ch:  19  127  133  135  123  126  139  135  139  143  140  135  137  131  130  132  124  134  122  125  126  132  134  131  136  124  126  130  134  131  136  141   46
ch:  20  146  123  148  126  141  137  135  120  118  135  123  122  132  121  122  130  135  127  117  127  122  121  120  120  120  120  119  122  119  125  124   26
ch:  21  141  132  134  134  139  138  133  137  135  138  135  122  133  137  133  148  137  133  126  126  129  134  126  121  126  119  121  137  131  135  133   46
ch:  22  132  146  134  134  135  131  132  132  114  126  125  130  131  134  123  127  132  123  120  134  131  115  131  122  115  125  132  117  124  125  124   40
ch:  23  133  126  134  134  125  131  136  123  132  134  134  140  126  139  134  124  124  130  119  125  126  138  147  134  132  139  129  130  135  134  138   44
ch:  24  131  136  122  135  127  137  127  120  132  124  131  125  126  125  124  136  123  124  115  125  134  116  115  111  122  137  119  136  129  124  127   33
ch:  25  123  121  123  137  134  132  132  132  131  134  135  124  131  130  139  133  140  136  134  131  136  122  127  131  136  134  126  120  132  134  138   41
ch:  26  140  131  117  138  125  133  125  132  133  134  129  133  131  119  139  125  133  124  119  119  124  123  131  124  119  120  120  126  130  124  134   42
ch:  27  131  138  137  124  141  135  129  141  135  135  135  132  135  135  126  127  130  130  134  126  133  145  141  138  132  125  113  129  136  135  132   44
ch:  28  134  131  146  130  135  127  122  134  126  124  124  124  125  130  124  132  133  130  116  130  126  118  121  124  124  122  131  115  125  125  123   36
ch:  29  131  142  125  133  140  133  136  124  136  131  148  136  137  131  135  133  122  125  133  137  139  135  124  126  133  125  133  124  137  123  135   53
ch:  30  135  126  131  119  132  125  136  123  135  126  130  124  122  132  127  123  126  119  131  117  129  118  119  129  122  116  120  118  119  121  121   35
ch:  31  133  137  134  138  133  134  132  139  137  126  132  133  137  147  131  141  139  123  131  135  125  134  126  134  133  141  142  137  142  134  141   44
ch:  32  135  142  130  133  134  124  122  126  123  138  124  124  124  125  127  122  125  121  133  116  131  124  118  125  135  132  122  121  122  120  123   30
ch:  33  133  134  147  134  134  117  135  140  121  126  138  127  125  139  131  121  140  131  129  116  124  139  138  125  111  137  140  137  130  135  135   48
ch:  34  132  123  140  134  129  127  133  125  133  128  124  131  127  139  115  135  121  125  129  116  131  130  121  130  117  118  117  130  116  118  125   39
ch:  35  134  137  126  140  140  140  127  134  133  146  131  135  133  122  136  136  125  132  136  123  140  137  132  134  137  136  136  123  137  131  141   36
ch:  36  141  138  140  123  126  124  127  125  140  124  121  143  124  137  126  118  137  117  120  116  121  118  132  137  125  121  127  118  131  123  122   33
ch:  37  139  146  132  145  136  130  139  133  131  140  132  141  140  133  139  132  133  133  140  137  126  120  125  130  134  127  140  141  141  134  134   42
ch:  38  137  130  125  126  135  135  129  121  123  132  131  141  118  127  133  122  125  135  121  119  120  129  120  119  126  124  135  123  124  122  118   38
ch:  39  152  132  138  123  130  137  133  137  139  135  134  137  126  130  136  137  136  142  134  119  135  130  129  139  133  142  132  126  139  135  136   46
ch:  40  139  139  127  136  131  125  126  123  119  135  136  127  125  110  118  121  119  121  121  122  126  121  121  120  121  116  116  111  123  127  125   40
ch:  41  136  134  132  126  132  133  129  136  151  122  131  137  139  122  135  125  142  134  147  130  134  131  133  139  132  132  123  132  129  138  133   44
ch:  42  125  125  123  134  135  132  126  123  136  130  125  138  124  130  109  124  123  126  134  121  132  121  130  123  122  125  123  125  120  135  118   46
ch:  43  133  136  132  139  137  136  136  134  136  123  136  136  139  125  138  136  129  139  134  139  139  138  136  138  125  137  133  137  130  141  139   44
ch:  44  130  132  136  135  131  133  138  124  131  125  134  131  123  120  134  129  124  122  131  122  115  118  124  123  122  124  120  126  120  138  132   29
ch:  45  146  137  130  140  149  134  133  135  138  135  136  135  124  133  127  131  137  132  140  132  132  142  133  132  124  133  123  149  133  135  137   56
ch:  46  122  125  126  126  137  130  132  137  124  136  133  132  135  132  119  127  117  123  124  117  124  118  122  115  129  111  118  117  121  120  124   40
ch:  47  132  148  131  126  133  132  134  138  140  125  134  130  130  143  131  138  134  132  119  135  139  132  146  136  133  133  138  137  141  136  135   56
ch:  48  131  133  125  134  131  140  131  122  135  129  123  122  125  136  120  122  123  122  127  106  110  134  110  120  136  120  127  126  127  126  122   40
ch:  49  139  124  132  130  138  130  132  132  140  133  142  130  130  127  122  132  124  134  135  140  138  131  131  127  124  141  125  135  134  134  131   56
ch:  50  137  121  124  126  135  137  130  132  120  132  126  126  135  124  131  138  120  130  127  125  121  125  135  123  124  123  120  127  125  120  125   40
ch:  51  139  135  135  135  137  134  140  138  136  136  137  132  141  138  137  131  134  135  140  135  135  140  133  147  131  133  134  139  132  133  141   46
ch:  52  135  139  135  133  136  128  125  126  134  124  124  130  135  132  126  132  132  134  130  125  133  130  120  131  124  130  122  118  125  131  131   43
ch:  53  135  137  139  144  126  141  135  124  133  138  133  132  142  140  137  136  135  134  127  127  135  136  136  141  131  137  137  134  129  126  138   56
ch:  54  138  136  141  136  139  130  125  123  137  131  123  119  132  132  130  119  126  130  126  121  133  118  134  127  133  124  117  126  125  127  120   41
ch:  55  152  131  153  138  140  141  126  136  124  132  133  137  126  141  139  132  133  133  136  135  130  138  141  134  125  133  136  130  141  142  148   56
ch:  56  132  135  124  135  133  131  133  126  129  134  131  135  137  125  130  124  133  124  126  124  125  120  122  130  118  115  120  127  121  104  126   50
ch:  57  124  140  139  141  135  127  125  136  148  125  134  138  133  131  136  131  132  133  131  131  119  121  124  132  134  136  135  109  124  131  134   56
ch:  58  129  132  133  134  127  125  133  133  132  123  134  132  134  130  127  122  122  127  118  122  123  122  120  125  123  135  121  115  123  121  124   39
ch:  59  152  124  138  130  135  137  138  123  124  151  143  136  134  139  138  122  132  137  132  133  138  131  152  126  138  122  135  134  138  138  155   56
ch:  60  138  134  133  136  131  124  149  132  131  126  136  132  125  125  132  131  126  131  125  133  120  121  125  118  119  124  124  124  125  119  119   43
ch:  61  122  136  130  138  140  137  135  134  131  137  141  136  137  132  136  125  139  131  140  135  139  138  139  133  146  131  142  131  137  133  135   55
ch:  62  133  135  131  132  133  125  132  134  132  123  124  122  122  136  125  134  132  124  132  131  125  125  123  121  133  122  126  124  121  124  126   36
ch:  63  136  131  135  134  139  126  139  132  124  140  138  134  138  140  146  126  137  132  134  134  140  136  139  132  148  139  127  136  149  133  133   56
ch:  64  124  137  125  131  145  135  132  131  126  125  124  140  121  120  116  119  134  122  121  121  121  119  122  119  126  117  122  122  118  118  126   41
ch:  65  132  135  136  137  135  131  136  135  124  123  137  136  125  137  134  126  135  140  138  140  131  139  134  134  142  135  132  142  139  136  140   47
ch:  66  138  123  121  138  138  131  135  133  135  135  138  132  126  127  117  132  125  138  122  121  126  122  125  123  119  127  123  117  120  125  107   40
ch:  67  134  141  137  138  141  138  134  138  153  134  140  129  134  136  141  132  133  137  134  147  126  142  137  130  127  128  145  145  138  135  147   56
ch:  68  131  126  131  123  124  132  139  134  131  122  140  133  132  130  122  130  135  125  127  131  121  117  131  120  119  117  124  127  125  120  127   43
ch:  69  139  135  138  123  148  134  134  125  131  125  135  132  126  133  129  138  131  127  133  133  125  124  135  136  142  131  137  143  132  131  134   56
ch:  70  137  133  133  142  127  139  134  131  126  133  126  135  134  131  122  124  129  122  131  137  127  124  131  127  123  122  118  131  134  124  125   52
ch:  71  135  139  147  136  135  138  137  135  138  139  135  134  133  139  140  124  133  132  133  136  139  133  127  131  123  133  135  133  136  140  132   50
ch:  72  136  131  137  136  139  133  134  131  124  130  126  130  120  126  128  137  124  127  143  120  118  130  124  123  121  120  123  130  136  125  125   44
ch:  73  134  136  137  139  126  134  122  138  137  135  125  140  137  124  139  131  129  139  134  141  129  134  134  139  133  138  129  141  142  133  139   56
ch:  74  139  135  139  130  134  135  134  153  137  121  126  137  133  131  126  122  121  130  126  125  130  120  127  125  125  131  124  132  124  111  124   34
ch:  75  127  125  133  133  140  136  150  137  136  147  136  139  125  136  118  130  135  134  130  132  130  138  145  141  141  134  137  142  135  140  152   56
ch:  76  133  123  137  130  137  138  123  120  135  127  127  124  133  136  133  132  133  122  127  125  131  125  127  126  133  120  120   -1  130  132  130   41
ch:  77  123  150  124  121  136  135  138  138  135  132  138  129  133  135  132  146  135  132  134  132  125  148  140  137  132  137  127  130  138  139  138   52
ch:  78  139  125  134  126  123  135  137  148  125  141  131  121  136  132  122  136  120  131  125  135  124  132  133  125  126  116  123  126  124  122  126   47
ch:  79  139  145  135  122  136  133  145  125  131  143  136  138  142  135  141  126  139  139  132  130  151  126  136  149  147  133  149  137  137  142  136   45
ch:  80  132  132  138  137  134  135  137  134  126  136  135  133  136  127  124  130  131  122  123  121  136  122  121  116  131  118  118  120  120  125  123   47
ch:  81  147  138  146  140  138  145  127  139  138  133  135  136  137  135  136  125  137  140  135  149  139  127  134  136  142  147  130  127  139  152  136   50
ch:  82  140  132  139  148  135  130  140  135  130  124  133  124  131  130  133  138  121  133  123  127  126  125  125  121  119  130  120  138  123  119  134   51
ch:  83  150  140  140  139  147  148  141  140  139  137  134  130  132  138  138  127  151  125  139  136  135  123  131  148  125  132  129  139  134  135  132   54
ch:  84  134  143  130  136  121  135  121  120  130  124  147  129  126  120  136  129  124  133  130  127  124  130  116  121  126  110  125  125  126  125  133   52
ch:  85  136  133  136  136  124  137  137  135  148  142  123  133  130  137  133  141  124  132  137  134  136  119  132  139  137  138  132  126  134  137  126   52
ch:  86  136  139  124  136  124  132  138  127  136  137  132  130  124  124  132  124  123  130  122  123  119  119  125  135  121  124  110  121  122  122  130   40
ch:  87  126  126  145  133  139  134   -1  138  126  132  135  124  123  143  134  119  133  138  130  140  136  139  135  137  134  135  138  134  135  135  145   45
ch:  88  148  123  134  134  130  132  135  138  124  138  123  131  134  133  121  135  121  132  123  122  127  120  132  129  122  133  119  123  126  131  122   45
ch:  89  141  134  148  139  147  153  149  138  138  126  149  135  124  142  134  133  122  141  132  132  135  131  129  133  133  124  130  134  137  131  148   52
ch:  90  140  135  132  121  137  135  135  123  120  123  123  125  112  122  134  121  124  121  131  125  124  122  131  125  126  127  121  127  115  133  121   38
ch:  91  135  139  139  139  149  147  139  150  139  132  133  132  145  136  139  146  135  151  145  128  126  133  137  137  127  135  139  138  136  149  149   48
ch:  92  142  134  137  135  135  126  131  120  139  122  137  124  124  124  123  124  138  125  123  124  133  110  124  115  118  118  126  124  122  133  134   40
ch:  93  123  147  149  139  131  142  151  141  132  134  134  136  139  132  130  147  139  125  137  147  139  139  129  141  126  141  132  138  140  136  140   43
ch:  94  141  129  134  134  131  135  137  133  124  136  130  123  127  123  119  123  120  119  116  122  130  117  125  118  122  124  117  124  132  122  120   44
ch:  95  133  139  137  132  139  134  147  126  137  134  138  134  136  137  138  127  131  131  138  134  132  139  138  139  148  133  138  140  126  150  134   48
ch:  96  130  125  137  123  139  125  151  117  136  133  124  124  123  126  136  118  138  132  121  124  126  124  132  126  135  123  127  131  122  135  115   43
ch:  97  140  132  135  140  142  138  136  132  133  132  137  136  130  135  149  141  145  136  127  137  125  131  140  136  138  135  135  141  135  133  148   52
ch:  98  132  132  122  131  140  125  137  133  141  139  132  136  137  133  124  116  125  122  119  125  120  121  130  123  113  107  118  123  121  118  119   30
ch:  99  138  138  136  133  138  134  138  133  149  136  138  137  134  138  131  142  134  125  130  136  137  126  136  131  144  139  149  146  141  142  120   42
ch: 100  132  133  132  140  123  133  124  135  133  132  137  135  135  129  125  126  126  130  123  123  134  135  114  117  118  124  114  121  134  125  118   38
ch: 101  125  149  135  145  134  137  134  141  142  136  134  148  136  136  136  137  149  138  131  135  139  134  137  136  137  138  141  127  139  141  140   48
ch: 102  140  131  134  132  135  131  149  123  131  137  130  129  119  126  135  136  130  125  120  124  131  122  119  124  118  115  115  119  125  126  132   41
ch: 103  141  135  134  140  124  147  149  135  146  124  135  133  133  131  145  137  139  137  132  134  133  137  140  126  134  139  134  151  150  141  137   48
ch: 104  146  135  137  131  125  133  140  136  138  127  124  135  124  126  136  124  133  131  147  131  121  124  134  131  122  123  124  126  123  123  135   37
ch: 105  132  131  136  125  134  135  123  134  140  141  126  142  134  148  131  136  139  132  137  133  126  137  138  132  130  147  132  135  142  142  138   46
ch: 106  133  137  124  126  126  134  134  135  132  131  127  130  131  133  130  124  124  135  123  124  122  126  116  131  130  139  122  130  119  122  125   44
ch: 107  137  134  131  150  137  131  133  135  134  138  127  132  137  129  138  133  131  141  134  136  140  138  137  140  146  139  137  138  137  151  134   52
ch: 108  136  134  137  141  121  136  136  122  124  138  119  132  130  121  136  131  122  116  124  123  122  124  126  121  126  129  134  108  121  125  119   45
ch: 109  137  140  132  139  147  134  135  134  139  147  137  153  123  140  136  141  121  127  132  135  130  136  135  141  131  130  126  125  136  142  141   46
ch: 110  142  124  135  132  143  122  139  124  134  118  137  131  130  136  123  122  121  129  134  114  125  118  121  122  123  131  132  123  120  120  125   37
ch: 111  138  133  133  133  138  135  141  132  141  135  133  140  136  133  124  132  136  125  135  132  127  133  136  136  135  125  138  132  133  131  135   54
ch: 112  131  141  138  134  124  137  140  136  132  136  131  130  131  122  124  122  132  125  132  118  125  120  122  124  122  123  119  126  117  123  133   37
ch: 113  139  150  133  123  145  139  131  127  135  130  138  140  139  125  126  140  137  124  123  135  136  122  137  137  142  130  129  136  133  148  140   47
ch: 114  133  139  122  128  121  132  129  124  134  134  135  133  136  118  120  120  125  118  118  110  124  122  119  122  122  126  117  131  136  125  130   44
ch: 115  140  147  141  132  135  125  140  146  131  130  138  140  126  125  121  129  126  135  136  126  135  123  136  133  130  127  131  123  137  119  142   42
ch: 116  136  137  132  126  131  137  124  143  137  135  130  123  134  133  126  130  122  130  124  126  132  133  124  123  125  120  121  125  123  122  122   33
ch: 117  134  140  124  136  149  136  134  136  132  125  132  138  135  138  149  136  136  133  130  133  120  133  141  134  136  133  130  131  137  132  136   56
ch: 118  136  126  140  125  151  134  140  132  137  127  131  124  137  136  137  133  125  125  125  142  125  117  114  131  124  122  124  121  125  133  136   40
ch: 119  132  135  122  135  130  142  135  137  120  140  153  137  151  130  132  132  140  136  123  126  136  121  134  134  134  127  127  132  151  133  137   52
ch: 120  133  125  132  130  124  137  125  123  133  139  122  138  132  127  116  130  123  124  125  124  108  120  124  119  120  127  123  132  125  116  126   48
ch: 121  134  149  136  136  153  135  136  136  133  125  138  138  126  127  136  133  123  135  132  137  137  130  124  126  130  137  137  139  129  126  139   56
ch: 122  131  138  130  148  141  132  121  136  129  130  133  124  120  137  133  123  134  132  133  130  111  120  118  123  122  131  118  125  124  130  131   37
ch: 123  148  141  136  138  140  137  125  142  134  137  131  125  140  147  126  132  134  130  134  124  125  130  134  135  138  117  139  132  146  115  147   52
ch: 124  137  134  127  136  132  131  136  134  118  131  127  125  131  136  130  126  124  125  116  119  123  125  120  115  130  126  123  115  121  123  126    7
ch: 125  140  139  136  124  136  135  132  136  139  127  152  137  145  134  136  146  138  124  139  135  137  134  130  140  131  138  135  139  134  135  140   45
ch: 126  132  139  132  118  124  131  121  123  126  131  132  127  122  124  123  129  117  124  118  132  126  122  115  122  123  120  121  119  115  131  134    7
ch: 127  134  132  140  130  124  137  134  132  126  132  133  133  131  132  139  132  126  132  131  136  126  131  133  133  130  135  140  132  129  138  131   28
