# ID XA-000-08-002-000-005-203-10
# Tag _trim_
# Date 240506_19:40:47
# Vref_p 57
# Vref_n 22
# Thr2_glb 10
# Vref_t 118
# Vref_t_range 1
# Pol 1
# ADC range 30-247
# FAST disc 30
ch:   0  118  115  124  117  122  108  115  110  125  115  122  117  124  121  116  103  118  116  121  115  122  104  115  116  101  109  111  123  117  124  119   -1
ch:   1  119  117  118  130  106  121  110  107   99  112  119  121  122  117  110  105  106  113  114  106  108  108  110   95  103  119  103  109  124  120  126   12
ch:   2  120  119  119  117  118  121  118  105  119  110  119  108  120  120  115  115  118  115   -1  104  107  115  117  121  108  119  117  105  112  115  119    5
ch:   3  117  108  121  121  119  118  110  120  108  108  118  109  103  116  104  106  102  117  104  116  107  115  117  109  115  109  118  115  106  113  127   13
ch:   4  117  121  119  107  118  115  120  116  115  116  122  109  112  108  121  116  117  111  108  111  104  108  105  119  105  124  115  116  115  120  123   -1
ch:   5  116  123  118  110  118  107  110  104  111  120  120  113  107  116  114  107  103  103  113  103  107  114  119  110  110  121  110  129  123  118  117   54
ch:   6  120  111  113  121  118  111  121  124  110  112  110  104  115  113  126  111  117  123  115  118  116  120  106  108  111  116  109  118  123  110  118   -1
ch:   7  117  120  114  105  119  110  104  117  107  116  115  116  120  115  104  105  108  102  109  116  106   94  109  104  107  114  124  110  113  110  122   53
ch:   8  120  126  118  121  118  118  116  120  124  115  114  104  108  109  118  120  113  108  115  114  115  102  114  103  115  113  107  108  108  111  115   49
ch:   9  116  115  117  117  117  114  119  130  121  103  119  109  114  120  110  110  108  105  107  107  119  109  118  114  104  124  120  119  115  116  118   28
ch:  10  119  116  111  118  121  118  119  122  114  117  123  103  119  114  116  119  104  106  101  115  107  108   98  116  117  104  117  105  108  115  120   22
ch:  11  118  116  122  117  125  126  121  106  118  119  122  117  119  108  108  103  121  119  107  118  116  107  117  106  117  109  108  119  120  113  115    2
ch:  12  117  132  117  116  116  120  115  117  108  123  116  119  119  114  104  116  119  117  121  120  116  116  106  115  102  114  110  125  118  116  115   14
ch:  13  122  118  125  108  121  106  122  119  121  117  113  114  123  117  109  117  116  109  116  120  113  109  103  109  111  108  109  121  122  126  122   12
ch:  14  127  118  119  125  115  109  118  110  116  117  110  107  103  109  118  110  108  117  127  115  118  116  108  127  103  110  105  110  111  113  116   -1
ch:  15  116  119  107  115  111  115  119  114  110  119  111  121  119  114  104  105  114  119  113  118  106  111  106  102  115  120  118  115  117  115  110   -1
ch:  16  132  117  116  123  108  120  120  117  117  107  104  117  108  116  113  104  110  118  117  108  104  121  113  110  111  109  123  122  108  115  115   -1
ch:  17  120  120  123  123  120  117  115  115  113  122  108  117  119  106  121  109  109  115  117  102  107  113  118  110  117  113  120  115  120  114  105   29
ch:  18  117  125  118  123  124  110  123  133  116  116  114  120  107  113  106  121  108  116  112  114  115  111  116  106  107  108  116  120  110  122  117   -1
ch:  19  121  119  123  123  121  134  117  116  107  123  108  117  119  105  110  107  118  111  116  106  108  115  118  107  117  108  124  120  110  122  119   -1
ch:  20  117  118  121  121  119  122  119  133  125  119  115  105  117   99  123  110  107  115  116  106  120  108  117  114  111  115  116  117  108  125  134   54
ch:  21  122  117  123  116  121  119  110  118  116  124  122  107  110  110  110  122  120  110  125  116  129  111  124  110  126  122  118  119  110  126  126   51
ch:  22  120  119  130  107  104  118  121  121  115  116  116  125  114  120  119  108  117  116  116  119  111  107  106  116  104  117  116  107  116  119  119   -1
ch:  23  120  119  116  121  117  118  125  121  121  111  117  111  115  124  118  116  108  107  109  107   98  114  108  111  120  119  114  121  132  114  119   -1
ch:  24  122  111  120  120  108  115  116  117  114  122  117  118  122  114  109  109  116  119  115  117  119  105  108  117  109  117  114  116  119  117  116   12
ch:  25  125  122  124  121  119  111  123  110  117  116  110  108  122  115  113  117  114  117  119  115  116  108  116  106  115  115  122  116  110  121  115   47
ch:  26  124  122  122  127  120  119  122  115  108  121  110  115  106  116  115  115  108  116  116  108  114  111  117  126  116  125  116  114  114  122  122   -1
ch:  27  124  122  109  108  115  120  119  116  116  114  100  123  123  121  108  116  118  108  114  116  110  126  124  101  120  115  120  122  115  122  117   38
ch:  28  122  117  117  116  118  123  117  122  122  117  108  114   -1  121  106  124  114  109  119  119  114  118  118  117  124  115  110  131  123  125  116   -1
ch:  29  127  109  116  119  118  130  109  106  115  107  108  116  122  116  117  115  115  119  108  103  118  103  105  118  116  115  118  110  119  109  125   -1
ch:  30  123  134  124  120  109  119  117  126  115  115  111  118  114  109  117  119  106  118  114  116  108  105  126  121  108  118  119  109  121  110  117    1
ch:  31  132  116  125  116  121  116  114  110  115  119  117  119  125  121  110  121  113  118  116  115  116  119  104  118  108  122  123  111  122  122  126   13
ch:  32  123  132  119  124  115  116  120  115  120  118  125  123  116  115  115  117  117  121  114  113  123  108  123  109  115  115  126  118  120  121  134   -1
ch:  33  123  109  108  119  124  116  108  122  121  109  108  108  109  122  117  110  120  124  111  124  111  116  119  118  110  117  109  110  124  119  120   -1
ch:  34  120  121  132  122  130  119  121  118  110  115  118  120  116  118  120  116  115  109  117  119  108  117  116  115  109  115  110  117  118  125  124   -1
ch:  35  114  108  117  123  115  109  119  125  115  125  118  109  122   98  114  121  108  107  117  115  116  125  110  132  120  118  122  122  123  125  135   19
ch:  36  132  122  120  124  119  120  120  115  121  122  110  119  119  103  116  110  118  107  115  119  116  119  109  115  108  119  118  117  123  119  124   39
ch:  37  122  123  122  113  119  115  124  119  126  114  110  119  105  120  121  123  109  108  115  119  116  109  133  109  119  120  124  120  123  115  118   -1
ch:  38  115  121  124  134  130  116  115  121  113  116  119  105  118  118  124  126  119  116  105  108  114  119  109  115  125  118  108  124  116  133  124   -1
ch:  39  121  121  123  120  131  124  123  124  117  120  118  124  121  120  130  120  116  110  114  110  117  120  110  107  118  119  121  122  122  122  120   40
ch:  40  125  122  125  122  116  117  118  121  118  114  118  119  119  119  122  121  121  111  107  109  119  116  107  122  124  115  106  125  120  117  116   55
ch:  41  125  122  122  116  124  123  113  114  120  116  107  118  115  114  116  120  114  120  117  115  111  110  119  111  124  116  118  117  119  121  117   12
ch:  42  119  133  121  115   -1  117  115  116  123  122  119  125  119  108  118  120  118  112  115  118  125  115  117  117  108  117  107  116  110  117  121   -1
ch:  43  109  108  124  118  110  114  124  126  126  119  117  115  115  121  115  120  102  117  119  116  122  131  117  115  123  117  120  119  122  122  121   -1
ch:  44  120  119  125  114  122  126  133  118  132  120  109  108  115  122  111  117  110  122  116  110  112  119  117  117  126  111  119  121  123  115  116   49
ch:  45  124  116  119  109  114  120  120  124  118  115  122  126  127  112  117  119  109  124  115  116  106  121  109  118  120  118  110  125  115  130  121   29
ch:  46  119  121  125  122  133  133  109  117  121  120  116  120  119  119  107  107  121  110  109  116  116  120  110  119  118  113  125  118  117  117  131   -1
ch:  47  121  122  120  122  118  125  113  108  119  127  124  119  125  119  110  124  119  123  119  113  124  121  121  116  132  117  120  131  126  123  132   -1
ch:  48  133  123  118  116  111  124  124  131  116  119  129  118  132  121  121  121  119  121  107  106  118  119  123  118  115  120  126  126  118  119  131   -1
ch:  49  120  114  125  119  135  136  119  125  119  123  122  117  119  110  117  124  118  105  105  109  119  115  115  109  123  121  117  131  132  124  121   -1
ch:  50  209  209  193  209  188  203  204  209  209  209  209  209  209  209  209  209  209  209  209  209  209  209  209  209  209  209  209  209  209  209  209   48
ch:  51  115  122  122  126  119  107  130  129  109  110  125  124  118  110  115  119  115  123  118  118  116  109  120  126  117  126  106  124  118  131  134   -1
ch:  52  124  131  121  114  123  120  130  117  119  132  119  120  132  134  122  116  113  120  118  116  117  126  119  118  116  122  123  118  125  127  121   34
ch:  53  127  118  122  131  131  107  108  113  121  125  119  110  110  117  109  110  105  115  117  119  106  119  115  120  115  121  130  118  114  123  125   -1
ch:  54  121  120  123  117  114  119  126  105  123  134  116  134  118  114  121  118  125  107  120  117  110  102  118  103  115  124  109  120  123  121  119   -1
ch:  55  122  116  119  134  120  126  118  119  110  113  119  116  121  121  124  115  119  111  123  108  120  118  114  123  122  115  117  116  120  132  129   -1
ch:  56  122  124  131  126  123  122  116  121  123  110  132  133  118  124  115  128  120  111  120  110  130  108  119  131  124  121  119  125  124  130  119   28
ch:  57  111  131  123  120  119  117  123  122  116  110  120  106  114  114  111  111  119  111  120  116  115  115  118  123  118  114  117  109  116  130  126   55
ch:  58  120  125  120  121  125  120  119  108  120  107  119  130  123  124  116  108  122  120   98  112  121  103  126  119  123  122  118  120  121  120  122   -1
ch:  59  122  126  123  122  121  124  121  116  111  123  113  118  115  109  116  113  117  125  109  109  107  118  124  117  107  120  119  117  117  129  137    7
ch:  60  111  124  134  124  121  121  117  129  111  124  116  121  122  121  114  124  122  118  120  117  111  116  113  113  108  107  112  122  126  118  133   -1
ch:  61  116  124  107  119  124  115  124  118  119  117  110  121  116  123  118  118  114  103  121  107  106  106  122  123  114  116  122  123  119  126  122   -1
ch:  62  121  134  115  121  115  125  122  118  108  120  120  117  120  115  132  121  124  125  113  117  116  117  116  123  117  121  120  121  116  125  124    6
ch:  63  124  122  122  118  125  117  122  118  115  118  126  116  117  110  122  108  119  117  122  125  118  122  119  120  126  115  120  122  117  122  117   -1
ch:  64  123  122  122  126  122  115  115  132  120  123  125  120  111  109  108  119  114  115  121  118  118  125  115  115  118  114  132  125  123  121  126   31
ch:  65  125  123  134  122  121  115  115  119  121  120  116  117  107  117  117  106  115  119  116  122  122  117  111  114  122  118  121  121  124  136  120   -1
ch:  66  124  119  117  123  120  126  118  123  126  117  122  114  123  119  126  119  124  116  119  115  112  125  123  120  100  117  126  121  133  131  121   -1
ch:  67  137  123  123  121  134  120  115  121  116  117  117  107  123  117  107  116  106  115  121  120  105  108  113  119  125  124  122  136  113  122  121   -1
ch:  68  125  126  142  119  136  122  119  121  108  134  116  122  120  123  126  117  121  118  117  117  120  118  122  116  116  123  116  120  120  116  125   -1
ch:  69  132  123  125  107  118  110  124  116  115  116  108  113  118  109  118  118  115  115  115  111  118  115  113  110  109  123  119  121  110  108  121   -1
ch:  70  132  110  121  117  123  119  117  126  119  122  118  117  115  117  107  112  111  121  122  116  107  123  112  117  120  110  111  120  126  133  121   19
ch:  71  131  127  131  117  120  114  118  119  111  118  119  120  119  118  122  105  110  106  116  107  115  132  119  107  108  117  117  116  118  122  118   -1
ch:  72  125  117  125  115  120  113  126  112  108  121  125  116  124  116  123  121  110  117  110  118  114  114  126  115  120  106  115  115  123  122  117   23
ch:  73  137  122  123  122  124  120  118  123  119  104  121  119  121  122  116  122  118  111  115  129  107  117  109  107  132  118  115  119  125  121  129    3
ch:  74  125  112  129  122  121  121  111  115  125  118  109  124  111  115  116  114  114  107  114  116  123  111  108  115  115  116  121  109  119  132  117   50
ch:  75  131  119  118  119  126  124  119  117  121  123  119  123  123  109  105  114  126  116  118  122  125  119  126  116  124  118  117  123  124  119  122   -1
ch:  76  118  132  125  115  120  112  130  122  118  111  117  130  115  117  123  127  116  119  118  116  125  114  116  119  123  114  119  117  123  110  123   -1
ch:  77  123  123  132  136  120  121  120  106  121  113  121  123  120  108  124  124  122  120  115  107  115  111  126  121  117  118  123  112  111  106  129   -1
ch:  78  116  129  126  120  112  117  123  133  121  110  109  115  115  121  116  113  121  123  113  121  124  109  116  115  107  118  123  125  119  118  117   51
ch:  79  123  115  130  124  116  116  121  119  116  122  115  106  117  124  124  113  108  116  116  105  121  117  125  126  109  122  120  115  124  121  120   10
ch:  80  135  119  117  119  129  122  113  119  116  122  116  110  118  109  122  123  116  115  122  118  107  111  108  122  118  119  109  116  120  122  122   -1
ch:  81  120  116  126  120  122  109  105  118  121  108  105  124  107  115  118  108  110  118  123  126  104  108  114  116  123  114  118  114  113  129  120   -1
ch:  82  121  121  122  117  132  120  117  116  118  122  107  103  119  107  119  109  114  119  108  109  116  111  107  119  115  120  115  111  110  121  116   -1
ch:  83  120  117  122  114  119  115  130  116  120  112  121  115  115  114  115  118  118  108  122  116  117  120  110  118  121  125  108  114  118  120  122   25
ch:  84  119  120  117  122  122  120  118  117  110  116  117  120  113  120  110  126  122  111  107  117  105  114  118  120  121  119  115  115  117  122  120   -1
ch:  85  123  122  117  124  122  117  113  116  113  116  110  116  107  123  118  120  116  114  105  119  114  122  108  119  119  117  120  119  121  115  116   48
ch:  86  109  125  125  117  122  118  117  122  122  120  117  115  117  120  120  122  119  121  115  115  130  110  110  116  122  118  117  109  113  117  125   10
ch:  87  126  118  122  122  121  121  121  120  123  115  123  117  111  122  121  113  108  107  119  106  119  115  117  115  104  114  120  134  115  119  125   25
ch:  88  126  124  124  107  123  121  135  122  116  120  117  123  121  116  120  104  116  120  116  108  121  122  100  117  121  123  109  109  117  124  125   -1
ch:  89  116  123  130  118  119  117  119  117  132  107  108  111  115  106  120  114  103  108  108  119  115  119  118  115  104  119  102  116  114  120  124   -1
ch:  90  120  120  120  120  116  111  121  118  111  119  119  113  102  115  105  122  123  110  120  116  109  105  103  116   93  115  120  116  118  117  126    9
ch:  91  131  121  119  106  119  118  116  122  119  122  116  122  115  106  113  119  109  115  116  108  106  114  116  110  114  114  121  131  123  117  119   -1
ch:  92  129  122  122  117  125  123  122  124  122  114  117  119  118  117  113  110  107  114  115  116  108  106  115  125  126  122  121  114  122  106  124   17
ch:  93  117  120  122  117  117  110  114  123  122  131  115  103  115  117  106  121  117  119  115  111  118  113   93  107  125  132  108  117  123  138  135   31
ch:  94  119  125  124  117  118  119  108  114  122  107  121  117  124  122  109  116  114  126  114  111  123  105  119  116  116  109  120  124  108  133  121   -1
ch:  95  124  119  121  117  120  114  134  122  118  125  119  119  117  121  119  110  103  115  118  111  107  106  108  114  116  109  119  109  118  114  134   -1
ch:  96  121  118  120  130  122  123  115  109  114  130  119  116  120  117  120  105  122  119  110  119  102  114  111  121  120  118  118  123  125  122  116    9
ch:  97  139  119  120  123  119  133  119  118  121  118  121  123  124  111  109  111  118  123  114  106  115  105  101  107  117  115  114  110  116  121  121   -1
ch:  98  125  124  121  127  118  120  128  109  119  116  105  120  126  115  122  109  115  109  108  102  115  109  110  120  105  115  111  104  110  107  129   -1
ch:  99  122  111  122  120  122  121  107  118  119  118  106  116  123  120  115  110  114  116  100  113  108  107  108  101  115  121  104  106  116  114  116   11
ch: 100  125  126  120  117  121  122  113  123  115  117  111  121  109  114  120  120  102  116  121  109  120  119  109  119  109  108  129  113  121  120  110   -1
ch: 101  121  122  118  114  116  110  110  120  115  106  109  109  108  114  107  114  111  115  113  114  119  118  115  106  117  120  109  118  108  127  107   40
ch: 102  133  120  124  114  118  124  119  124  114  119  116  109  110  108  115  117  116  114  116  115  113  108  110  117  108  109  104  121  117  107  108   -1
ch: 103  116  115  123  119  111  120  107   99  118  117  107  120  121  121  116  115  110  109  117  119  109  115  107  115  115  114  116  116  109  108  117   45
ch: 104  126  122  122  131  119  121  109  116  116  109  115  121  116  121  120  119  117  107  115  117  114  120  112  123  119  118  108  121  116  117  121   -1
ch: 105  118  108  119  121  114  123  124  125  111  118  125  126  123  108  113  117  115  106  106  115  106  115   93  116  117  117  125  124  121  118  131    7
ch: 106  126  116  121  123  117  105  119  122  115  107  107  105  118  105  111  115  104  122  106  116  120  110  117  106  114  121  118  110  120  124  108   -1
ch: 107  118  118  113  121  122  119  125  116  122  103  120  115  114  107  114  110  118  108  117  116  108  106  119  116  109  113  116  116  106  133  109    6
ch: 108  124  124  116  135  122  134  121  113  107  123  110  120  116  110  121  121  122  117  108  118  116  117  104  110  130  104  121  119  115  120  116   -1
ch: 109  115  116  119  124  119  123  111  113  106  115  119  116  123  111  116  105  117  106  107  117  105  107  115  109  107  119  129  113  113  121  116   -1
ch: 110  117  117  116  117  119  116  122  109  125  119  124  109  119  115  118  119  116  116  114  117  129  119  108  122  110  118  110  117  115  131  109   18
ch: 111  120  124  121  110  124  122  119  118  108  118  108  109  105  108  102  109  105  110  106  118  117  116  111  111  106  118  106  110  120  116  122   -1
ch: 112  134  132  125  125  120  126  119  119  115  123  111  118  118  116  115  121  119  117  110  110  119  116  117  110  115  117  117  110  118  120  116   -1
ch: 113  127  127  131  120  116  117  117  106  110  121  123  118  119  125  124  109  121  107  115  105  117  117  116  119  117  105  115  122  119  123  116   -1
ch: 114  121  122  124  126  130  121  123  120  114  115  102  109  127  113  109  111  108  116  114  109  109  108  115  106  116  123  117  126  126  114  118   -1
ch: 115  117  106  123  119  122  121  108  124  117  115  117  107  108  107  116  110  111  108  118  107  109  119  107  110  114  109  110  118  123  115  121   27
ch: 116  121  122  112  111  126  124  119  105  124  108  117  118  109  112  119  118  109  115  102  114  110  113  116  109  107  129  111  106  115  125  116   47
ch: 117  138  122  133  117  115  115  111  118  125  106  117  110  115  120  117  122  118  103  117  108  116  121  102  116  120   95  118  109  119  115  115   -1
ch: 118  130  123  132  123  118  123  118  116  107  114  116  109  118  112  102  109  106  115  107  124  113  113  107  109  103  110  118  113  107  126  116   -1
ch: 119  107  116  124  122  114  114  114  114  120  113  114  108  108  115  109  107  117  106  112  108  104  108  121  117  120  104  100  104  107  115  117   42
ch: 120  116  111  122   -1  123  120  116  122  120  119  117  125  118  115  118  116  117   -1  108  117  107  108  117  119  114  107  115  118  113  118  120   -1
ch: 121  131  124  116  109  116  122  113  116  110  120  108  108  103  109  107  111  107  109  113  116  108  105  112  103  119  106  119  109  119  119  109   41
ch: 122  121  122  110  106  119  121  110  119  116  104  116  108  119  105  115  106  118  117  114  110  113  109  116  114  121  119  114  119  116  112  115   35
ch: 123  126  119  107  124  121  116  121  115  110  111  119  119  121  117  107  105  115  110  104   94  111  108  109  101  117  108  107  109  114  111  116   40
ch: 124  117  120  117  119  121  110  117  116  117  107  108  118  110  120  117  118  122  117  101  119  114  122  105  122  124  120  119  116  118  114  119   -1
ch: 125  115  120  117  123  123  123  119  110  115  120  123  115  117  110  108  110  117  110  110  114  116  115  107  124  109  122  118  109  124  136  116   16
ch: 126  124  132  116  121  124  122  109  121  115  107  109  119  117  119  107  116  119  118  118  116  118  122  119  106  116  119  119  120  122  120  117   -1
ch: 127  123  126  130  115  126  119  120  122  119  119  113  101  109  113  118  106  109  111  105  116  108  118  108  102  109  115  105  115  113  117  115   11
