# ID XA-000-08-002-000-005-201-10
# Tag _trim_
# Date 240506_18:44:18
# Vref_p 56
# Vref_n 24
# Thr2_glb 36
# Vref_t 118
# Vref_t_range 1
# Pol 0
# ADC range 30-247
# FAST disc 30
ch:   0  117  133  119  135  133  134  118  135  120  111  122  133  118  124  122  109  143  119  122  116  125  116  108  117  121  123  115  131  120  136  132   22
ch:   1  126  136  124  137  124  132  137  110  137  122  131  116  127  133  136  125  135  133  140  135  138  127  135  147  140  133  125  141  145  138  137   41
ch:   2  131  136  133  116  138  122  133  132  131  105  123  120  135  116  123  134  124  131  120  131  120  122  135  132  121  123  119  127  132  123  135    5
ch:   3  126  132  123  126  126  121  130  138  127  138  133  134  134  122  124  124  139  139  123  134  147  134  140  125  141  133  138  148  137  150  148   44
ch:   4  135  122  133  119  117  124  123  126  134  120  122  123  122  121  118  126  120  120  121  118  120  119  126  122  121  135  120  130  136  140  141   37
ch:   5  136  142  133  123  137  133  136  132  119  131  127  132  125  138  136  132  125  132  125  137  126  127  125  137  133  135  143  134  139  139  147   40
ch:   6  117  133  129  138  126  122  123  118  134  119  125  120  122  130  124  116  127  121  122  120  125  136  131  133  125  126  138  133  131  136  134    5
ch:   7  137  133  123  124  139  131  136  139  133  133  134  137  135  118  141  125  121  126  135  141  145  140  137  131  131  148  150  134  147  146  137   45
ch:   8  124  131  130  125  135  140  145  135  131  125  124  119  132  134  135  121  120  122  135  134  125  120  132  118  121  122  120  134  124  117  132   34
ch:   9  132  138  133  132  132  127  132  137  123  136  126  125  123  135  136  136  131  140  133  137  142  133  125  130  147  133  149  136  139  148  135   43
ch:  10  139  123  125  121  131  130  131  131  126  126  124  124  111  123  120  118  118  132  122  132  111  131  117  131  131  122  131  143  131  122  125    5
ch:  11  134  121  137  135  134  117  141  134  117  140  136  132  125  124  136  135  133  138  145  139  149  137  133  132  136  139  138  139  138  140  142   56
ch:  12  122  123  124  124  125  123  123  118  117  125  125  138  141  134  122  130  123  118  120  126  121  120  137  138  119  124  125  118  125  115  131   40
ch:  13  133  117  122  136  133  127  138  134  142  125  135  134  135  134  135  136  126  132  123  126  136  138  131  124  137  126  132  130  140  154  130   50
ch:  14  131  128  132  139  115  124  121  120  120  110  132  123  120  123  120  123  126  125  105  138  132  119  126  118  123  137  131  132  134  136  123    5
ch:  15  134  123  130  124  131  124  136  139  123  133  132  131  134  135  134  136  130  124  134  139  141  148  137  139  132  138  134  139  143  148  150   48
ch:  16  125  126  122  121  119  119  120  134  133  132  131  119  126  121  131  125  123  127  122  121  122  123  120  124  116  119  126  133  134  141  126   42
ch:  17  135  125  141  126  124  120  120  122  124  135  137  137  147  135  136  136  136  135  135  136  138  124  139  137  131  135  133  139  147  151  137   56
ch:  18  132  135  123  125  125  122  132  123  131  120  126  116  135  127  134  121  119  121  132  127  138  121  135  121  136  134  121  132  133  135  121    5
ch:  19  121  124  135  133  124  132  133  126  135  140  136  134  136  127  133  124  126  133  137  137  134  135  140  142  135  127  147  139  142  139  147   47
ch:  20  132  134  134  125  122  124  133  122  119  123  121  123  124  124  133  121  133  120  118  122  138  124  126  123  108  131  123  124  132  126  133   36
ch:  21  137  123  135  126  131  134  126  132  126  139  111  122  131  124  140  131  131  120  134  131  147  131  122  139  134  134  133  139  122  138  135   53
ch:  22  127  127  136  133  123  125  124  111  123  126  117  115  123  123  110  122  125  118  126  137  126  119  132  123  121  123  121  124  136  127  128    5
ch:  23  135  134  126  137  130  137  126  132  126  146  124  148  124  135  125  134  137  132  137  133  135  140  135  132  127  132  142  141  139  140  135   56
ch:  24  125  130  123  131  134  135  125  133  140  117  125  122  138  124  123  134  137  133  131  136  118  122  116  119  126  120  129  133  134  122  124   38
ch:  25  118  137  135  129  124  142  131  127  137  129  132  134  149  133  133  138  141  132  134  134  125  138  145  124  135  127  148  143  141  134  143   56
ch:  26  134  133  133  137  126  133  133  132  131  131  123  123  127  136  121  123  123  123  133  124  137  135  119  122  118  136  124  123  126  119  125    5
ch:  27  123  133  138  134  132  124  133  137  134  125  123  138  139  126  138  125  130  127  132  133  140  149  137  135  131  141  137  138  141  142  140   43
ch:  28  120  122  125  133  135  137  122  122  118  121  132  123  124  131  115  116  133  121  137  123  135  124  118  124  119  130  126  118  126  137  120   37
ch:  29  126  136  138  133  126  123  137  132  119  126  137  125  139  134  140  125  134  125  135  139  138  121  145  133  134  140  134  123  138  132  149   56
ch:  30  123  124  126  118  132  136  120  136  123  120  137  135  122  120  119  132  136  125  121  124  121  123  123  124  121  135  118  121  121  140  135    5
ch:  31  135  134  127  126  134  126  145  123  135  132  132  131  122  123  140  137  124  126  134  136  134  123  126  142  135  120  122  124  137  140  136   39
ch:  32  136  135  135  137  122  126  123  133  116  132  123  119  125  121  124  126  122  126  122  123  114  123  119  132  126  122  119  125  121  120  120   27
ch:  33  135  134  117  136  126  124  132  133  136  135  133  133  133  124  135  133  137  130  140  140  140  123  133  133  136  140  136  134  149  150  141   54
ch:  34  132  124  137  135  123  126  120  136  134  126  121  124  120  137  130  123  121  118  132  116  123  126  126  124  124  133  123  123  137  126  140    5
ch:  35  136  126  131  123  141  134  133  137  138  138  137  137  137  149  133  119  134  136  140  139  137  127  143  151  132  148  138  133  138  143  139   43
ch:  36  125  117  134  120  126  124  135  122  139  136  124  134  119  121  120  122  131  121  121  133  126  119  134  133  123  136  121  123  118  122  138   44
ch:  37  132  138  137  131  133  136  133  131  136  132  132  151  140  136  131  122  136  108  140  137  135  124  134  133  134  141  139  148  134  138  137   37
ch:  38  121  131  134  132  123  122  120  117  120  123  116  132  126  135  126  124  122  132  125  130  125  131  124  122  119  134  134  124  133  123  122    5
ch:  39  124  133  122  149  137  135  130  125  142  132  132  133  133  142  138  138  139  137  138  132  141  138  137  152  133  136  143  136  143  139  143   56
ch:  40  125  126  135  132  120  122  125  107  138  119  124  134  134  125  133  120  124  119  111  122  118  133  123  123  123  126  109  124  140  132  134   31
ch:  41  124  140  133  123  140  127  120  133  141  123  132  142  131  137  133  132  135  132  122  151  133  134  150  142  138  138  135  147  141  137  141   48
ch:  42  132  121  136  126  120  134  133  122  132  123  123  122  121  124  122  125  123  135  132  132  126  121  137  137  123  125  126  140  142  137  126    5
ch:  43  141  124  135  135  125  136  123  136  135  137  134  133  133  137  139  139  137  127  138  137  145  136  132  135  146  136  141  132  148  134  136   53
ch:  44  131  127  136  136  127  134  135  140  125  122  121  132  135  136  136  133  126  124  119  134  123  121  134  122  123  134  131  140  131  131  135   37
ch:  45  124  131  125  136  121  135  120  133  131  138  137  127  139  125  127  127  133  126  123  134  134  125  132  133  137  126  135  132  136  136  141   43
ch:  46  124  137  135  125  131  136  134  125  127  124  117  119  123  115  125  135  116  125  125  130  132  119  137  124  121  133  120  136  134  133  118    5
ch:  47  137  137  134  143  140  136  135  132  135  138  133  135  137  121  136  138  135  139  132  141  139  147  147  148  140  142  136  149  149  148  160   56
ch:  48  134  137  124  139  124  135  132  133  136  134  139  141  135  140  124  122  134  138  141  134  138  132  126  132  133  136  125  131  134  140  147   45
ch:  49  140  137  131  134  131  133  137  137  125  131  120  133  119  135  123  145  125  134  132  139  138  137  142  139  141  138  140  139  140  140  150   52
ch:  50  124  132  133  131  122  122  139  132  130  127  134  124  135  131  120  123  131  132  119  121  138  118  135  123  121  119  121  126  134  135  137    5
ch:  51  139  127  134  130  135  125  136  136  132  135  136  124  134  135  128  139  133  137  133  136  142  136  132  138  141  138  147  133  140  153  151   55
ch:  52  141  123  135  126  132  125  135  134  120  126  124  123  120  133  126  125  124  121  123  136  125  122  125  134  135  126  134  140  123  127  123   27
ch:  53  139  124  136  153  132  123  131  131  135  132  142  135  137  136  135  130  138  137  137  135  129  139  135  134  145  148  135  138  143  150  140   56
ch:  54  138  138  131  127  134  140  135  123  149  138  126  122  135  126  123  123  137  125  125  132  135  133  124  131  132  121  124  132  132  146  137    5
ch:  55  134  124  136  137  134  137  132  134  134  124  133  133  125  125  126  132  127  138  119  136  140  140  137  142  132  136  142  137  136  138  137   46
ch:  56  126  136  141  135  118  137  138  123  132  120  135  138  140  137  132  134  131  134  123  133  133  138  141  135  126  122  134  130  138  146  136   35
ch:  57  137  132  134  134  131  122  137  133  135  136  137  127  124  133  137  132  133  138  132  125  148  143  138  142  138  140  137  138  134  141  146   44
ch:  58  122  139  122  132  124  134  133  134  125  124  126  134  133  130  133  133  135  132  131  133  126  124  121  122  126  126  130  122  137  137  134    5
ch:  59  134  135  135  133  135  133  123  131  138  143  125  141  131  131  140  133  133  134  132  132  131  138  133  138  138  133  139  141  141  142  141   47
ch:  60  140  122  135  120  132  124  133  137  133  125  126  126  136  118  116  133  140  126  123  138  124  140  125  124  122  134  133  137  121  132  135   43
ch:  61  130  136  147  133  140  127  136  133  123  149  133  134  123  141  117  126  142  131  135  135  147  132  135  141  135  134  140  141  139  146  138   55
ch:  62  124  134  135  125  132  135  131  135  125  137  134  132  131  134  119  135  135  134  122  136  133  133  125  138  133  138  138  133  135  134  133    5
ch:  63  137  135  136  134  135  135  130  141  126  133  140  135  134  118  127  142  140  145  138  140  126  132  137  153  131  149  134  137  136  153  146   39
ch:  64  123  122  123  146  123  136  133  132  123  120  124  124  130  132  138  138  126  109  119  123  125  134  131  127  118  134  120  116  127  138  126   37
ch:  65  122  147  137  126  143  125  138  136  139  132  137  124  133  132  141  144  138  126  136  132  141  132  135  135  133  138  149  134  146  148  155   51
ch:  66  138  116  123  123  124  124  132  125  132  125  131  129  125  113  122  133  122  107  118  119  123  132  122  124  121  122  119  124  120  121  125    5
ch:  67  134  143  138  134  125  136  132  136  140  130  134  139  136  139  148  138  135  142  141  147  146  142  149  142  140  146  150  149  148  147  150   51
ch:  68  123  123  140  138  140  121  131  122  122  126  137  124  132  135  131  123  120  126  140  137  140  124  134  131  130  131  127  133  131  135  133   39
ch:  69  138  136  138  136  132  147  143  133  125  138  131  142  131  130  125  131  134  136  142  137  147  139  154  133  142  138  153  140  153  143  141   43
ch:  70  137  122  132  132  132  135  127  127  133  137  140  138  126  134  122  124  127  133  123  124  135  130  125  118  131  136  137  136  135  134  139    5
ch:  71  141  136  146  134  123  137  141  133  137  135  139  133  135  137  124  134  127  143  145  141  141  151  137  146  148  149  151  150  164  151  154   49
ch:  72  134  132  126  135  132  125  133  125  122  124  119  137  131  123  130  122  136  121  125  124  137  124  133  136  120  133  148  132  133  134  136   38
ch:  73  125  124  125  120  132  121  143  138  136  134  122  132  135  132  140  139  133  148  140  136  144  138  133  135  139  147  139  140  152  143  145   50
ch:  74  126  124  138  126  138  132  131  135  124  133  134  131  140  145  124  124  118  132  134  134  134  135  120  133  137  142  132  137  131  136  131    5
ch:  75  127  136  136  133  135  140  135  142  134  142  138  127  136  135  141  134  131  134  132  138  147  136  154  140  138  138  149  146  143  151  152   48
ch:  76  138  134  130  127  132  124  134  126  138  134  136  135  124  136  127  125  122  136  134  134  132  130  136  125  125  134  135  143  139  149  132   41
ch:  77  131  136  147  137  137  135  138  123  144  134  136  140  123  132  141  134  142  139  142  133  140  137  140  147  140  142  132  154  149  153  151   54
ch:  78  124  132  130  126  125  132  133  117  133  132  132  124  124  119  136  122  122  121  129  124  120  125  122  123  131  131  117  124  135  126  133    5
ch:  79  133  138  134  125  133  132  133  141  148  126  140  132  147  147  134  146  140  140  140  151  141  133  147  155  136  149  140  152  142  149  151   56
ch:  80  133  131  127  138  122  126  134  130  134  120  133  133  124  121  134  131  132  123  133  126  136  138  126  127  138  132  135  133  148  139  137   36
ch:  81  137  134  134  138  137  137  143  125  137  131  119  135  125  127  136  125  137  140  148  134  136  127  140  127  135  135  125  147  152  143  138   38
ch:  82  137  122  132  123  134  131  118  139  132  126  124  134  120  122  132  133  134  125  119  125  136  121  130  132  136  142  123  121  124  135  127    5
ch:  83  141  138  145  136  148  145  136  135  126  137  139  141  137  148  137  150  133  135  137  146  134  136  138  139  135  139  139  139  146  153  139   53
ch:  84  132  127  126  118  142  130  131  133  140  124  124  124  120  135  130  124  127  131  133  116  122  126  124  127  134  125  121  124  131  132  134   36
ch:  85  123  125  134  137  141  123  134  132  138  137  138  133  139  135  134  144  141  140  135  141  137  134  140  138  132  136  148  142  141  151  148   50
ch:  86  116  126  120  131  131  135  119  125  117  134  135  121  125  125  136  131  126  123  124  121  122  122  134  123  140  134  132  132  126  123  135    5
ch:  87  125  138  138  126  135  139  135  135  123  132  116  135  136  139  136  142  138  134  139  136  140  141  122  135  136  156  146  146  141  151  143   44
ch:  88  121  136  125  126  129  139  134  135  130  124  131  122  121  122  125  126  118  126  126  125  135  139  123  136  133  126  131  139  131  140  138   44
ch:  89  133  132  125  133  139  135  141  141  132  125  139  131  133  123  124  140  125  141  136  143  146  135  148  148  136  135  145  133  147  147  152   47
ch:  90  122  138  133  132  132  122  126  133  121  125  130  131  131  118  132  131  123  136  108  121  114  130  120  126  132  134  135  133  124  132  126    5
ch:  91  121  134  135  135  135  124  140  134  142  138  141  146  143  140  146  147  132  134  148  137  135  145  133  141  135  143  132  149  149  149  148   47
ch:  92  121  134  138  134  141  134  124  131  134  127  125  126  131  124  120  123  123  134  126  118  124  127  122  115  124  123  132  121  121  136  136   37
ch:  93  132  134  134  138  139  134  134  137  132  142  121  138  137  136  126  133  135  126  141  142  134  134  143  130  136  138  136  137  148  149  145   50
ch:  94  125  137  133  136  119  136  117  125  134  135  126  125  133  124  127  122  135  118  133  132  124  124  122  122  120  135  124  134  118  122  126    5
ch:  95  134  126  126  124  136  147  121  134  143  136  148  142  137  133  134  134  134  136  135  150  136  138  139  135  135  139  140  140  141  146  148   46
ch:  96  134  141  130  140  124  133  119  120  136  125  138  139  136  124  131  133  132  127  134  117  136  121  133  134  125  126  131  126  137  134  131   46
ch:  97  121  133  139  120  133  140  141  125  136  125  134  138  120  138  135  139  137  138  146  135  142  132  132  132  149  148  133  140  142  139  140   50
ch:  98  131  132  126  126  125  124  123  135  126  123  121  124  125  119  120  122  124  126  120  118  121  108  130  138  135  124  133  124  122  123  132    5
ch:  99  122  138  134  131  123  124  141  134  139  124  134  125  133  136  136  141  141  138  137  141  132  153  126  147  138  142  142  140  141  152  163   51
ch: 100  125  132  138  134  123  124  137  131  126  119  125  132  134  120  119  120  120  132  132  123  120  117  121  132  124  125  130  133  125  116  126   38
ch: 101  134  137  126  136  127  132  135  135  125  139  138  124  138  138  139  138  137  136  148  149  138  148  136  147  133  147  134  149  142  130  153   55
ch: 102  124  130  132  125  137  125  125  131  124  121  125  121  126  122  124  108  115  132  123  124  131  115  115  123  130  130  120  120  137  126  125    5
ch: 103  132  137  135  135  120  122  135  125  135  136  140  133  136  132  124  137  138  135  133  122  146  148  139  140  141  138  142  136  135  147  148   51
ch: 104  124  122  126  133  139  134  124  132  132  137  130  126  131  123  131  134  139  136  134  132  139  139  146  136  123  133  124  139  132  131  135   49
ch: 105  122  125  132  124  141  140  131  137  132  140  125  131  127  139  130  139  141  138  133  139  134  137  134  149  134  133  149  145  141  137  146   51
ch: 106  130  134  135  125  123  137  118  122  120  123  121  135  135  136  135  125  107  123  132  123  123  116  126  110  133  134  136  125  124  124  134    5
ch: 107  134  137  123  147  135  141  123  135  140  136  139  120  135  134  131  123  127  139  131  132  134  125  140  133  134  142  136  138  132  142  146   53
ch: 108  131  122  132  126  130  131  132  132  131  120  119  126  126  124  125  128  125  124  119  126  123  127  122  111  122  126  139  124  118  138  138   37
ch: 109  128  136  125  147  131  134  135  137  124  147  133  133  136  132  135  133  124  125  139  142  121  140  141  136  138  147  137  137  143  126  138   55
ch: 110  121  138  125  130  139  136  127  122  138  131  137  127  123  125  122  122  124  131  134  131  120  125  142  137  119  123  119  122  118  132  138    5
ch: 111  127  126  123  125  134  124  125  135  139  133  138  127  134  122  131  136  137  133  136  145  134  136  117  137  136  136  136  142  136  138  132   56
ch: 112  140  135  122  131  122  130  123  123  117  136  131  123  123  123  122  132  127  119  139  116  126  121  135  121  132  126  114  124  120  119  125   39
ch: 113  134  135  138  134  136  136  125  135  132  135  133  123  149  122  123  138  143  151  140  138  139  138  135  137  137  133  136  149  146  134  147   56
ch: 114  132  126  118  123  126  122  119  136  121  126  123  124  125  124  134  120  116  131  118  137  121  131  132  124  130  108  121  119  124  111  133    5
ch: 115  126  130  132  141  127  137  125  125  126  126  134  132  137  138  126  126  132  137  137  135  134  136  139  139  139  137  139  135  136  137  147   39
ch: 116  124  117  131  135  125  122  125  120  124  122  123  121  134  116  116  132  121  124  125  123  133  127  118  119  124  125  132  138  133  124  140   37
ch: 117  142  137  133  120  142  137  136  141  139  136  132  133  125  130  125  135  143  136  125  123  132  142  148  138  135  125  148  143  137  143  139   56
ch: 118  118  127  119  133  122  130  126  127  133  133  134  136  133  119  132  135  124  115  125  123  133  126  117  118  135  131  137  131  130  135  134    5
ch: 119  119  126  149  120  132  138  134  137  125  121  126  139  133  137  134  134  137  137  125  132  141  136  149  132  124  142  136  141  136  140  142   55
ch: 120  139  135  123  125  121  120  134  124  119  123  126  125  130  125  122  126  124  126  123  122  107  122  116  122  115  122  119  125  123  124  124   40
ch: 121  135  125  140  139  131  132  137  140  136  136  136  132  137  126  134  137  136  124  126  147  138  134  140  141  141  134  135  137  137  136  138   50
ch: 122  132  121  132  121  135  126  118  140  132  135  118  137  139  126  122  133  119  133  115  125  123  134  123  126  125  126  122  138  120  119  135    5
ch: 123  133  123  138  136  133  136  136  133  140  135  127  126  140  134  143  140  130  149  140  134  138  123  149  135  133  136  137  140  131  143  139   49
ch: 124  133  125  122  132  122  135  136  119  130  125  139  121  138  125  143  117  118  132  107  125  124  141  126  126  133  125  120  134  133  126  124   23
ch: 125  140  122  136  137  133  137  124  116  123  147  143  132  134  139  138  133  134  135  138  138  136  134  146  137  148  139  143  137  140  136  151   56
ch: 126  132  136  132  126  126  121  121  126  137  125  125  120  130  120  127  116  125  126  126  130  133  115  122  124  122  124  129  120  134  125  133    5
ch: 127  141  133  125  142  133  138  140  136  124  137  125  133  134  136  139  146  138  149  142  143  131  150  139  136  148  141  140  150  140  133  148   49
