# ID XA-000-08-002-000-000-038-00
# Tag _trim_
# Date 240618_18:56:02
# Vref_p 58
# Vref_n 28
# Thr2_glb 57
# Vref_t 118
# Vref_t_range 1
# Pol 0
# ADC range 30-247
# FAST disc 30
ch:   0  120  115  122  121  122  106  114  121  113  117  106  118  103  115  103  107  107  115  108  106  105  116  115  121  108  106  108  106  110  108  106   56
ch:   1  122  107  123  116  119  131  117  121  121  134  116  123  109  119  130  120  126  125  117  119  122  124  115  122  117  123  118  113  122  121  136   56
ch:   2  120  122  119  121  131  116  116  115  118  116  109  121  108  115  108  122  110  118  113  107  122  111  103  110  108  121  110  111  118  110  110   29
ch:   3  121  123  121  119  117  125  118  118  117  119  118  123  123  125  132  121  115  120  116  120  115  126  120  133  135  121  120  133  121  124  134   56
ch:   4  121  127  118  120  125  106  118  109  121  111  118  106  117  104   99  116  111  110  107  118  109  120  104  124  123  110  119  113  122  114  116   56
ch:   5  127  123  118  121  132  126  124  123  121  117  119  135  117  122  137  131  118  120  115  123  122  116  124  132  111  132  107  131  117  134  120   56
ch:   6  123  120  113  126  123  116  124  118  105  116  115  119  122  122  109  117  119  121  115  118  113  116  115  107  118  110  115  119  130  120  114   56
ch:   7  120  124  108  122  125  119  121  117  124  118  116  115  117  125  124  119  123  133  118  110  120  108  124  123  119  122  125  131  122  124  134   56
ch:   8  123  120  118  115  120  116  123  114  115  118  118  122  121  122  123  119  107  121  122  115  115  107  119  117  124  118  120  125  114  120  133   56
ch:   9  130  120  121  119  116  104  125  102  113  107  121  110  120  126  116  110  118  133  110  116  115  116  130  116  120  119  118  137  122  124  121   56
ch:  10  135  118  118  123  116  124  119  123  107  118  120  122  116  120  117  121  118  118  119  118  112  117  110  113  107  116  117  122  132  120  123   56
ch:  11  121  121  124  120  119  118  121  116  119  122  126  125  126  110  120  113  123  109  123  116  133  123  126  110  121  119  131  120  131  122  124   56
ch:  12  110  125  136  132  124  117  123  116  118  109  106  118  119  125  118  118  106  119  121  109  124  130  121  119  113  115  122  124  123  119  118   56
ch:  13  121  115  132  135  113  120  122  131  122  117  123  127  122  110  125  126  121  126  119  120  124  117  120  131  123  142  133  134  141  137  131   56
ch:  14  120  109  126  118  118  123  119  113  117  119  110  123  118  108  117  111  106  103  120  111  108  114  116  111  118  110  119  117  108  123  118   56
ch:  15  123  116  122  119  117  117  118  115  127  122  122  121  132  125  117  121  127  123  119  116  122  134  132  125  136  122  124  135  136  132  124   56
ch:  16  116  122  115  119  121  117  125  115  113  111  121  122  107  120  119  114  118  118  118  107  124  115  116  127  108  122  116  110  118  116  121   56
ch:  17  121  121  125  117  120  122  115  121  122  124  119  108  116  126  105  117  116  122  119  127  124  115  109  126  122  135  121  122  123  127  125   56
ch:  18  116  115  120  123  116  122  125  120  117  118  122  116  118  125  125  117  132  116  120  113  107  122  122  109  134  110  127  134  117  114  127   56
ch:  19  108  125  125  109  115  110  119  116  127  124  110  121  118  119  115  119  126  115  124  123  114  121  120  116  122  121  117  116  126  124  122   56
ch:  20  123  118  131  122  125  131  117  120  116  119  132  121  119  121  109  113  115  104  107  120  110  109  107  110  120  119  107  115  119  133  117   56
ch:  21  116  119  125  132  116  123  124  118  136  122  115  116  121  121  117  119  123  122  125  123  117  115  125  120  120  123  122  132  119  124  137   56
ch:  22  119  119  116  120  122  116  109  114  124  119  131  122  118  122  122  108  115  114  108  121  125  110  118  121  117  115  116  107  106  109  120   56
ch:  23  126  132  131  117  117  122  119  127  131  125  119  124  124  125  117  119  133  121  122  123  117  126  118  117  121  119  121  131  120  124  122   56
ch:  24  123  119  125  124  119  124  118  123  115  108  121  111  109  123  119  116  122  123  118  120  117  116  118  118  117  109  102  115  132  130  107   56
ch:  25  125  124  124  123  121  119  124  117  120  120  132  114  123  118  121  101  114  123  117  105  122  114  116  124  124  117  125  117  132  125  124   56
ch:  26  122  126  132  116  117  108  119  118  116  118  117  119  123  109  113  112  108  118  111  124  116  120  123  115  125  119  119  121  122  126  122   56
ch:  27  125  124  123  120  132  125  120  119  121  126  121  118  115  122  107  118  122  130  125  120  124  132  123  124  123  123  133  124  120  126  127   56
ch:  28  108  118  123  115  126  121  109  115  123  121  124  120  118  117  121  115  107  116  124  110  116  103  110  120  124  117  109  110  115  124  123   56
ch:  29  111  116  121  125  117  125  115  115  125  108  107  104  121  108  123  130  122  115  105  124  126  115  126  126  135  123  114  119  124  130  123   56
ch:  30  125  122  116  125  117  120  117  123  115  111  116  104  114  116  120  120  120  119  107  119  115  119  109  122  117  108  109  122  121  126  131   56
ch:  31  116  122  132  116  135  115  121  123  118  122  113  118  119  123  123  120  120  121  120  125  101  125  120  119  121  119  131  120  120  138  119   56
ch:  32  118  120  125  124  108  132  127  120  118  119  120  119  132  110  127  117  120  115  126  108  106  110  115  107  105  114  120  121  125  124  113   55
ch:  33  119  131  124  123  124  108  117  118  121  122  122  125  122  118  118  114  117  113  108  119  122  123  126  121  118  124  123  131  132  124  132   56
ch:  34  120  123  116  109  120  105  119  115  121  126  108  119  119  108  125  121  123  121  119  118  103  118  111  116  127  124  121  121  122  130  116   56
ch:  35  123  123  121  123  122  110  123  124  137  117  122  125  123  117  120  110  135  122  121  130  118  125  130  119  122  123  137  127  124  133  118   56
ch:  36  113  132  125  110  120  118  117  126  118  126  124  117  108  117  119  122  123  102  117  116  114  113  118  121  108  122  122  116  131  125  123   56
ch:  37  123  124  125  119  121  126  117  121  114  123  123  117  115  124  118  120  120  120  119  119  120  134  115  134  120  130  117  124  132  131  138   56
ch:  38  124  119  124  123  107  117  117  122  132  127  116  117  119  106  133  116  105  111  115  117  119  119  124  123  116  122  125  126  119  135  121   55
ch:  39  124  126  119  120  124  110  116  124  127  107  117  119  118  117  110  117  121  119  124  115  116  125  133  119  122  123  126  121  123  120  138   56
ch:  40  122  116  125  115  117  125  121  117  126  115  122  120  124  118  122  119  116  110  126  121  122  117  123  122  121  124  135  109  117  120  120   56
ch:  41  121  124  124  107  112  124  130  124  117  122  119  115  121  121  119  121  112  120  121  124  131  123  121  124  116  133  123  127  133  132  135   56
ch:  42  130  131  120  131  118  121  116  109  137  115  119  126  119  115  118  119  121  123  119  107  115  116  111  123  126  110  125  121  124  126  116   56
ch:  43  123  121  130  136  122  123  129  137  115  132  123  118  125  113  123  120  116  120  114  120  125  135  117  131  132  132  139  122  132  133  131   56
ch:  44  124  120  119  118  119  122  116  123  120  119  107  117  121  122  109  115  118  114  121  124  134  121  116  123  116  126  122  123  122  117  133   56
ch:  45  124  123  114  122  132  116  116  118  117  132  116  122  116  133  116  108  118  123  108  125  131  123  117  119  126  132  138  134  133  139  133   56
ch:  46  121  122  122  120  120  117  134  118  108  121  117  116  123  117  117  119  120  121  125  123  117  116  119  120  119  120  131  132  120  126  132   51
ch:  47  132  131  132  124  121  118  130  121  132  122  119  122  105  129  119  118  120  120  120  125  139  124  126  125  134  119  117  134  124  131  124   56
ch:  48  118  116  121  118  122  122  119  124  118  121  121  115  121  118  125  114  119  122  119  122  120  122  118  121  119  125  122  117  132  131  126   47
ch:  49  123  134  115  122  127  120  123  122  120  120  124  123  133  125  119  119  125  122  122  123  124  123  124  123  123  123  133  138  138  135  121   56
ch:  50  120  122  120  119  123  119  133  122  121  116  106  137  118  122  120  110  120  124  132  126  120  123  119  114  106  125  133  120  125  134  125   51
ch:  51  137  122  123  118  121  125  111  137  124  118  130  111  123  121  126  120  115  136  124  132  124  115  123  117  122  119  131  131  132  132  124   56
ch:  52  125  118  106  132  123  120  106  120  113  121  120  110  115  118  114  116  100  104  122  122  106  113  119  120  121  116  118  118  117  121  133   53
ch:  53  122  123  127  119  119  118  122  122  113  124  132  126  108  123  119  132  123  118  116  121  116  127  119  132  123  131  121  127  125  139  137   56
ch:  54  116  132  118  125  105  119  122  117  107  117  135  107  132  118  122  118  119  117  109  120  113  117  126  119  119  122  127  115  126  106  124   51
ch:  55  120  122  108  122  113  119  120  135  126  121  126  124  121  119  131  131  131  118  125  132  123  140  135  118  126  125  118  134  127  134  141   56
ch:  56  132  117  123  115  139  113  131  125  114  116  118  116  115  131  119  116  123  123  122  118  125  119  122  125  122  125  119  133  131  123  136   51
ch:  57  120  121  115  117  120  125  125  123  126  114  119  122  116  117  124  130  122  124  125  126  127  125  123  126  122  126  122  132  123  137  131   56
ch:  58  135  115  121  133  118  125  119  119  119  123  122  122  111  120  120  119  124  121  114  107  121  124  108  119  132  123  121  122  133  120  117   52
ch:  59  124  114  132  125  123  129  123  124  118  110  124  106  116  117  116  132  123  109  117  124  121  107  122  133  126  123  134  131  142  124  121   56
ch:  60  109  126  130  115  123  123  125  120  108  120  116  121  118  110  122  118  114  119  123  119  109  113  115  117  125  135  116  125  132  122  119   56
ch:  61  116  131  115  124  116  125  115  133  120  123  126  118  119  133  115  126  125  121  119  126  114  119  120  137  137  120  134  136  120  132  136   56
ch:  62  116  120  131  118  115  116  105  125  124  117  113  116  130  117  117  109  121  116  123  124  132  129  109  121  113  116  121  125  125  123  123   53
ch:  63  125  120  120  125  125  118  131  131  124  117  132  110  118  132  121  123  131  131  120  114  123  126  121  122  125  138  122  131  121  131  133   56
ch:  64  121  130  101  121  134  121  118  117  117  121  117  123  115  121  121  122  112  124  119  134  124  119  109  122  119  117  122  117  122  119  126   56
ch:  65  114  131  106  121  131  131  126  130  131  124  124  124  120  119  120  124  126  116  125  127  132  126  132  131  111  126  124  115  142  125  127   56
ch:  66  116  123  120  111  121  118  117  116  124  125  121  124  117  130  121  137  136  132  119  121  122  126  129  120  123  110  125  125  138  119  126   56
ch:  67  118  125  122  116  129  114  115  134  121  120  114  116  111  125  120  132  123  120  120  133  131  138  121  123  131  142  124  134  134  136  134   56
ch:  68  125  133  124  122  121  124  124  119  111  120  127  121  130  120  125  126  118  116  116  120  119  122  116  124  120  118  120  132  132  134  121   56
ch:  69  134  121  123  115  117  119  123  115  124  119  119  131  123  120  134  123  131  121  121  122  119  119  130  108  124  125  131  134  127  133  134   56
ch:  70  126  124  124  110  123  123  123  126  116  120  133  125  108  116  115  117  115  122  118  116  124  130  108  116  121  125  126  121  119  119  136   46
ch:  71  123  120  125  124  122  121  118  124  123  124  122  121  136  126  137  137  127  124  124  130  123  117  126  125  124  125  124  133  131  137  133   56
ch:  72  121  117  115  122  116  118  119  123  117  123  125  123  116  121  122  116  116  125  119  120  106  118  117  120  120  119  118  115  127  135  122   56
ch:  73  119  119  135  126  119  130  123  124  125  133  126  115  124  122  116  124  137  123  116  121  125  124  122  133  127  139  131  137  133  132  134   56
ch:  74  122  126  120  125  133  120  123  126  121  122  109  122  122  124  117  119  119  118  118  130  116  119  126  125  124  121  124  125  131  132  125   56
ch:  75  116  124  116  125  133  121  116  118  111  134  122  119  133  121  121  119  126  120  124  121  119  126  130  121  121  132  125  135  140  135  125   56
ch:  76  123  124  121  110  122  121  125  117  122  120  107  116  123  122  110  113  104  120  108  120  117  113  116  116  121  125  126  113  120  126  127   52
ch:  77  124  126  122  116  120  123  117  121  119  123  118  131  119  134  122  117  126  127  131  117  122  127  124  116  123  119  125  135  123  142  134   56
ch:  78  118  121  125  119  124  115  123  117  110  119  120  118  119  117  119  125  110  120  118  120  131  121  121  117  120  115  120  119  131  117  118   56
ch:  79  131  133  132  123  121  117  119  127  123  122  131  116  111  127  121  131  137  120  133  123  118  126  132  123  121  132  129  133  138  117  133   56
ch:  80  119  116  115  133  133  124  122  132  119  125  123  125  116  121  123  118  116  126  119  118  116  121  122  117  118  122  121  117  131  106  123   55
ch:  81  121  118  122  121  132  122  137  118  123  117  120  123  134  117  122  132  134  120  126  121  133  119  121  133  116  131  122  132  124  123  130   56
ch:  82  109  140  122  125  126  125  118  117  124  117  120  120  118  123  119  124  118  119  121  123  120  118  124  126  136  116  131  121  125  135  125   47
ch:  83  120  123  126  123  112  123  119  127  121  122  114  137  125  132  120  126  124  127  122  131  144  133  123  118  120  134  135  133  132  133  134   56
ch:  84  117  120  121  125  115  120  118  126  123  104  121  123  116  114  117  115  124  115  115  114  121  115  116  126  122  125  114  122  133  118  131   55
ch:  85  122  132  121  122  122  121  115  117  132  120  121  136  126  137  126  130  124  132  123  138  125  134  133  123  136  124  131  132  140  135  136   56
ch:  86  130  121  120  126  130  122  118  113  126  121  135  116  118  116  119  119  115  114  117  121  117  116  117  120  118  126  132  117  116  108  117   56
ch:  87  132  126  125  131  118  132  137  120  122  124  119  133  134  122  134  125  125  113  134  119  119  124  122  121  117  125  124  122  132  131  139   56
ch:  88  125  122  117  120  122  124  118  121  120  125  126  117  125  132  109  124  120  115  120  125  125  121  121  119  122  121  115  127  115  134  123   56
ch:  89  120  126  115  123  124  121  121  123  124  125  117  121  118  122  120  118  119  124  133  116  123  135  122  121  116  122  123  123  120  122  126   56
ch:  90  123  118  127  122  121  118  124  118  120  139  124  119  115  116  120  118  110  125  124  117  118  114  108  125  120  124  127  121  118  127  120   45
ch:  91  122  124  121  124  130  120  133  123  121  124  133  110  122  125  120  116  126  126  114  123  115  115  132  131  127  123  119  134  125  138  137   56
ch:  92  118  135  123  116  120  119  119  130  126  121  123  123  129  121  114  124  122  124  110  131  122  121  130  118  120  124  119  121  139  120  126   53
ch:  93  132  121  132  119  116  126  117  121  121  121  122  118  126  131  110  125  124  136  118  119  123  127  123  133  117  124  125  125  131  132  120   56
ch:  94  118  122  126  119  122  124  123  118  123  122  122  110  123  121  115  123  116  110  118  121  119  110  120  116  118  120  120  131  119  134  118   56
ch:  95  137  120  120  121  135  119  122  116  110  134  125  122  123  117  132  121  123  114  116  119  122  119  141  121  119  135  132  131  137  127  132   56
ch:  96  124  123  120  120  119  120  120  133  108  115  116  116  116  118  126  122   -1  117  126  117  119  114  121  116  118  111  123  116  133  116  119   56
ch:  97  120  117  131  123  117  106  119  117  117  118  130  122  132  110  118  132  116  133  124  124  117  121  126  119  132  126  125  126  123  125  122   56
ch:  98  116  116  123  114  135  120  127  123  132  117  135  119  118  122  123  121  114  121  112  119  132  117  122  118  105  115  123  116  124  122  133   40
ch:  99  122  117  127  126  121  132  115  108  123  122  122  136  133  124  137  127  132  121  125  119  121  121  123  119  121  134  110  131  134  136  135   56
ch: 100  123  122  127  122  131  115  122  119  120  116  119  123  121  120  111  125  124  125  115  122  117  116  110  108  112  116  123  126  120  116  126   47
ch: 101  122  124  124  123  121  122  134  117  115  119  126  119  116  120  119  124  126  124  114  121  127  123  120  118  124  125  126  133  131  127  124   56
ch: 102  116  131  118  116  122  121  114  121  129  123  124  109  117  114  118  133  117  120  121  115  115  137  119  115  122  126  134  124  119  110  134   48
ch: 103  125  131  119  132  131  119  120  122  115  125  117  119  125  121  134  123  136  116  111  127  125  117  121  126  116  124  124  119  118  122  120   56
ch: 104  123  124  115  124  109  118  123  132  119  123  122  122  123  118  119  122  119  116  116  114  120  109  123  118  119  124  119  126  122  132  127   52
ch: 105  127  133  124  120  117  123  131  121  122  119  124  126  123  126  120  121  133  118  117  126  121  124  116  132  132  124  121  125  135  135  125   56
ch: 106  125  123  110  120  121  118  124  133  124  110  121  124  113  106  122  111  122  111  114  127  121  113  117  111  114  123  119  117  124  129  123   39
ch: 107  134  122  135  126  132  126  123  130  114  123  124  133  125  122  119  130  115  113  116  124  114  131  122  128  123  132  133  133  131  119  123   56
ch: 108  133  123  122  124  124  115  118  115  116  120  116  110  117  116  121  115  115  119  108  109  119  122  108  120  133  125  121  121  126  117  124   48
ch: 109  132  121  124  119  109  124  127  115  125  127  114  130  121  114  119  121  124  122  133  120  125  116  119  125  130  125  133  125  137  133  117   56
ch: 110  118  123  118  110  122  120  123  121  117  108  121  120  123  119  124  113  120  124  106  120  108  116  118  131  118  122  122  120  116  122  125   45
ch: 111  133  121  118  126  119  126  116  121  122  131  126  135  117  119  134  118  127  126  117  126  125  115  124  122  125  124  117  119  126  124  131   56
ch: 112  121  125  138  120  116  120  122  127  100  109  118  127  118  123  115  115  107  109  110  120  110  118  114  115  117  118  121  121  131  119  122   48
ch: 113  124  120  123  109  120  116  122  122  124  122  119  119  118  120  119  123  118  118  130  125  117  122  119  125  124  118  122  124  137  126  133   56
ch: 114  121  119  119  120  121  116  109  125  110  111  121  118  131  111  107  123  120  106  117  116  107  110  123  126  116  109  119  124  123  123  118   56
ch: 115  121  125  116  121  121  127  132  117  124  116  122  123  116  119  118  132  120  122  130  117  122  124  126  137  113  137  122  132  120  123  133   56
ch: 116  120  122  121  117  123  124  124  107  123  118  117  122  107  111  119  109  118  119  116  126  117  127   -1  108  130  120  135  121  124  118  121   56
ch: 117  123  122  124  111  115  121  115  120  125  120  105  121  119  118  114  130  125  119  123  121  132  122  109  119  126  125  125  131  109  124  126   56
ch: 118  119  116  108  122  122  118  115  117  121  115  118  114  117  120  104  108  122  104  110  104  102  120  119  107  115  124  122  116  121  125  110   56
ch: 119  131  132  120  117  124  121  110  134  123  121  131  131  122  130  120  131  120  124  117  120  119  118  123  123  119  126  117  126  130  131  124   56
ch: 120  122  107  130  110  118  121  124  121  123  122  121  117  122  124  124  116  121  117  117  118  117  117  118  118  117  109  110  108  122  119  123   56
ch: 121  118  120  123  122  117  111  117  122  118  126  123  121  115  120  119  126  123  119  114  120  118  118  123  123  121  124  119  116  119  117  119   56
ch: 122  117  133  125  121  109  112  120  118  114  124  118  121  124  120  108  109  122  117  115  104  117  116  117  122  115  121  117  123  119  110  121   56
ch: 123  121  120  116  115  121  119  115  119  131  117  116  130  121  130  129  122  117  110  113  118  121  122  116  121  116  125  118  119  124  131  122   56
ch: 124  135  127  119  123  116  115  130  118  117  125  108  121  110  123  113  107  115  117  114  117  119  118  119  117  118  119  130  121  122  132  127   43
ch: 125  113  130  116  133  119  122  124  121  129  119  119  109  124  120  116  123  117  117  113  117  130  119  121  120  121  119  123  126  118  131  125   56
ch: 126  125  116  119  123  117  117  125  116  124  115  130  126  115  116  125  124  116  115  117  114  109  116  122  120  108  122  120  119  115  132  126   37
ch: 127  116  121  123  126  122  123  117  119  116  111  126  116  117  108  106  122  107  113  120  118  119  110  118  118  118  117  117  122  122  123  120   56
