# ID XA-000-08-002-000-005-123-09
# Tag _trim_
# Date 240618_18:27:18
# Vref_p 56
# Vref_n 25
# Thr2_glb 34
# Vref_t 118
# Vref_t_range 1
# Pol 0
# ADC range 30-247
# FAST disc 30
ch:   0  137  123  133  125  124  131  123  124  119  117  121  124  125  118  115  120  118  119  119  125  119  109  116  122  119  117  121  119  118  116  121   21
ch:   1  132  122  121  139  123  121  127  124  123  132  131  116  118  125  125  131  121  121  131  121  131  134  127  138  137  135  131  126  124  137  120   41
ch:   2  124  125  125  126  118  127  116  122  116  120  118  118  123  126  134  121  125  121  121  124  116  117  118  111  118  119  127  115  126  123  133   24
ch:   3  124  125  139  133  121  120  135  124  122  125  121  132  122  123  125  123  118  130  125  133  127  135  135  135  122  127  123  120  126  132  125   40
ch:   4  133  131  135  124  130  124  132  120  118  107  120  132  122  121  118  116  107  115  103  119  112  118  108  124  121  122  124  108  115  108  115   26
ch:   5  131  134  135  136  120  128  136  133  122  132  131  134  126  118  132  123  123  132  124  132  121  126  119  134  115  136  117  126  121  137  122   37
ch:   6  132  123  136  135  132  127  129  131  132  131  134  116  124  122  123  122  119  122  122  120  123  122  120  115  110  117  124  120  132  112  132   36
ch:   7  121  130  134  138  120  124  121  126  125  119  135  121  122  121  116  130  127  121  118  124  124  118  131  117  120  132  122  133  131  120  118   38
ch:   8  129  138  125  135  126  132  119  114  130  124  133  110  117  122  125  115  116  119  122  118  120  120  114  123  124  110  109  116  126  114  121   35
ch:   9  126  121  130  127  122  120  132  132  132  125  124  131  116  117  133  117  131  123  123  132  138  116  124  125  125  134  127  133  132  138  133   37
ch:  10  133  116  133  127  125  121  123  135  115  118  127  123  135  121  125  125  123  133  118  120  123  118  119  123  123  125  108  123  118  127  126   29
ch:  11  123  122  125  123  123  118  119  127  121  131  114  142  126  134  122  115  126  135  126  125  122  125  121  118  131  126  122  134  131  123  120   42
ch:  12  121  118  131  134  121  135  132  124  123  131  122  123  121  110  131  120  111  114  121  119  115  118  120  116  116  113  114  121  121  117  118   23
ch:  13  115  123  122  126  133  131  127  137  121  134  123  115  138  119  137  139  138  127  127  122  125  131  125  133  135  137  138  131  136  135  133   37
ch:  14  124  133  134  126  120  139  136  123  136  124  129  123  121  118  129  126  120  119  125  116  123  111  119  119  107  134  119  109  118  119  121   32
ch:  15  134  121  134  121  148  123  134  131  124  124  123  133  122  134  133  121  125  123  137  108  123  135  121  119  131  124  124  125  134  139  139   46
ch:  16  136  122  132  135  122  125  130  133  124  139  124  130  132  121  117  125  116  118  108  119  121  124  125  125  122  119  122  121  120  122  118   24
ch:  17  124  135  135  121  133  133  126  132  122  121  131  134  137  121  135  137  131  120  114  119  122  127  124  121  131  119  114  125  136  126  131   37
ch:  18  122  122  126  138  123  132  124  125  123  124  126  133  123  126  123  121  126  130  120  108  119  117  117  123  120  119  119  118  116  119  118   28
ch:  19  132  118  140  135  125  136  122  126  133  121  140  127  122  137  125  123  126  127  109  121  132  133  131  117  131  136  133  137  137  139  133   32
ch:  20  139  130  126  132  131  123  132  136  127  133  120  119  134  132  122  122  120  130  118  115  132  127  124  123  132  123  123  118  133  122  132   22
ch:  21  136  125  123  120  126  130  122  119  122  119  125  123  132  139  131  126  139  115  123  118  119  131  123  133  125  135  120  123  136  131  122   27
ch:  22  126  134  116  139  132  124  123  123  116  132  139  115  132  122  133  134  125  125  133  125  125  123  126  126  132  121  123  131  119  126  114   33
ch:  23  135  134  124  122  124  141  134  126  123  134  135  134  132  122  127  137  123  127  136  134  125  133  141  126  136  137  131  133  149  136  133   34
ch:  24  134  126  139  133  120  139  126  122  109  133  132  131  131  126  118  123  131  139  124  123  102  123  116  123  131  116  130  124  116  120  131   31
ch:  25  124  126  135  121  133  125  122  115  131  121  125  131  136  137  134  125  132  134  140  131  136  132  133  147  135  134  136  121  121  132  139   35
ch:  26  136  132  121  126  125  120  121  132  137  122  135  117  135  122  119  139  130  122  124  126  127  119  130  123  120  134  132  122  122  126  122   34
ch:  27  133  117  133  132  135  135  131  121  133  122  129  124  133  124  135  124  117  126  132  132  134  127  120  118  133  126  123  139  137  138  132   33
ch:  28  123  122  122  125  126  130  125  131  123  134  133  133  118  126  126  123  131  119  116  123  122  120  123  120  123  120  123  116  121  117  126   28
ch:  29  133  133  125  124  131  132  120  132  132  122  125  127  130  126  148  124  136  131  131  126  116  121  119  126  133  136  140  134  133  140  141   39
ch:  30  125  130  126  132  122  125  136  110  134  131  132  130  125  121  130  122  120  133  118  118  122  121  130  121  134  121  118  118  132  120  123   27
ch:  31  136  133  133  133  131  135  125  127  124  133  124  120  124  127  131  124  135  116  125  139  132  122  125  125  122  140  134  124  135  147  124   32
ch:  32  124  126  118  124  123  132  125  122  137  134  125  123  117  125  126  132  123  131  126  110  125  131  131  122  126  121  117  118  128  121  123   26
ch:  33  127  133  124  125  125  122  125  121  133  115  139  124  134  125  134  118  132  138  124  124  134  116  139  125  130  133  126  133  135  123  125   37
ch:  34  130  125  107  131  121  132  125  130  127  122  119  125  132  126  121  124  124  114  125  119  118  127  123  119  117  130  117  125  133  131  118   33
ch:  35  138  133  131  125  137  133  136  125  131  133  124  126  122  125  127  118  134  122  140  134  125  120  130  129  132  126  124  135  135  131  135   40
ch:  36  124  135  132  135  122  133  125  132  137  136  131  122  119  117  119  131  117  137  115  117  130  125  121  125  119  130  137  125  131  132  132   29
ch:  37  122  142  136  124  136  131  124  139  131  126  125  117  124  132  126  133  122  124  135  120  123  136  123  123  123  122  117  120  133  122  122   33
ch:  38  136  133  137  142  122  133  126  126  122  131  124  124  132  125  131  124  117  125  126  127  124  122  138  111  117  121  126  122  124  122  135   37
ch:  39  132  121  125  131  137  124  140  124  120  120  126  132  123  117  119  123  119  130  131  133  126  132  132  134  125  132  122  140  136  137  138   30
ch:  40  131  139  123  133  122  120  131  134  120  126  122  120  131  123  119  122  133  119  123  124  122  119  118  127  115  119  135  119  138  125  133   33
ch:  41  137  136  136  132  120  138  133  122  125  133  134  123  125  140  139  130  132  131  138  134  120  135  118  133  127  124  127  131  139  131  134   41
ch:  42  134  127  118  122  135  120  123  132  133  125  120  122  140  118  115  127  126  131  123  122  125  122  121  121  120  121  120  125  132  130  122   37
ch:  43  118  125  126  123  139  130  125  120  121  122  133  122  124  132  122  125  134  119  134  132  126  124  135  133  123  142  126  135  138  136  133   38
ch:  44  116  131  123  127  123  119  132  123  132  121  121  119  127  121  123  119  133  124  119  119  124  124  122  119  123  117  135  121  125  135  132   31
ch:  45  121  131  124  138  125  132  150  135  140  123  136  126  135  122  136  133  135  125  130  135  134  137  123  123  138  135  135  132  140  139  148   47
ch:  46  117  132  127  123  116  122  134  125  121  127  117  139  123  123  119  124  123  116  123  119  126  120  125  119  122  117  125  122  119  135  124   38
ch:  47  136  133  133  126  124  133  139  119  132  139  132  133  124  132  132  118  127  134  140  127  123  135  131  123  137  136  119  125  133  120  140   38
ch:  48  133  136  115  132  132  133  123  134  115  122  132  126  132  119  121  131  123  133  117  116  123  120  121  126  132  123  133  136  133  117  137   26
ch:  49  126  138  137  122  126  132  120  132  119  131  123  123  136  133  120  132  126  137  121  127  123  134  125  138  125  133  137  135  132  130  131   41
ch:  50  134  136  131  133  125  134  124  120  132  126  124  131  125  122  120  121  124  124  115  134  120  119  118  122  118  115  115  116  131  117  130   31
ch:  51  123  125  133  134  125  133  135  136  131  131  126  138  132  136  121  132  137  138  131  126  135  124  133  116  124  135  126  130  124  131  136   32
ch:  52  133  134  137  124  124  126  132  134  135  124  133  124  126  120  138  122  133  121  127  121  118  121  122  115  127  122  119  136  124  125  118   37
ch:  53  121  136  125  125  135  122  132  135  132  137  123  136  124  131  132  132  137  119  126  134  140  123  122  140  137  124  137  137  121  141  138   33
ch:  54  145  123  139  138  130  146  132  135  137  118  134  133  131  122  117  134  133  124  117  124  122  119  118  135  127  132  132  133  125  127  132   37
ch:  55  123  139  137  129  123  133  134  127  120  147  124  126  124  126  121  121  138  120  136  120  125  134  123  122  138  125  132  142  126  125  138   38
ch:  56  123  135  131  132  133  125  121  135  123  125  137  125  124  123  136  126  122  117  119  125  130  123  123  141  120  135  133  131  140  134  134   37
ch:  57  127  139  118  115  135  132  136  133  122  147  126  120  125  123  134  124  127  137  139  131  134  133  125  123  124  138  125  126  127  121  128   39
ch:  58  139  123  124  127  132  122  123  110  123  122  115  126  114  126  109  120  126  131  119  132  133  117  131  126  115  110  125  113  134  109  132   30
ch:  59  136  121  124  121  119  136  125  138  125  123  123  122  122  126  135  109  131  124  132  123  139  126  134  125  131  122  127  134  127  130  126   32
ch:  60  126  125  132  122  124  132  126  123  119  122  138  138  134  129  123  131  121  137  131  123  124  122  131  131  119  127  124  132  122  119  126   26
ch:  61  120  121  132  123  133  132  125  117  131  130  127  135  136  118  134  121  120  118  136  123  127  136  135  136  126  122  121  126  127  120  133   33
ch:  62  126  121  130  132  125  131  122  134  137  135  131  127  124  120  130  122  125  124  116  133  121  114  120  123  126  120  119  131  123  120  127   35
ch:  63  134  133  137  136  132  126  138  119  121  132  133  124  123  131  124  131  125  133  137  121  137  132  122  132  122  135  122  130  136  135  138   38
ch:  64  126  124  130  139  131  122  126  123  125  110  118  131  125  133  125  125  105  125  124  120  125  127  130  124  135  126  130  118  133  122  124   36
ch:  65  138  132  120  127  122  122  120  132  121  125  133  123  131  132  141  132  125  120  124  134  130  133  142  125  134  135  127  124  135  147  133   49
ch:  66  135  124  127  136  134  136  127  127  123  122  123  132  127  110  117  119  142  132  134  125  123  119  135  121  125  120  134  125  125  123  135   24
ch:  67  138  127  120  137  122  125  134  122  121  122  130  133  132  122  124  130  131  132  126  132  131  134  135  122  125  121  119  122  137  136  145   34
ch:  68  122  117  133  125  125  133  132  121  134  131  123  132  125  137  125  139  121  116  140  123  118  135  120  140  127  117  126  123  126  132  126   38
ch:  69  125  137  130  121  125  134  118  131  124  122  134  133  128  123  120  122  125  134  124  121  125  123  121  125  120  123  125  124  132  118  132   33
ch:  70  139  125  130  123  124  132  132  131  132  127  120  133  133  125  125  132  123  126  125  133  137  123  131  131  119  130  124  114  126  123  137   34
ch:  71  135  132  136  117  133  135  124  117  123  127  132  140  125  130  121  119  111  120  125  124  133  134  135  118  118  123  130  131  132  126  131   32
ch:  72  139  125  132  136  121  132  133  131  130  128  125  124  125  137  126  117  124  134  120  125  130  121  125  133  129  122  125  123  117  129  132   31
ch:  73  137  138  118  125  139  134  124  136  136  132  126  127  125  134  123  123  132  123  132  136  126  127  130  133  141  146  126  125  129  137  139   39
ch:  74  136  132  135  126  115  130  125  122  122  132  130  127  133  118  126  126  125  121  136  120  110  130  115  115  119  134  125  123  133  119  120   37
ch:  75  135  122  120  118  123  126  124  120  123  124  140  133  122  132  121  124  135  135  123  133  121  120  124  115  131  132  118  125  132  125  135   28
ch:  76  130  133  132  119  131  132  132  134  125  125  134  122  118  133  119  123  121  131  126  135  136  124  122  126  127  122  131  118  122  123  130   37
ch:  77  131  139  124  130  140  139  127  123  137  139  126  123  132  121  135  133  137  123  134  131  130  134  125  126  137  132  120  138  128  137  122   45
ch:  78  120  123  135  133  125  123  139  123  121  123  134  119  138  121  121  133  133  120  132  127  126  133  131  124  132  122  131  125  132  126  139   32
ch:  79  130  133  135  139  124  137  139  116  126  130  133  140  124  131  137  125  136  124  122  124  132  120  123  130  121  134  127  125  136  132  135   44
ch:  80  139  127  124  123  119  122  124  126  132  131  125  120  123  123  125  113  121  123  119  120  123  133  123  121  122  114  126  124  131  122  123   34
ch:  81  142  125  133  127  130  134  121  126  132  139  123  120  124  130  124  126  124  132  133  127  131  129  126  132  133  130  121  136  136  134  133   49
ch:  82  132  136  132  134  122  133  119  122  117  130  122  115  121  132  120  126  108  124  129  109  131  125  137  120  123  126  132  127  122  126  125   42
ch:  83  124  136  131  119  132  135  134  122  134  121  126  127  124  125  132  132  124  132  133  126  133  116  119  141  133  129  133  123  132  134  122   34
ch:  84  134  143  121  120  126  123  134  124  124  133  118  130  123  115  124  120  130  119  139  127  138  126  125  119  108  124  127  122  113  122  131   21
ch:  85  134  137  133  131  122  133  123  131  125  120  111  125  121  141  122  115  132  122  119  133  131  117  126  134  132  125  140  126  121  138  134   33
ch:  86  135  130  124  138  133  125  124  117  126  120  120  129  125  117  121  132  112  120  132  121  131  120  123  117  118  110  122  106  131  122  121   28
ch:  87  125  130  134  139  133  123  124  135  120  123  133  136  136  125  132  135  131  124  135  126  134  133  135  122  126  121  132  132  133  137  134   34
ch:  88  135  136  126  130  124  125  136  126  125  126  134  125  123  125  126  137  136  123  127  123  122  131  119  125  124  133  124  116  132  124  122   38
ch:  89  125  127  133  125  136  133  134  134  131  137  121  131  124  131  133  125  125  126  134  131  120  133  119  137  126  118  125  133  125  139  125   45
ch:  90  126  125  122  142  121  125  138  134  123  122  132  120  121  126  119  124  125  120  130  124  104  135  122  119  122  122  113  122  121  122  120   37
ch:  91  131  125  123  132  117  118  121  124  120  126  136  116  123  120  124  130  116  124  121  121  130  133  124  140  122  120  118  136  136  133  125   38
ch:  92  138  136  127  133  122  122  126  141  122  131  123  129  120  121  119  133  118  120  125  133  122  110  109  116  123  124  125  125  114  125  118   22
ch:  93  123  132  122  120  131  133  125  120  127  118  121  125  132  134  118  125  126  121  123  130  119  120  119  131  131  134  132  131  134  133  140   31
ch:  94  132  138  123  134  124  130  130  124  134  125  125  123  131  118  123  124  120  116  120  124  122  116  132  122  123  119  110  120  137  120  126   24
ch:  95  127  135  140  132  149  138  149  133  122  119  136  132  127  132  122  133  143  148  126  126  124  130  133  143  125  130  139  130  133  139  149   32
ch:  96  130  134  117  124  136  121  125  121  133  135  120  131  124  117  119  118  125  107  131  124  118  126  122  121  133  125  123  125  125  113  121   26
ch:  97  139  121  135  123  130  117  133  131  134  110  131  136  120  123  139  133  125  133  136  122  132  122  125  134  122  124  122  126  125  121  146   47
ch:  98  123  120  136  125  131  138  125  124  125  127  123  122  124  123  135  135  119  126  115  124  111  124  116  122  125  118  124  118  131  118  117   38
ch:  99  133  123  132  123  135  121  125  127  134  124  125  125  135  130  133  132  131  120  116  118  124  136  125  137  136  123  135  134  132  126  137   40
ch: 100  121  124  122  118  117  124  131  121  119  121  138  123  125  126  126  125  123  118  116  122  123  116  120  119  116  126  118  126  117  124  137   32
ch: 101  124  133  126  123  135  134  121  134  123  131  124  133  138  125  124  121  137  132  125  133  133  119  124  132  132  135  138  135  125  122  123   35
ch: 102  125  131  120  132  134  123  117  117  135  134  117  132  130  120  136  120  125  118  119  122  132  138  135  127  131  124  119  125  131  115  136   43
ch: 103  140  122  137  130  135  122  135  134  133  134  133  132  124  132  127  135  135  115  121  123  136  136  132  120  134  134  125  126  126  126  123   42
ch: 104  120  139  121  124  134  127  120  135  121  123  123  117  131  137  124  118  116  117  118  123  117  126  126  125  123  132  120  119  119  118  120   38
ch: 105  136  120  126  119  124  135  136  120  142  127  133  135   -1  136  119  130  121  123  124  120  132  118  132  129  123  134  131  129  138  139  136   37
ch: 106  133  127  125  137  120  133  121  134  134  126  131  131  130  127  125  121  109  117  121  124  130  121  118  119  120   -1  119  125  130  130  118   27
ch: 107  139  136  133  136  127  123  137  122  126  140  133  136  131  131  135  130  125  121  120  123  132  137  132  121  121  131  131  135  132  142  126   42
ch: 108  123  135  135  121  137  136  131  130  127  133  119  123  119  118  121  122  124  113  121  132  111  120  139  130  132  146  123  118  130  134  134   32
ch: 109  137  136  149  135  123  132  125  124  133  127  135  133  124  121  125  123  120  121  121  135  140  135  132  125  147  123  133  120  141  130  138   43
ch: 110  125  131  118  122  137  124  134  120  117  130  118  122  116  118  117  110  117  122  131  116  122  120  124  122  120  120  130  115  128  131  119   34
ch: 111  136  124  124  125  131  124  136  131  136  139  138  133  130  134  136  140  135  134  125  125  120  137  133  134  122  126  132  124  132  132  135   42
ch: 112  117  125  127  130  120  133  120  118  115  124  123  123  118  118  123  127  124  128  116  121  118  107  107  125  120  126  123  118  131  123  120   45
ch: 113  132  131  131  139  130  116  132  124  120  122  123  124  129  123  123  125  120  127  136  126  130  125  132  126  133  130  125  137  124  125  123   36
ch: 114  124  136  134  118  132  127  137  121  132  123  123  126  123  138  126  118  118  123  132  117  116  124  123  112  122  122  117  122  123  122  126   28
ch: 115  119  132  120  122  137  125  122  135  134  123  140  139  119  131  123  133  133  121  135  126  137  126  132  135  131  126  135  131  133  131  140   32
ch: 116  125  134  115  117  125  125  127  132  133  126  136  130  123  119  119  118  123  116  125  117  117  121  125  124  133  124  121  121  117  132  124   32
ch: 117  124  138  129  132  123  131  131  124  132  147  133  133  119  125  133  131  125  130  132  123  133  125  131  129  126  148  121  120  136  122  124   33
ch: 118  122  120  135  120  127  132  120  123  132  122  117  124  122  122  116  119  123  123  121  110  121  117  125  121  115  117  119  118  119  120  121   47
ch: 119  136  135  137  134  124  125  121  132  117  136  142  119  131  125  127  130  132  120  132  122  133  121  124  121  134  132  122  138  133  139  140   33
ch: 120  132  135  133  126  123  132  145  118  124  116  117  123  120  119  122  115  114  131  104  117  122  132  112  116  117  116  126  118  122  131  122   29
ch: 121  122  135  135  132  120  125  131  127  117  123  125  113  121  124  124  131  136  124  133  120  119  131  131  133  130  121  133  121  124  125  132   35
ch: 122  135  139  123  136  140  122  127  126  121  123  120  124  134  120  121  129  115  124  136  119  125  127  124  124  123  115  121  123  122  123  119   27
ch: 123  140  137  118  135  122  136  127  123  129  124  124  127  136  122  134  131  127  138  123  137  131  123  132  129  126  131  131  122  134  122  132   32
ch: 124  131  131  122  123  134  124  119  137  119  119  131  134  132  117  115  116  110  126  119  133  118  117  134  118  121  116  121  116  133  125  132   22
ch: 125  141  131  132  125  134  125  134  120  134  123  119  122  118  123  121  120  131  123  122  133  120  133  119  136  132  126  116  136  124  142  149   33
ch: 126  131  121  131  133  130  122  124  122  124  116  126  117  120  121  119  107  125  111  126  132  133  122  133  119  138  123  127  125  121  123  123   14
ch: 127  147  140  125  133  135  126  117  136  135  126  126  123  131  131  127  123  136  126  138  132  122  130  123  133  124  133  121  126  126  138  135   21
