ch    0:      0     0     0     0     0     0     0     0     0     0     0     0     0     0     0     0     0     0     0     0     0     0     0     5    73   915  4256 12397  6962  7400  8686  6449
ch    1:      0     0     0     0     0     0     0     0     0     0     0     0     0     0     0     0     0     0     0     0     0     0     0     0    68   636  5939  7307 12382  8869  8995  7868
ch    2:      0     0     0     0     0     0     0     0     0     0     0     0     0     0     0     0     0     0     0     0     0     0     0     1    83  1211 12451 11359 11544  9530  9028 10785
ch    3:      0     0     0     0     0     0     0     0     0     0     0     0     0     0     0     0     0     0     0     0     0     0     1    11   171  1705 12554 13382 12308 17554 16704 14526
ch    4:      0     0     0     0     0     0     0     0     0     0     0     0     0     0     0     0     0     0     0     0     0     0     0     7   145  1265 10749  3929  9237  7402 15434  7987
ch    5:      0     0     0     0     0     0     0     0     0     0     0     0     0     0     0     0     0     0     0     0     0     0     0     8   148  1582 11869  9533 11088  9561 13418  7461
ch    6:      0     0     0     0     0     0     0     0     0     0     0     0     0     0     0     0     0     0     0     0     0     0     0     9   112  1568 14254 11206 10305 15155  4749 11579
ch    7:      0     0     0     0     0     0     0     0     0     0     0     0     0     0     0     0     0     0     0     0     0     0     0     8   112  2492 10804 10690 13016 11619  6672 16557
ch    8:      0     0     0     0     0     0     0     0     0     0     0     0     0     0     0     0     0     0     0     0     0     0     0     5   182  2387 14921  7831 11076  7724  9790 11279
ch    9:      0     0     0     0     0     0     0     0     0     0     0     0     0     0     0     0     0     0     0     0     0     0     2    21   153  3431  9570 10423 10449 13588  5634  9158
ch   10:      0     0     0     0     0     0     0     0     0     0     0     0     0     0     0     0     0     0     0     0     0     0     2    11   221  2620  7472 11274 13090 12407  6240 11801
ch   11:      0     0     0     0     0     0     0     0     0     0     0     0     0     0     0     0     0     0     0     0     0     0     2    11   310  3167  9041 16670 11434 13225 12262  5227
ch   12:      0     0     0     0     0     0     0     0     0     0     0     0     0     0     0     0     0     0     0     0     0     0     2    15   258  2755  9061  6854 10163 11486  7637  8551
ch   13:      0     0     0     0     0     0     0     0     0     0     0     0     0     0     0     0     0     0     0     0     0     0     0    15   233  3205 10682  6629  9125 16289 12017  5677
ch   14:      0     0     0     0     0     0     0     0     0     0     0     0     0     0     0     0     0     0     0     0     0     0     2    29   337  3442 10218  6178 12583 13513 11999 10854
ch   15:      0     0     0     0     0     0     0     0     0     0     0     0     0     0     0     0     0     0     0     0     0     0     3    23   309  3878 10000  8834  6227  9453 11220 15203
ch   16:      0     0     0     0     0     0     0     0     0     0     0     0     0     0     0     0     0     0     0     0     0     0     4    26   472  5446 12108 12384 13730 13127 10958 10910
ch   17:      0     0     0     0     0     0     0     0     0     0     0     0     0     0     0     0     0     0     0     0     0     0     0    26   467  3201  6025 12557 10937 11041 10919  9482
ch   18:      0     0     0     0     0     0     0     0     0     0     0     0     0     0     0     0     0     0     0     0     0     1     3    26   511  4711  8094 10754 10595 10095  5936 11241
ch   19:      0     0     0     0     0     0     0     0     0     0     0     0     0     0     0     0     0     0     0     0     0     0     0    55   458  4205  9103 14869  8196  8793 10339  8663
ch   20:      0     0     0     0     0     0     0     0     0     0     0     0     0     0     0     0     0     0     0     0     0     0     2    36   445  7346  9159  7543  9982 13238  7771 11254
ch   21:      0     0     0     0     0     0     0     0     0     0     0     0     0     0     0     0     0     0     0     0     0     0     2    43   456  4625 10597  9618  8791 11295 10484 16711
ch   22:      0     0     0     0     0     0     0     0     0     0     0     0     0     0     0     0     0     0     0     0     0     0     2    22   549  6337  7474  6551  7682 13156 12924 10994
ch   23:      0     0     0     0     0     0     0     0     0     0     0     0     0     0     0     0     0     0     0     0     0     0     0    47   723  6367  7811 15333 10531 13883 10143 17046
ch   24:      0     0     0     0     0     0     0     0     0     0     0     0     0     0     0     0     0     0     0     0     0     0     9    48   631  6419 10754 15221 13945 10502 16534 13516
ch   25:      0     0     0     0     0     0     0     0     0     0     0     0     0     0     0     0     0     0     0     0     0     0     1    34   978  7788  8846 12871 10527 13252  9518  7084
ch   26:      0     0     0     0     0     0     0     0     0     0     0     0     0     0     0     0     0     0     0     0     0     0     6    58   904  6791  8727 12232 10288 14217  9917 11801
ch   27:      0     0     0     0     0     0     0     0     0     0     0     0     0     0     0     0     0     0     0     0     0     0     1    85   815  8133 12087 15335  9997  5882 12678  2615
ch   28:      0     0     0     0     0     0     0     0     0     0     0     0     0     0     0     0     0     0     0     0     0     1     4    53   554 12586 10716  6983 13839 10978  7182 13624
ch   29:      0     0     0     0     0     0     0     0     0     0     0     0     0     0     0     0     0     0     0     0     0     0     2    84   501  6648 10243  6499  9558  9871 11500  4911
ch   30:      0     0     0     0     0     0     0     0     0     0     0     0     0     0     0     0     0     0     0     0     0     0     4    51   810  9096 10586 12699 10836 11699  9486  8791
ch   31:      0     0     0     0     0     0     0     0     0     0     0     0     0     0     0     0     0     0     0     0     0     0     2    45   832 10979  9316 10305  8076  8672  8143  2061
ch   32:      0     0     0     0     0     0     0     0     0     0     0     0     0     0     0     0     0     0     0     0     0     0     1    65   724 10159 10542 11597 11470 15119  9760 11161
ch   33:      0     0     0     0     0     0     0     0     0     0     0     0     0     0     0     0     0     0     0     0     0     0     3    81  1366 10681 11018  8654 10358  8738  7433 15561
ch   34:      0     0     0     0     0     0     0     0     0     0     0     0     0     0     0     0     0     0     0     0     0     1     7    70   995 13733 10701  9526 12974  9325  9310 15195
ch   35:      0     0     0     0     0     0     0     0     0     0     0     0     0     0     0     0     0     0     0     0     0     0     3    75  1119 14216 13234 14983  8374 11252  9044 18802
ch   36:      0     0     0     0     0     0     0     0     0     0     0     0     0     0     0     0     0     0     0     0     0     0     5    90  1164 12101 13178 12773 11453 10043  9147  9583
ch   37:      0     0     0     0     0     0     0     0     0     0     0     0     0     0     0     0     0     0     0     0     0     0     2   101   806 11247 11487 13781  7908 10298 11331  4211
ch   38:      0     0     0     0     0     0     0     0     0     0     0     0     0     0     0     0     0     0     0     0     0     1     9    84  1015  9513 11999  4919  8890 12785 10053 10163
ch   39:      0     0     0     0     0     0     0     0     0     0     0     0     0     0     0     0     0     0     0     0     0     0     2   103  1430 12650 10472  6072 10373  5098 13210 18138
ch   40:      0     0     0     0     0     0     0     0     0     0     0     0     0     0     0     0     0     0     0     0     0     0     1    84  1467 12277 10574 14933  9093  8918 13008 10932
ch   41:      0     0     0     0     0     0     0     0     0     0     0     0     0     0     0     0     0     0     0     0     0     0     8    82  1465 12837 16851  8293 12688 12525  6381  6102
ch   42:      0     0     0     0     0     0     0     0     0     0     0     0     0     0     0     0     0     0     0     0     0     0     9   151  1874 11894 12081  7523  5722  8304 12605  9926
ch   43:      0     0     0     0     0     0     0     0     0     0     0     0     0     0     0     0     0     0     0     0     0     1     6   121  1233 14719 10796  3961 10860  7678  9536  5587
ch   44:      0     0     0     0     0     0     0     0     0     0     0     0     0     0     0     0     0     0     0     0     0     0    10   172  1295 13806  5938 10755  7344  7156  8241  8348
ch   45:      0     0     0     0     0     0     0     0     0     0     0     0     0     0     0     0     0     0     0     0     0     0     5   150  2264 12486  5445 11283 12417 10040 10823  7455
ch   46:      0     0     0     0     0     0     0     0     0     0     0     0     0     0     0     0     0     0     0     0     0     0     8   128  1353 17491 12774 11603  7678  5445 11484 14612
ch   47:      0     0     0     0     0     0     0     0     0     0     0     0     0     0     0     0     0     0     0     0     0     1     3    94  1636 14149 16579 14214 12344  3897 12750  8301
ch   48:      0     0     0     0     0     0     0     0     0     0     0     0     0     0     0     0     0     0     0     0     0     2    12   125  1684 13698  8713  9502  6390 12349  8893 13371
ch   49:      0     0     0     0     0     0     0     0     0     0     0     0     0     0     0     0     0     0     0     0     0     0     6   152  1406 15433 13153  9681  9837  8276 12326  8355
ch   50:      0     0     0     0     0     0     0     0     0     0     0     0     0     0     0     0     0     0     0     0     0     0     5   114  2056 16214  9865  7676 14122  5185  9029 12277
ch   51:      0     0     0     0     0     0     0     0     0     0     0     0     0     0     0     0     0     0     0     0     0     0     5   109  1948 12092  8942 11863 12649  9330 12764  6344
ch   52:      0     0     0     0     0     0     0     0     0     0     0     0     0     0     0     0     0     0     0     0     0     0    13   190  1462 12810 11036 12215  8921  8606 10312 12527
ch   53:      0     0     0     0     0     0     0     0     0     0     0     0     0     0     0     0     0     0     0     0     0     3    11   185  2082 15844  9630  9023  8429  6064  9774 11591
ch   54:      0     0     0     0     0     0     0     0     0     0     0     0     0     0     0     0     0     0     0     0     0     0    20   133  1271 12603  8276  8181 10026  8101  6425 10402
ch   55:      0     0     0     0     0     0     0     0     0     0     0     0     0     0     0     0     0     0     0     0     0     0    12   170  2872  2550  9365  6177 12021 12512 13812  4301
ch   56:      0     0     0     0     0     0     0     0     0     0     0     0     0     0     0     0     0     0     0     0     0     1     8   135  2693 11709  8155 11997 13407  9822  8036 15339
ch   57:      0     0     0     0     0     0     0     0     0     0     0     0     0     0     0     0     0     0     0     0     0     0     6   180  2330 16057 11600  8223  8526 16250 10406 15068
ch   58:      0     0     0     0     0     0     0     0     0     0     0     0     0     0     0     0     0     0     0     0     0     0    21   131  2430  9559 11121 15416 11391 10666 10510 13718
ch   59:      0     0     0     0     0     0     0     0     0     0     0     0     0     0     0     0     0     0     0     0     0     0     8   151  2493 16708  9629  7559  9537  6321  8380 10360
ch   60:      0     0     0     0     0     0     0     0     0     0     0     0     0     0     0     0     0     0     0     0     0     0    14   191  2419 17145 10626  8768 11694 14005 10652 14838
ch   61:      0     0     0     0     0     0     0     0     0     0     0     0     0     0     0     0     0     0     0     0     0     0     5   187  1958  9374 12710  7102 11013  6554  8534  8028
ch   62:      0     0     0     0     0     0     0     0     0     0     0     0     0     0     0     0     0     0     0     0     0     0    12   169  2175 13698 11023 12727 10188  9132  8878 12889
ch   63:      0     0     0     0     0     0     0     0     0     0     0     0     0     0     0     0     0     0     0     0     0     0     8   205  2134  2846  7543 10846 12366  8769 11264 11596
ch   64:      0     0     0     0     0     0     0     0     0     0     0     0     0     0     0     0     0     0     0     0     0     1    14   275  2842  2343  9998 13670 10101  7307 12028 10600
ch   65:      0     0     0     0     0     0     0     0     0     0     0     0     0     0     0     0     0     0     0     0     0     1    10   151  2366  7738  9435 10878 11693  6320 13358 17603
ch   66:      0     0     0     0     0     0     0     0     0     0     0     0     0     0     0     0     0     0     0     0     0     0     7   126  2659  4492 10041 10565  9295  9609 11718 10398
ch   67:      0     0     0     0     0     0     0     0     0     0     0     0     0     0     0     0     0     0     0     0     0     0     8   203  2775  6193 10679 12940  9555  5497 11046  5743
ch   68:      0     0     0     0     0     0     0     0     0     0     0     0     0     0     0     0     0     0     0     0     0     0     8   144  3031  3830 12043 15938 11089 14074 12010 11247
ch   69:      0     0     0     0     0     0     0     0     0     0     0     0     0     0     0     0     0     0     0     0     0     1    19   205  3072 14088 13319  6342 14866  7320 10502 13292
ch   70:      0     0     0     0     0     0     0     0     0     0     0     0     0     0     0     0     0     0     0     0     0     2    16   154  2287  3954 11016 11695 10781 12547 11848  9767
ch   71:      0     0     0     0     0     0     0     0     0     0     0     0     0     0     0     0     0     0     0     0     0     0    23   291  2889 16469  7521 11045 11917  8860  8504  9893
ch   72:      0     0     0     0     0     0     0     0     0     0     0     0     0     0     0     0     0     0     0     0     0     0    20   181  2816  6358  6748  7622  7706  9387 11561 12214
ch   73:      0     0     0     0     0     0     0     0     0     0     0     0     0     0     0     0     0     0     0     0     0     1     8   271  2446 10647 11652  7839  8849 14333 14608  5018
ch   74:      0     0     0     0     0     0     0     0     0     0     0     0     0     0     0     0     0     0     0     0     0     0    13   193  2840  9159  8133  8539  9731  8635  9055 11587
ch   75:      0     0     0     0     0     0     0     0     0     0     0     0     0     0     0     0     0     0     0     0     0     1    16   263  3037  3329 12852  8304  6174 10839 16643  3248
ch   76:      0     0     0     0     0     0     0     0     0     0     0     0     0     0     0     0     0     0     0     0     0     1    18   198  2382  9185 12514 13832 14522 10716  7160 11491
ch   77:      0     0     0     0     0     0     0     0     0     0     0     0     0     0     0     0     0     0     0     0     0     0    23   303  4470 14423 10805  8257  9070 10404  6482  9234
ch   78:      0     0     0     0     0     0     0     0     0     0     0     0     0     0     0     0     0     0     0     0     0     0    19   227  3086 10944 12771 11698 13467  8038  8566 11009
ch   79:      0     0     0     0     0     0     0     0     0     0     0     0     0     0     0     0     0     0     0     0     0     1    25   356  5381 11989 10408  9835  9282  7983 12618  4620
ch   80:      0     0     0     0     0     0     0     0     0     0     0     0     0     0     0     0     0     0     0     0     0     1    10   229  3140  3467 13969 12612 12044  9681 10171 15814
ch   81:      0     0     0     0     0     0     0     0     0     0     0     0     0     0     0     0     0     0     0     0     0     0     9   198  2791 15799  7476 12248 11135  6012  4128  6484
ch   82:      0     0     0     0     0     0     0     0     0     0     0     0     0     0     0     0     0     0     0     0     0     2    20   313  3646  8684  7393  9674 16686  8487  9335 12348
ch   83:      0     0     0     0     0     0     0     0     0     0     0     0     0     0     0     0     0     0     0     0     0     0    13   285  3700  5647  9470 10331 12702 11805 12236 13677
ch   84:      0     0     0     0     0     0     0     0     0     0     0     0     0     0     0     0     0     0     0     0     0     2    13   304  3538  9898  5878 15097 13700 10769 11849 12360
ch   85:      0     0     0     0     0     0     0     0     0     0     0     0     0     0     0     0     0     0     0     0     0     0    20   275  3211 14065  9888  9422  7648  8731 10166 11200
ch   86:      0     0     0     0     0     0     0     0     0     0     0     0     0     0     0     0     0     0     0     0     0     0    17   202  4251  8405 11391  8589 12390 10736  5676 15781
ch   87:      0     0     0     0     0     0     0     0     0     0     0     0     0     0     0     0     0     0     0     0     0     2    11   501  3986  5262 11651  8183 11873 10490  7548 16229
ch   88:      0     0     0     0     0     0     0     0     0     0     0     0     0     0     0     0     0     0     0     0     0     1    16   244  4485 14405 10384 10249  8552 10065  8634 15788
ch   89:      0     0     0     0     0     0     0     0     0     0     0     0     0     0     0     0     0     0     0     0     0     0    14   291  2480 13663  6873 15568 11669  9373  9378  5716
ch   90:      0     0     0     0     0     0     0     0     0     0     0     0     0     0     0     0     0     0     0     0     0     1    21   205  3053  8188  9488 10763 11563  7912 10348 10543
ch   91:      0     0     0     0     0     0     0     0     0     0     0     0     0     0     0     0     0     0     0     0     0     0    24   447  4865 12597 10185 12686  8962  8294  5894  7394
ch   92:      0     0     0     0     0     0     0     0     0     0     0     0     0     0     0     0     0     0     0     0     0     1    14   202  2998  4935 10837  8121 10714 11179  9031 17803
ch   93:      0     0     0     0     0     0     0     0     0     0     0     0     0     0     0     0     0     0     0     0     0     0    38   300  3740  8267  8758 10888  8874 11620 10351 10000
ch   94:      0     0     0     0     0     0     0     0     0     0     0     0     0     0     0     0     0     0     0     0     0     0    12   179  2982 14415 16531  8307 11801  8702  7993 15313
ch   95:      0     0     0     0     0     0     0     0     0     0     0     0     0     0     0     0     0     0     0     0     0     0    26   177  4406 10014 10223  9382 13924 14035 14417  7928
ch   96:      0     0     0     0     0     0     0     0     0     0     0     0     0     0     0     0     0     0     0     0     0     2    19   164  2960  8453  8958  9716  7151 11668 14392 18122
ch   97:      0     0     0     0     0     0     0     0     0     0     0     0     0     0     0     0     0     0     0     0     0     2    26   340  2948  7983  5675  7105 12183  7201  9283  4022
ch   98:      0     0     0     0     0     0     0     0     0     0     0     0     0     0     0     0     0     0     0     0     0     0    19   288  3641  7750 11740  9815  5455  6550 10641  2524
ch   99:      0     0     0     0     0     0     0     0     0     0     0     0     0     0     0     0     0     0     0     0     0     3    25   299  3954 13580  7426 11676 11707 15602 12156 18130
ch  100:      0     0     0     0     0     0     0     0     0     0     0     0     0     0     0     0     0     0     0     0     0     0    14   236  2593  2978 12124  9762  9435  9050 15674 16111
ch  101:      0     0     0     0     0     0     0     0     0     0     0     0     0     0     0     0     0     0     0     0     0     2    15   331  4195  9744 12311  8317 13543  8182 12880  7625
ch  102:      0     0     0     0     0     0     0     0     0     0     0     0     0     0     0     0     0     0     0     0     0     0    12   188  3423  8141  7107  8428  9607  6356  5957  3993
ch  103:      0     0     0     0     0     0     0     0     0     0     0     0     0     0     0     0     0     0     0     0     0     2    20   413  4286 13476  8460  7797 12021 16127 12253 13715
ch  104:      0     0     0     0     0     0     0     0     0     0     0     0     0     0     0     0     0     0     0     0     0     2     9   255  5486 16634  8565 10760 12403  7325 13062  3374
ch  105:      0     0     0     0     0     0     0     0     0     0     0     0     0     0     0     0     0     0     0     0     0     1    21   363  5960  4983  9614  9621 11336  9077 12618 14679
ch  106:      0     0     0     0     0     0     0     0     0     0     0     0     0     0     0     0     0     0     0     0     0     0    20   212  2708  9967 11459 10366 13429  8134  8392  5939
ch  107:      0     0     0     0     0     0     0     0     0     0     0     0     0     0     0     0     0     0     0     0     0     2    25   370  4468  6822 11858  7405 13251 11328  9025 14265
ch  108:      0     0     0     0     0     0     0     0     0     0     0     0     0     0     0     0     0     0     0     0     0     0    13   240  2806 10965 13587 14233  7099 12750  9767  1773
ch  109:      0     0     0     0     0     0     0     0     0     0     0     0     0     0     0     0     0     0     0     0     0     1    31   380  3993 12400 13868 10090  8919  8110 12454 14631
ch  110:      0     0     0     0     0     0     0     0     0     0     0     0     0     0     0     0     0     0     0     0     0     1    24   193  2583 13990 11626 12185 10182 11319  7899  8556
ch  111:      0     0     0     0     0     0     0     0     0     0     0     0     0     0     0     0     0     0     0     0     0     0    11   373  3721 10732  6898 12877 13534 12511 11210 12348
ch  112:      0     0     0     0     0     0     0     0     0     0     0     0     0     0     0     0     0     0     0     0     0     0    14   216  2785  7437  3345 11580 12502 11532 13657 11639
ch  113:      0     0     0     0     0     0     0     0     0     0     0     0     0     0     0     0     0     0     0     0     0     0    14   396  3714 13464  9238  6723 14709  8178  6227  9401
ch  114:      0     0     0     0     0     0     0     0     0     0     0     0     0     0     0     0     0     0     0     0     0     2    24   237  3049  9026  9352  6318 10683 14000  7624  7458
ch  115:      0     0     0     0     0     0     0     0     0     0     0     0     0     0     0     0     0     0     0     0     0     1    18   353  5857 16890 14826 12543 11963 11437 10580  7716
ch  116:      0     0     0     0     0     0     0     0     0     0     0     0     0     0     0     0     0     0     0     0     0     0    12   292  4430 12080 12091 14659 12225 10222  8557  6653
ch  117:      0     0     0     0     0     0     0     0     0     0     0     0     0     0     0     0     0     0     0     0     0     1    15   238  3327  8404 14208 11533 12382  8436  7103  8892
ch  118:      0     0     0     0     0     0     0     0     0     0     0     0     0     0     0     0     0     0     0     0     0     0    16   200  3742  6991 16259 13334 11559  6121  6101  6633
ch  119:      0     0     0     0     0     0     0     0     0     0     0     0     0     0     0     0     0     0     0     0     0     1    19   320  4169  4978  9196  6412  8496 10583 11127 11041
ch  120:      0     0     0     0     0     0     0     0     0     0     0     0     0     0     0     0     0     0     0     0     0     0    15   365  2769  9590  8856  9288 13856 11640  8258  4739
ch  121:      0     0     0     0     0     0     0     0     0     0     0     0     0     0     0     0     0     0     0     0     0     1    45   498  4011  5882  9333 13612  9967  9942 10308  8554
ch  122:      0     0     0     0     0     0     0     0     0     0     0     0     0     0     0     0     0     0     0     0     0     0    16   190  2709 14725  8737 13835  7329 15777  8308 14793
ch  123:      0     0     0     0     0     0     0     0     0     0     0     0     0     0     0     0     0     0     0     0     0     1    23   427  6095 15015 13521  8241 12906  7811  7234  9227
ch  124:      0     0     0     0     0     0     0     0     0     0     0     0     0     0     0     0     0     0     0     0     0     1    17   292  3649 13882 10846 11488  8833 10214 13456 12054
ch  125:      0     0     0     0     0     0     0     0     0     0     0     0     0     0     0     0     0     0     0     0     0     6    60  1396  9784 10271 11548 10377  9627  6370 11157  8539
ch  126:      0     0     0     0     0     0     0     0     0     0     0     0     0     0     0     0     0     0     0     0     0     0    13   448  5458  8326 11074  7254 11362  8631  3723  9305
ch  127:      0     0     0     0     0     0     0     0     0     0     0     0     0     0     0     0     0     0     0     0     1     4   118   981 11913  9542  5401  7632 11841 14816 13033  9430
