ch    0:      0     0     0     0     0     0     0     0     0     0     0     0     0     0     0     0     0     0     0     0     0     1    18   105   376  2777 10844 13380 14015  9518 10700   255
ch    1:      0     0     0     0     0     0     0     0     0     0     0     0     0     0     0     0     0     0     0     0     0     1    23   211  1394  6443  6055 10383  7098 11046 14604  2745
ch    2:      0     0     0     0     0     0     0     0     0     0     0     0     0     0     0     0     0     0     0     0     0     0    17   156  1353  4840  6355 11893  8021  6984 13309  3010
ch    3:      0     0     0     0     0     0     0     0     0     0     0     0     0     0     0     0     0     0     0     0     1     8    38   460  1818  7687  6495 10940  5941 11483 11699  6081
ch    4:      0     0     0     0     0     0     0     0     0     0     0     0     0     0     0     0     0     0     0     0     0     3    32   265  1891  7587 11442  5001  6690 12003 14627  4540
ch    5:      0     0     0     0     0     0     0     0     0     0     0     0     0     0     0     0     0     0     0     1     2    12    63   488  2696 14916 10702  7062 10597 10099  7703  7531
ch    6:      0     0     0     0     0     0     0     0     0     0     0     0     0     0     0     0     0     0     0     0     0     8    48   433  1872 11104  8556  6174  8208 10562  5950  6891
ch    7:      0     0     0     0     0     0     0     0     0     0     0     0     0     0     0     0     0     0     0     0     0     9    76   578  3668 13923  7138  6915  7348 10505 13415  8978
ch    8:      0     0     0     0     0     0     0     0     0     0     0     0     0     0     0     0     0     0     0     0     2     8    50   355  2524 12886 12835 13048  8828  7521  6007  4799
ch    9:      0     0     0     0     0     0     0     0     0     0     0     0     0     0     0     0     0     0     0     0     2    13   154  1115  5304  7087 11484 12296 15558  6164  7745 10254
ch   10:      0     0     0     0     0     0     0     0     0     0     0     0     0     0     0     0     0     0     0     0     1     6    56   580  3385 12976 13984  8268 10986  6990  5826  8116
ch   11:      0     0     0     0     0     0     0     0     0     0     0     0     0     0     0     0     0     0     0     0     0    12   127   844  5269  5581  8465 14028 12212  9260 14942 10876
ch   12:      0     0     0     0     0     0     0     0     0     0     0     0     0     0     0     0     0     0     0     0     0    10    43   518  3173 16669 11800 10973 11836  8272  8223  8343
ch   13:      0     0     0     0     0     0     0     0     0     0     0     0     0     0     0     0     0     0     0     0     2    18   145  1146  6312 13849  9132 14852  4951 11956 10623 16561
ch   14:      0     0     0     0     0     0     0     0     0     0     0     0     0     0     0     0     0     0     0     0     0     8    59   654  4547  3922  5470 11752 10609 10622  6932 11537
ch   15:      0     0     0     0     0     0     0     0     0     0     0     0     0     0     0     0     0     0     0     0     2     7   123  1289  7086  4275 12301 10511 12958  8103 11466 15393
ch   16:      0     0     0     0     0     0     0     0     0     0     0     0     0     0     0     0     0     0     0     1     1    11    88   813  4547  7774  9354 12448  7537 11757  9497 14182
ch   17:      0     0     0     0     0     0     0     0     0     0     0     0     0     0     0     0     0     0     0     0     1    18   358  1815  8222  6595 13866 11712 14189  9784  8611  2398
ch   18:      0     0     0     0     0     0     0     0     0     0     0     0     0     0     0     0     0     0     0     0     1    11   115   868  4899 15439  8500 10759  7838  8611 15595 13726
ch   19:      0     0     0     0     0     0     0     0     0     0     0     0     0     0     0     0     0     0     0     0     2    23   309  1468  6873 15014  8282  7448  8595 10079  8036 11956
ch   20:      0     0     0     0     0     0     0     0     0     0     0     0     0     0     0     0     0     0     0     0     0     9   101   940  6023 10015  7466 13447 10875 12886  6633 13074
ch   21:      0     0     0     0     0     0     0     0     0     0     0     0     0     0     0     0     0     0     0     1     4    28   166  1893 11953  9830  8006  9742  7165 11836 10735  3942
ch   22:      0     0     0     0     0     0     0     0     0     0     0     0     0     0     0     0     0     0     0     0     0    11   165  1064  7081  7669 12672 13810  5953  7925 11711 17972
ch   23:      0     0     0     0     0     0     0     0     0     0     0     0     0     0     0     0     0     0     0     0     3    38   225  1499 12479  7027  8402  9512  8016 10058 14301 18185
ch   24:      0     0     0     0     0     0     0     0     0     0     0     0     0     0     0     0     0     0     0     0     2    35   179  1570  7074 11049 11568  8555 12538 13948 13589 12876
ch   25:      0     0     0     0     0     0     0     0     0     0     0     0     0     0     0     0     0     0     0     0     3    45   316  1618 11069  9487  9532 10470 15415  8987  9148  8092
ch   26:      0     0     0     0     0     0     0     0     0     0     0     0     0     0     0     0     0     0     0     0     4    23   170  1290  8972  5933  7067  7671  8926  7669  5079 17547
ch   27:      0     0     0     0     0     0     0     0     0     0     0     0     0     0     0     0     0     0     0     0     2    45   361  2756 12786 13027 10800  6199 10492  7229 10397  3830
ch   28:      0     0     0     0     0     0     0     0     0     0     0     0     0     0     0     0     0     0     0     0     2    16   208  1958  9492 13486 14436 10329  6395  9198 11696 16898
ch   29:      0     0     0     0     0     0     0     0     0     0     0     0     0     0     0     0     0     0     0     2     3    31   325  1972 17443  6269  8843  8286  7839  9717  9174 10944
ch   30:      0     0     0     0     0     0     0     0     0     0     0     0     0     0     0     0     0     0     0     0     1    22   278  2206 11409 14778  6237  7769 10473  8804 12029  1902
ch   31:      0     0     0     0     0     0     0     0     0     0     0     0     0     0     0     0     0     0     0     0     5    47   376  2735 16374  8422 10500 12755 10929 13076 11451  3503
ch   32:      0     0     0     0     0     0     0     0     0     0     0     0     0     0     0     0     0     0     0     0     8    36   314  2124 11933 16197 11611  9763 13216  7436 15222  3976
ch   33:      0     0     0     0     0     0     0     0     0     0     0     0     0     0     0     0     0     0     0     1     3    29   372  2158 17216  9247 10547 12899  9374  9943  6523 10386
ch   34:      0     0     0     0     0     0     0     0     0     0     0     0     0     0     0     0     0     0     0     0     4    35   247  1698 14164  6248 11267 13461 11233 11100  8841  2761
ch   35:      0     0     0     0     0     0     0     0     0     0     0     0     0     0     0     0     0     0     0     1     6    50   469  4048  7049  8778 12546  5635 12630  9449 12057  6865
ch   36:      0     0     0     0     0     0     0     0     0     0     0     0     0     0     0     0     0     0     0     0     4    32   197  1780 13279  8738  9166  7776 11912 10502  8947  1947
ch   37:      0     0     0     0     0     0     0     0     0     0     0     0     0     0     0     0     0     0     0     0     3    55   452  3632  1073 11990 12986 11092  7793 12033 12535 12491
ch   38:      0     0     0     0     0     0     0     0     0     0     0     0     0     0     0     0     0     0     0     0     1    11   226  1732 11562 14894 11029 15894  7678 11902 10079  6909
ch   39:      0     0     0     0     0     0     0     0     0     0     0     0     0     0     0     0     0     0     0     1     9    59   714  4128  4694  8100 10361  5670 11532  7635 14042  4477
ch   40:      0     0     0     0     0     0     0     0     0     0     0     0     0     0     0     0     0     0     0     0     1    23   278  2452 15232 10983  7115  9917  9762  8885 12321 11240
ch   41:      0     0     0     0     0     0     0     0     0     0     0     0     0     0     0     0     0     0     0     1     9    74   668  5702  4671 17756 10754  9958 11022 11120  9953  8904
ch   42:      0     0     0     0     0     0     0     0     0     0     0     0     0     0     0     0     0     0     0     0     0    45   296  2462 16946 12433  9426 16919  8582 14824  9035 10797
ch   43:      0     0     0     0     0     0     0     0     0     0     0     0     0     0     0     0     0     0     1     2    10   106   736  4892  9813 13019 10051  8262 10186 10008  5778 15429
ch   44:      0     0     0     0     0     0     0     0     0     0     0     0     0     0     0     0     0     0     0     0     3    45   402  2676 16975 13625 11465 12217  8446 10655  7938  8094
ch   45:      0     0     0     0     0     0     0     0     0     0     0     0     0     0     0     0     0     0     0     1     5    61   755  4144  6805 10523 10138  9919  9809 11330 11280 16691
ch   46:      0     0     0     0     0     0     0     0     0     0     0     0     0     0     0     0     0     0     0     1     5    32   483  3019  5440 12490  9088 10990 12160 13955  7990 16411
ch   47:      0     0     0     0     0     0     0     0     0     0     0     0     0     0     0     0     0     0     0     2    16   110   747  5978  8521 10255  4901  9845  9259  9179 10260 11095
ch   48:      0     0     0     0     0     0     0     0     0     0     0     0     0     0     0     0     0     0     0     1   460    60   422  3851  5045  7271  9057 10547  8542 15023  8066  8697
ch   49:      0     0     0     0     0     0     0     0     0     0     0     0     0     0     0     0     0     0     0     2    11  4303   599  4087  8130 14201 10906  9940  6064 11830  5557 12487
ch   50:      0     0     0     0     0     0     0     0     0     0     0     0     0     0     0     0     0     0     0     0     3    42   260  2591 15339  3864  8494  8680 11549  9460  7074 16648
ch   51:      0     0     0     0     0     0     0     0     0     0     0     0     0     0     0     0     0     0     0     2    12   137  1092  7210 12557 10031  7538  9287  9454 11882  6677  5637
ch   52:      0     0     0     0     0     0     0     0     0     0     0     0     0     0     0     0     0     0     0     0     2    52   384  3595 14819  4460 13129 11495 10785  8443  9629  8551
ch   53:      0     0     0     0     0     0     0     0     0     0     0     0     0     0     0     0     0     0     0     3    13   156  1116  6037 11418  9158  4861 13710 11800 10729  5527 11946
ch   54:      0     0     0     0     0     0     0     0     0     0     0     0     0     0     0     0     0     0     0     0     3    67   667  3416  3951  7362 10555  9393  9067  7993 12432  3816
ch   55:      0     0     0     0     0     0     0     0     0     0     0     0     0     0     0     0     0     0     0     2    11   122  1152  7696 12568  8428  9265  9199  9265 12772  7821 11881
ch   56:      0     0     0     0     0     0     0     0     0     0     0     0     0     0     0     0     0     0     0     0     6    80   525  3439 12029 11326 10731  9773  9327 15582 11914 10965
ch   57:      0     0     0     0     0     0     0     0     0     0     0     0     0     0     0     0     0     0     0     3    17   122   892  6477 16043 10421  8350 10585 13977 13515  6877  4523
ch   58:      0     0     0     0     0     0     0     0     0     0     0     0     0     0     0     0     0     0     0     0     3    54   523  3889 15140  7228 10442  9878 10442  7870  9563  7819
ch   59:      0     0     0     0     0     0     0     0     0     0     0     0     0     0     0     0     0     0     0     0    10    94   961  7168 15253 10055  4304 11572 10452  9181  8632  2145
ch   60:      0     0     0     0     0     0     0     0     0     0     0     0     0     0     0     0     0     0     0     2     6    59   572  3121 15021  9566  9911  8166  8812 11518 10132  8745
ch   61:      0     0     0     0     0     0     0     0     0     0     0     0     0     0     0     0     0     0     1     2    21   160  1128  7954  5677  6235 15874 10407 10638 14151 10968  3220
ch   62:      0     0     0     0     0     0     0     0     0     0     0     0     0     0     0     0     0     0     0     0     2    44   344  3385  8867  4487 13261  9614 13451  7393 13885  4020
ch   63:      0     0     0     0     0     0     0     0     0     0     0     0     0     0     0     0     0     0     1     2    20   226  1618  9961 13675 11016  8844 10945  6768 10633 10325  3223
ch   64:      0     0     0     0     0     0     0     0     0     0     0     0     0     0     0     0     0     0     0     1     9    69   586  3622 10898 14081 11828 13580 11616  8979 10595  3747
ch   65:      0     0     0     0     0     0     0     0     0     0     0     0     0     0     0     0     0     0     0     1    14   146  1275  8132  2410 10146  8301  9701 11718 14372  9993  7963
ch   66:      0     0     0     0     0     0     0     0     0     0     0     0     0     0     0     0     0     0     0     2     9    43   486  3770  8174  6574  6865 10866 11398  8587  7560  2658
ch   67:      0     0     0     0     0     0     0     0     0     0     0     0     0     0     0     0     0     0     0     2    11   106  1199  8497 13793 11996 10507 12562 11576  8857 12907  9524
ch   68:      0     0     0     0     0     0     0     0     0     0     0     0     0     0     0     0     0     0     0     0     7    67   419  3620  4117 11235 11763  4102 11651  2247  8938  4828
ch   69:      0     0     0     0     0     0     0     0     0     0     0     0     0     0     0     0     0     0     0     0     5   101  1266  7130  9000  8108 16542 12928  4971 13745 10034 16763
ch   70:      0     0     0     0     0     0     0     0     0     0     0     0     0     0     0     0     0     0     0     0     3    72   510  4179 12632  7894 11016 11321 12432  9791  8720 12343
ch   71:      0     0     0     0     0     0     0     0     0     0     0     0     0     0     0     0     0     0     0     1    20   206   974  8594 12950  5761  7511 12253 13764 11193 11779 16380
ch   72:      0     0     0     0     0     0     0     0     0     0     0     0     0     0     0     0     0     0     0     0     5    51   440  4126  3310  6727 12399 12965 11341  6649  5489  2996
ch   73:      0     0     0     0     0     0     0     0     0     0     0     0     0     0     0     0     0     0     1     1     5   102   975  6613 12833  8021 10302  7410  9288  9601  8044 14331
ch   74:      0     0     0     0     0     0     0     0     0     0     0     0     0     0     0     0     0     0     0     0     6    83   489  4845  9302  8506  6353  9742  9477 13374 11869 16109
ch   75:      0     0     0     0     0     0     0     0     0     0     0     0     0     0     0     0     0     0     0     2    27   187  1301  8531  9061  9153 13785 11605 13919 12208 13539 16166
ch   76:      0     0     0     0     0     0     0     0     0     0     0     0     0     0     0     0     0     0     0     1    11    64   890  4309 11269  7007 10160  7725  6627  5712  6712 18492
ch   77:      0     0     0     0     0     0     0     0     0     0     0     0     0     0     0     0     0     0     0     0    26   167  1497  6519  6246  6674  6660  8920  9960  7876 11620 11275
ch   78:      0     0     0     0     0     0     0     0     0     0     0     0     0     0     0     0     0     0     0     1     5   122   720  4194 13745  7704 10590  8635 16243  8728  8794  7160
ch   79:      0     0     0     0     0     0     0     0     0     0     0     0     0     0     0     0     0     0     0     0    19   200  1232 11516 11370  7592 14492 12031  6478  8555 14963  9602
ch   80:      0     0     0     0     0     0     0     0     0     0     0     0     0     0     0     0     0     0     0     0     6    90   716  4700  2268 11034  9353 13847 10109  9036  9344 14630
ch   81:      0     0     0     0     0     0     0     0     0     0     0     0     0     0     0     0     0     0     0     2    27   153  1476  7592  4244 11476 10638  6425 12659 10962  8437  4532
ch   82:      0     0     0     0     0     0     0     0     0     0     0     0     0     0     0     0     0     0     0     0     7    75   637  4934  7986 12571  9077 14090  7034 10376  7341 17830
ch   83:      0     0     0     0     0     0     0     0     0     0     0     0     0     0     0     0     0     0     0     0    22   168  1320  9963  9784 14857  9053 17519  8358 15104 11557 16135
ch   84:      0     0     0     0     0     0     0     0     0     0     0     0     0     0     0     0     0     0     0     2     8    85   695  4642  9188 11355 10482  9535 12905  7507  6595  5276
ch   85:      0     0     0     0     0     0     0     0     0     0     0     0     0     0     0     0     0     0     0     2    18   277  1631 10703 11982 10590  9333  8173 10843  9925  5322  4240
ch   86:      0     0     0     0     0     0     0     0     0     0     0     0     0     0     0     0     0     0     0     3     8    59   579  4809 10475 11731 12014  9128 11884  6467  9355 12867
ch   87:      0     0     0     0     0     0     0     0     0     0     0     0     0     0     0     0     0     0     0     2    22   192  1565 10003 10881 10283  6994 13376 13554 10702  8929 14309
ch   88:      0     0     0     0     0     0     0     0     0     0     0     0     0     0     0     0     0     0     0     1     6    68   551  4835  8419 11432 12947 12641  7492  8415 10438  5885
ch   89:      0     0     0     0     0     0     0     0     0     0     0     0     0     0     0     0     0     0     0     2    19   173  1313  9027 10688 10014  8726  6757  7781 11258 11922  9401
ch   90:      0     0     0     0     0     0     0     0     0     0     0     0     0     0     0     0     0     0     0     0    14    88   655  5079 17141  9649  3658 15593 11438 13014  5994  5615
ch   91:      0     0     0     0     0     0     0     0     0     0     0     0     0     0     0     0     0     0     0     2    22   272  2117 12990  5876  9435 12018  8935  9988 13610 13320 14783
ch   92:      0     0     0     0     0     0     0     0     0     0     0     0     0     0     0     0     0     0     0     0     5   104   818  6259 12165 11322  9796 15145 13267  5437 10563 17173
ch   93:      0     0     0     0     0     0     0     0     0     0     0     0     0     0     0     0     0     0     0     1    13   225  1599 12851  7658  5862 10018  9821  9161  9262  7043 18732
ch   94:      0     0     0     0     0     0     0     0     0     0     0     0     0     0     0     0     0     0     0     0     6    91   819  5282 14323 11714  5571  9927  8004 12369 10384  1702
ch   95:      0     0     0     0     0     0     0     0     0     0     0     0     0     0     0     0     0     0     0     2    25   235  1785 11027 12016 11031 11654  8429  7009  7892 12477  5321
ch   96:      0     0     0     0     0     0     0     0     0     0     0     0     0     0     0     0     0     0     0     0    16   113  1111  7120 13511  4674  3517 12188 14985  8906  7891  2467
ch   97:      0     0     0     0     0     0     0     0     0     0     0     0     0     0     0     0     0     0     0     6    32   251  1871 10392  7738 10496 13151 13921  6125  3845 13297  8716
ch   98:      0     0     0     0     0     0     0     0     0     0     0     0     0     0     0     0     0     0     0     0     8    89   926  6128 10608 11102 14250  7663 11193 10388 13459  5460
ch   99:      0     0     0     0     0     0     0     0     0     0     0     0     0     0     0     0     0     0     0     1    35   250  1504 12726 10081  8264  5456 11619  7001  9731 10925 17948
ch  100:      0     0     0     0     0     0     0     0     0     0     0     0     0     0     0     0     0     0     0     2    13    83   859  5702 11264 13834 16187  7120 11781 16070  9353 17314
ch  101:      0     0     0     0     0     0     0     0     0     0     0     0     0     0     0     0     0     0     0     1    20   235  1833 12932  8897  5308 11246 10154 11369 12299  6992  8892
ch  102:      0     0     0     0     0     0     0     0     0     0     0     0     0     0     0     0     0     0     0     0     3    60   716  6123 16701  7233  6197 13482 11329 14437  6864  7405
ch  103:      0     0     0     0     0     0     0     0     0     0     0     0     0     0     0     0     0     0     0     2    41   303  2237 10836 13197 10658  8945 11193  3978  7214  7984 14171
ch  104:      0     0     0     0     0     0     0     0     0     0     0     0     0     0     0     0     0     0     0     0    18   123  1130  6442 14798  8116 11176  8734  6385 14594  8459 10913
ch  105:      0     0     0     0     0     0     0     0     0     0     0     0     0     0     0     0     0     0     0     2    34   384  3020 13102 13090  8347 10877 11900 13270  6677  7751 15525
ch  106:      0     0     0     0     0     0     0     0     0     0     0     0     0     0     0     0     0     0     0     0    14    85   991  8398  7820  9991 10938  8743 13964 13957 10394  7748
ch  107:      0     0     0     0     0     0     0     0     0     0     0     0     0     0     0     0     0     0     0     4    36   237  1938 16536 10059  7281  8458 10566 11052 10206 10461  7164
ch  108:      0     0     0     0     0     0     0     0     0     0     0     0     0     0     0     0     0     0     0     0     6    85   834  6111 13315  7755  9119 14010 10244  7581 11097 13746
ch  109:      0     0     0     0     0     0     0     0     0     0     0     0     0     0     0     0     0     0     0     4    28   223  1848  9631 12528 10039  8366 11268 15648  5963 11124  5535
ch  110:      0     0     0     0     0     0     0     0     0     0     0     0     0     0     0     0     0     0     0     1    20   168   921 10612 12283 10547 11286  5125 11602  9991 15779 15322
ch  111:      0     0     0     0     0     0     0     0     0     0     0     0     0     0     0     0     0     0     0     2    23   312  1573 15248  9279 12614 12371 15164 10197  8528  5715  8080
ch  112:      0     0     0     0     0     0     0     0     0     0     0     0     0     0     0     0     0     0     0     2    12    97  1125  7598 15434 12536 13253  9924  8703  8652  7013 13930
ch  113:      0     0     0     0     0     0     0     0     0     0     0     0     0     0     0     0     0     0     0     1    22   304  1881 17668  5537 10396  8551 10731 10532  7918 11988  6648
ch  114:      0     0     0     0     0     0     0     0     0     0     0     0     0     0     0     0     0     0     0     1    13    76   829  7027  6552  7586 11257  9761 11121 11993 10607  3451
ch  115:      0     0     0     0     0     0     0     0     0     0     0     0     0     0     0     0     0     0     0     3    25   202  1814 13609  5236  9668  9860 13104 12930  9893 14442  3030
ch  116:      0     0     0     0     0     0     0     0     0     0     0     0     0     0     0     0     0     0     0     1    13   210  1187  7344 13009  8960  8538  8918 13695  7171  6842 13328
ch  117:      0     0     0     0     0     0     0     0     0     0     0     0     0     0     0     0     0     0     0     1    21   177  1985 10796  5289  8763  9506 15503  6597 13534 13947 12451
ch  118:      0     0     0     0     0     0     0     0     0     0     0     0     0     0     0     0     0     0     0     0     3    91   963  6984  2870 11745 10862 10930  9891 11578  9126  4701
ch  119:      0     0     0     0     0     0     0     0     0     0     0     0     0     0     0     0     0     0     0     4    33   290  1934 17684  8589  7533 14993 10674  8465  8555  9714 11882
ch  120:      0     0     0     0     0     0     0     0     0     0     0     0     0     0     0     0     0     0     0     1     9    92   932  7154 11022 13148 13753 13797 10809 10259 13202  9173
ch  121:      0     0     0     0     0     0     0     0     0     0     0     0     0     0     0     0     0     1     2     5    34   252  2028 11641 12238 14561 12877  9413  7471 10259 10599 14190
ch  122:      0     0     0     0     0     0     0     0     0     0     0     0     0     0     0     0     0     0     0     0    15    98   986  7423 15671  8585 10145  8686 10015 13657 10988 11107
ch  123:      0     0     0     0     0     0     0     0     0     0     0     0     0     0     0     0     0     0     0     2    14   222  1988 12977 10042  8382 11086 10181  9881  9117 12392  8993
ch  124:      0     0     0     0     0     0     0     0     0     0     0     0     0     0     0     0     0     0     0     6    15   179  1118  8653 12756 14262 14287  8464  9268  6913  9392 10110
ch  125:      0     0     0     0     0     0     0     0     0     0     0     0     0     0     0     0     0     0     0     1    24   270  2019 13026  6658 10636  8817 10818  9095  6486  7361  4940
ch  126:      0     0     0     0     0     0     0     0     0     0     0     0     0     0     0     0     0     0     0     1    14   214   980  6487  5169  7193  5838  7800  9188  5991 11590 17097
ch  127:      0     0     0     0     0     0     0     0     0     0     0     0     0     0     0     0     0     0     0     9    54   719  3610  2973  9189 13166 13620 11079  9229 11502 10983 13472
