ch    0:      0     0     0     0     0     0     0     0     0     0     0     0     0     0     0     0     0     0     0     0    15    65   357  1276  5597 13391 14528  9779 11605 10045  9656  3073
ch    1:      0     0     0     0     0     0     0     0     0     0     0     0     0     0     0     0     0     0     0     4    14   118   512  2253  9331  3863 13493 16089  8027 16486 11579  8029
ch    2:      0     0     0     0     0     0     0     0     0     0     0     0     0     0     0     0     0     0     0     5    16   111   678  2359 10377  8824 10281  8350  8842 10420 13963 11018
ch    3:      0     0     0     0     0     0     0     0     0     0     0     0     0     0     0     0     0     0     1     6    48   195  1078  4265 14611  6642 14196  6962 14831 10213  6833  4931
ch    4:      0     0     0     0     0     0     0     0     0     0     0     0     0     0     0     0     0     0     0     1    17   146   636  3400 15547 10928  8397  8772 11624 11825  6749 11914
ch    5:      0     0     0     0     0     0     0     0     0     0     0     0     0     0     0     0     0     0     2     6    48   258   936  4613 14470  4726 12199  9360  6930 14592 13488  4535
ch    6:      0     0     0     0     0     0     0     0     0     0     0     0     0     0     0     0     0     0     1     3    21   224  1304  3898 16790 11583 10551  8069  8944  8982  7704  3483
ch    7:      0     0     0     0     0     0     0     0     0     0     0     0     0     0     0     0     0     0     2    13    57   398  1694  6866  7636 10482 11972 16406  7020 11077 10756  8508
ch    8:      0     0     0     0     0     0     0     0     0     0     0     0     0     0     0     0     0     0     2     5    60   271  1203  5574 12192  7568  8987  7573  8927  9447 13718 12300
ch    9:      0     0     0     0     0     0     0     0     0     0     0     0     0     0     0     0     0     0     2     6    84   449  2268  8293 15199  6257 10197  7628  9975  7920 10463  9282
ch   10:      0     0     0     0     0     0     0     0     0     0     0     0     0     0     0     0     0     0     1    12    52   326  2103  8193  9476  8886 13330 13631  7176 11693  9876 17051
ch   11:      0     0     0     0     0     0     0     0     0     0     0     0     0     0     0     0     0     0     4    17    92   566  2515  9754 12997  9530 14041  8753  9863 12994 11273 14024
ch   12:      0     0     0     0     0     0     0     0     0     0     0     0     0     0     0     0     0     0     1    11    83   480  2210 10364 11813  7172  6122 10199  9321 13931  8304  4509
ch   13:      0     0     0     0     0     0     0     0     0     0     0     0     0     0     0     0     0     1     6    44   214   959  4156 16463  7497 12314 13082 12518  8093 13847 10444  6269
ch   14:      0     0     0     0     0     0     0     0     0     0     0     0     0     0     0     0     0     0     3    23   131   703  2496 12196 11559 12826  9834  8186  7309 13952 11587  7813
ch   15:      0     0     0     0     0     0     0     0     0     0     0     0     0     0     0     0     2     2     4    22   127   659  4883 13571 11132  8823 13734  5233  3018 14221 13049  7588
ch   16:      0     0     0     0     0     0     0     0     0     0     0     0     0     0     0     0     0     0     5    23    92   701  2362 11469 11782 13207  8611 16183  7567 13437  8166  5485
ch   17:      0     0     0     0     0     0     0     0     0     0     0     0     0     0     0     0     0     0     9    33   184  1121  4166 18107 11215 11942  8916 10022  8803  6576 15293 11810
ch   18:      0     0     0     0     0     0     0     0     0     0     0     0     0     0     0     0     0     0     6    27   162   696  4158 14933 13406  9889  9411  9735  9989 10078 11154 10612
ch   19:      0     0     0     0     0     0     0     0     0     0     0     0     0     0     0     0     1     1     6    55   249  1138  6131  9478  7682 11210  7582  9973 14423 11173 12136  4866
ch   20:      0     0     0     0     0     0     0     0     0     0     0     0     0     0     0     0     0     0     1    10   130   621  3884 14977  7245 10400 12535 16042 11471 12304 10424  7927
ch   21:      0     0     0     0     0     0     0     0     0     0     0     0     0     0     0     0     0     2    11    25   155  1115  4414 16807 15464  7856  9177  7997 11164 11952  6145 10338
ch   22:      0     0     0     0     0     0     0     0     0     0     0     0     0     0     0     0     0     0     2    28   147   845  2987 15772  5466  7914 15585 11289 10513 10998 15230 12542
ch   23:      0     0     0     0     0     0     0     0     0     0     0     0     0     0     0     0     0     0     9    47   271  1374  5422  6718 10400 12216  9178  6174  6680  8594 11107  7363
ch   24:      0     0     0     0     0     0     0     0     0     0     0     0     0     0     0     0     0     0     1    25   149  1037  4560 14884 14283 14143  8267 10356 11863 13197  4904 12612
ch   25:      0     0     0     0     0     0     0     0     0     0     0     0     0     0     0     0     0     1     8    26   252  1632  7613  4620  7280 12867  5644  6901 12029  8273 15668 11914
ch   26:      0     0     0     0     0     0     0     0     0     0     0     0     0     0     0     0     0     2    10    42   178  1159  5342  7176  6792  9917 11411  6460  9316 12735 12802 13933
ch   27:      0     0     0     0     0     0     0     0     0     0     0     0     0     0     0     0     0     0     4    46   316  1831  6084  9891 12576  7860  9943 13839  7601 14428  8358 16551
ch   28:      0     0     0     0     0     0     0     0     0     0     0     0     0     0     0     0     0     0     9    45   359  1449  6067  8139 14492 11049 10762 13316 11654 11407 12550 10502
ch   29:      0     0     0     0     0     0     0     0     0     0     0     0     0     0     0     0     0     1    11    53   335  2123  6408  8227 10835 10609  6814 11277 11568 10404  8448 10483
ch   30:      0     0     0     0     0     0     0     0     0     0     0     0     0     0     0     0     0     2     6    28   296  1087  6976  8332 11975  9933 10761 10354  6563  9229 14080  6894
ch   31:      0     0     0     0     0     0     0     0     0     0     0     0     0     0     0     0     0     0     9    57   236  1449  8134 14094 12565 12683 11194  6868  8776  9068  9559 15589
ch   32:      0     0     0     0     0     0     0     0     0     0     0     0     0     0     0     0     0     0     4    26   218   785  5626  6537  9147 12992 11381 10085 16478 12348 12078 12403
ch   33:      0     0     0     0     0     0     0     0     0     0     0     0     0     0     0     0     0     4     8    53   371  2268  8859 16000 10545  8156  7222  7030 11037  8988 10242  4474
ch   34:      0     0     0     0     0     0     0     0     0     0     0     0     0     0     0     0     0     0     8    48   248  1720  6656  5580 10675 10442  6439  9252 10463  9350  9224 12877
ch   35:      0     0     0     0     0     0     0     0     0     0     0     0     0     0     0     0     0     2     9    88   406  2482  8272  8534 12381 14138  6984  8289 10603 11870 14237 13139
ch   36:      0     0     0     0     0     0     0     0     0     0     0     0     0     0     0     0     0     2     8    39   251  1633  5515  8297 16622  8726 15312 12944 10533  7817  8870  6748
ch   37:      0     0     0     0     0     0     0     0     0     0     0     0     0     0     0     0     0     2    11    59   356  2256 10922  8696 12027  7410 14037 11583 12442  9359  9978 10624
ch   38:      0     0     0     0     0     0     0     0     0     0     0     0     0     0     0     0     0     2    11    70   261  1986  9003 13333  4707 14930 11286 10922 13541 16698  9830  9527
ch   39:      0     0     0     0     0     0     0     0     0     0     0     0     0     0     0     0     0     2    11    63   555  2640  8539 10270  8524  8677  4337 11427 12532  8900 11257  8634
ch   40:      0     0     0     0     0     0     0     0     0     0     0     0     0     0     0     0     0     2     8    56   392  2314  9063 13525 14331 14555  8424  9193  5266 13469 10839 13918
ch   41:      0     0     0     0     0     0     0     0     0     0     0     0     0     0     0     0     0     3    22    94   745  2391 13080 15737  8273  9590  9909 10594  8326  7342  9800  9952
ch   42:      0     0     0     0     0     0     0     0     0     0     0     0     0     0     0     0     0     1     8    42   304  2071  8422 12441 12243 10592 13467  9692  9093 12294  9660 13679
ch   43:      0     0     0     0     0     0     0     0     0     0     0     0     0     0     0     0     0     4    15    93   579  2867 10533  6924 10298 10987 13183  5855 11956 10019 12519 13417
ch   44:      0     0     0     0     0     0     0     0     0     0     0     0     0     0     0     0     0     1    11    53   588  2124 10422 13632 15245 10599 16274  6405 11752  8474 10192 10853
ch   45:      0     0     0     0     0     0     0     0     0     0     0     0     0     0     0     0     1     2     7    90   449  2455 12227  7838 10151 10768 14395 10743 11389  8969 10287  7401
ch   46:      0     0     0     0     0     0     0     0     0     0     0     0     0     0     0     0     0     0     5    55   428  2316  7768 14770 13456 13199 12621 10041 11225  8799 10668 13344
ch   47:      0     0     0     0     0     0     0     0     0     0     0     0     0     0     0     0     1     6    36   152   493  3776 16780  8946  8989 12279 10561  9319 12429 11132 13850  8433
ch   48:      0     0     0     0     0     0     0     0     0     0     0     0     0     0     0     0     0     3    19    79   637  2908 12979  7184  8733  8614 12572  6330 11307 11872 12832 10890
ch   49:      0     0     0     0     0     0     0     0     0     0     0     0     0     0     0     0     0     1    19    92   579  2952 14148 12328  9326 12725  8013 12344  6030  3373 12232 12496
ch   50:      0     0     0     0     0     0     0     0     0     0     0     0     0     0     0     0     0     1    15    66   463  2141 11725 12078 12195 10733  5967 11777 10071 16173 11803 10326
ch   51:      0     0     0     0     0     0     0     0     0     0     0     0     0     0     0     0     1     6    38   133  1163  5086  4991 11783 12429  9845 13025 11688 12547  7966 14314 11253
ch   52:      0     0     0     0     0     0     0     0     0     0     0     0     0     0     0     0     0     1    15    84   709  3120 13882  6139  8406  7269 11567 13537  7982  9486  8716 13652
ch   53:      0     0     0     0     0     0     0     0     0     0     0     0     0     0     0     0     2     9    33   195  1485  5648  5882  8803  9554 10048 17091  6109 10975 12848 12205 12463
ch   54:      0     0     0     0     0     0     0     0     0     0     0     0     0     0     0     0     1     2    12   132   631  2716 16533  8525  7669 12447  4335  6316  5635  8982 10890 10571
ch   55:      0     0     0     0     0     0     0     0     0     0     0     0     0     0     0     0     0     8    58   255  1971  5817  3239 10836  6192 10487  7455 11366  7020 10186 16311 15064
ch   56:      0     0     0     0     0     0     0     0     0     0     0     0     0     0     0     0     0     0     0     0     0     0     0     0     0     0     0     7     0     0     0     0
ch   57:      0     0     0     0     0     0     0     0     0     0     0     0     0     0     0     0     1     7    54   323  1337  9316  4913  9394 13629  9512 11931  7788 11699  8942  8130 10908
ch   58:      0     0     0     0     0     0     0     0     0     0     0     0     0     0     0     0     0     2    11   114   732  3802 17236 10234 10867  8453  6660  9471 16266  7342 12116 10810
ch   59:      0     0     0     0     0     0     0     0     0     0     0     0     0     0     0     0     1     2    24   139   825  4245  5401 15460  7674  9433 17280 11290 10217  8970  7257  6323
ch   60:      0     0     0     0     0     0     0     0     0     0     0     0     0     0     0     0     0     0    23   123   596  3360 12968 15656 12060 11494  8233 12043  9044  7554  9423  8222
ch   61:      0     0     0     0     0     0     0     0     0     0     0     0     0     0     0     0     0     2    27   162   777  4380 15115 13074 10127 12302  3983  7047 13152 13453 11346  6930
ch   62:      0     0     0     0     0     0     0     0     0     0     0     0     0     0     0     0     1     1    16   127   500  3842 14682  7122  8558 14646 10159  9838  8419  7373 13628  9687
ch   63:      0     0     0     0     0     0     0     0     0     0     0     0     0     0     0     0     0     5    30   174  1000  5196 15034 11010 12708 12347  9536  6128 10725 14465  9471  8298
ch   64:      0     0     0     0     0     0     0     0     0     0     0     0     0     0     0     0     0     1     7   105   642  2866  9827 11646 11706  9049 13189 15557  8576 12444  5146  7248
ch   65:      0     0     0     0     0     0     0     0     0     0     0     0     0     0     0     0     0     1    31   121  1012  4403 17111 14857 12471  9776  6155 11065  9206 14484  6410 10946
ch   66:      0     0     0     0     0     0     0     0     0     0     0     0     0     0     0     0     0     2    13   103   470  3027 16828 11638 10205  9405  7896  7694 10582  2767 12382  8641
ch   67:      0     0     0     0     0     0     0     0     0     0     0     0     0     0     0     0     3     7    19   130  1227  4667  2512 11158 12430  7706 11565  9924  8685 10229 11770  7235
ch   68:      0     0     0     0     0     0     0     0     0     0     0     0     0     0     0     1     2     3    14    68   717  2824 13770 10476  5130 10699 10970 12657  9579 11625 10199 15578
ch   69:      0     0     0     0     0     0     0     0     0     0     0     0     0     0     0     0     0     2    25   187  1380  8133  2960  9415  6552  8660 12661  7943  4780  9748  8810  6464
ch   70:      0     0     0     0     0     0     0     0     0     0     0     0     0     0     0     0     0     2    10   115   663  2897 15933  7527 10308  5363  9124 15300 12818  7312  6412 10679
ch   71:      0     0     0     0     0     0     0     0     0     0     0     0     0     0     0     0     0     2    19   173  1082  4969 11419 11905  8508 13634 10165  4695 12786 14343 11147 11764
ch   72:      0     0     0     0     0     0     0     0     0     0     0     0     0     0     0     1     1     2     9   103   632  2679 12494  7589 13142  9162 11601 12074 12729 10939  8536 12244
ch   73:      0     0     0     0     0     0     0     0     0     0     0     0     0     0     0     0     0     2    29   179  1214  5574  8800 11256  5247 10159 11880 10561 13216 10496 10762 12326
ch   74:      0     0     0     0     0     0     0     0     0     0     0     0     0     0     0     0     0     3    17   134   916  4204 10951 13776 10682  8078  9018  9864 10408 13104  7267  8557
ch   75:      0     0     0     0     0     0     0     0     0     0     0     0     0     0     0     0     0     3    43   195  1225  5673  3030  8573 14970 11403  9571 10585  8660 14565 10834 13662
ch   76:      0     0     0     0     0     0     0     0     0     0     0     0     0     0     0     0     0     4    24    99   637  3113 17523 10565  5624  6408  8950 12988 11373 11557 16146  8954
ch   77:      0     0     0     0     0     0     0     0     0     0     0     0     0     0     0     0     1     4    24   128  1329  7939  4477 14053  9488  6658 10634 10290 13925  8035  6462  8125
ch   78:      0     0     0     0     0     0     0     0     0     0     0     0     0     0     0     0     0     5    18   198   675  3585 19358 15061 10649 12506 15276 12182 14571  7991  5445  9396
ch   79:      0     0     0     0     0     0     0     0     0     0     0     0     0     0     0     0     0     1    24   171   855  4571 11222 14383  3892  9892 12004 10831 12407  9473 13036 11433
ch   80:      0     0     0     0     0     0     0     0     0     0     0     0     0     0     0     0     0     2    28   159   688  4265 13258  9507  7420 11239  9496 11915 12397  8170  9335 10890
ch   81:      0     0     0     0     0     0     0     0     0     0     0     0     0     0     0     0     0     1    19   144  1426  5304  4277  9686 15475 12364 10460 15413  9789 11178  4731 14629
ch   82:      0     0     0     0     0     0     0     0     0     0     0     0     0     0     0     0     0     4    12   106   867  3242  8455 10590  9274  8648  9894  8793 13196 11612 11675  5154
ch   83:      0     0     0     0     0     0     0     0     0     0     0     0     0     0     0     0     0     2    39   190   991  5733  8496 12920  9714  8939  9492 11101 10914  6598 11355  8948
ch   84:      0     0     0     0     0     0     0     0     0     0     0     0     0     0     0     0     1     3    17    83   732  2911 13930  7929  9960  9779 12402  7811 10054  6588 10749 11314
ch   85:      0     0     0     0     0     0     0     0     0     0     0     0     0     0     0     0     1     7    31   202   935  4283  3495  7810 10743 13337  7316  8797  7882  8374 10565 10911
ch   86:      0     0     0     0     0     0     0     0     0     0     0     0     0     0     0     0     0     0    12    86   476  3549 15813 10017 14148  9206  8119 10996 13784 10830 12593 12232
ch   87:      0     0     0     0     0     0     0     0     0     0     0     0     0     0     0     0     0     3    16   175   916  4939  7102 10615 10839  8847  7499  9029  9387  6448  9527 13427
ch   88:      0     0     0     0     0     0     0     0     0     0     0     0     0     0     0     0     0     2     5    97   501  2973  3049 10505 12050  5295 12580 11921  7035  8054 12562  7540
ch   89:      0     0     0     0     0     0     0     0     0     0     0     0     0     0     0     0     1     7    23   195  1241  7144  3429  9418  8121  7493  8484  9799  7788  9145 11261  6735
ch   90:      0     0     0     0     0     0     0     0     0     0     0     0     0     0     0     0     0     5    36   318  2512 11406 10132  8591 12812  8780  8227 10059  9917 13723 10052  6501
ch   91:      0     0     0     0     0     0     0     0     0     0     0     0     0     0     0     0     0     4    26   138  1148  5646 16677 15150 11672  5082 11937  8237  9555 10583 11583  8505
ch   92:      0     0     0     0     0     0     0     0     0     0     0     0     0     0     0     0     0     2    24   156   937  3437 18151  7973  6998 10468 11484 13046 10537  9895  8133 10600
ch   93:      0     0     0     0     0     0     0     0     0     0     0     0     0     0     0     0     0     4    24   154   856  4570  6302  6964  9569  7867 11011 11743 12798 10203  9826 13326
ch   94:      0     0     0     0     0     0     0     0     0     0     0     0     0     0     0     0     0     2     8    79   588  3329 16415  8867 10869  9148 14337 11355  6519 13040 10767  7760
ch   95:      0     0     0     0     0     0     0     0     0     0     0     0     0     0     0     0     0     3    35   218  1427  4567  7476  6019 15468 13560 13967  6208  9785  5224 11035 10173
ch   96:      0     0     0     0     0     0     0     0     0     0     0     0     0     0     0     0     0     0    20   105   597  3726 17064 10663  6309  8245  8522  9313  9337  7255  7158 11561
ch   97:      0     0     0     0     0     0     0     0     0     0     0     0     0     0     0     0     0     3    36   177   991  5990 12116 11649 13774 15764 13723 13313  8485  7881  5812 11215
ch   98:      0     0     0     0     0     0     0     0     0     0     0     0     0     0     0     0     0     3     9   107   482  3775 16780 13491  7666  6954  9960  9523  9073 11433 10711 10013
ch   99:      0     0     0     0     0     0     0     0     0     0     0     0     0     0     0     0     0     6    27   217  1598  6440  4077  9657 11919 13179 11030  4015 13532 11646 12507  9300
ch  100:      0     0     0     0     0     0     0     0     0     0     0     0     0     0     0     0     0     1    11    85   835  4053 15116  7360  7224 12417 14469 12744 12861 11715 13366 11265
ch  101:      0     0     0     0     0     0     0     0     0     0     0     0     0     0     0     0     1     3    31   161  1205  7205 14511 10096 10423 11287  9777 10527  6686 11189 13222  6030
ch  102:      0     0     0     0     0     0     0     0     0     0     0     0     0     0     0     0     1     2    15   138   524  3308 15288 15174  9368 10163 11974  7896 13713  7113  5003 13404
ch  103:      0     0     0     0     0     0     0     0     0     0     0     0     0     0     0     0     0     3    24   132   998  6191  5086 11583  7476 11426 11212 10560  7904  8629  8828  9957
ch  104:      0     0     0     0     0     0     0     0     0     0     0     0     0     0     0     0     0     1    13   140   701  3669 15764  8572 10256 11329  9325 11063  7588 11914  9870  7637
ch  105:      0     0     0     0     0     0     0     0     0     0     0     0     0     0     0     0     0     2    30   151  1257  4618  2393  9081 10090  8679 12686 12541 12569  8211  8497  6565
ch  106:      0     0     0     0     0     0     0     0     0     0     0     0     0     0     0     0     0     2    14   112   596  4299 16690 15301 14404  9364  9719 12015 11182  9403  7441  9972
ch  107:      0     0     0     0     0     0     0     0     0     0     0     0     0     0     0     0     1     3    54   223  1073  6409  6767  6888  7188  8544 12207  9501 14106 11330  6979 12481
ch  108:      0     0     0     0     0     0     0     0     0     0     0     0     0     0     0     0     0     1    22   142   843  4519  3715 12655 10528  9075 10579  8613 11138 11727  7626 14612
ch  109:      0     0     0     0     0     0     0     0     0     0     0     0     0     0     0     0     1     6    20   174   977  7041 10570 12572 10233 12768  6394 10864  3553 10921 12138 10166
ch  110:      0     0     0     0     0     0     0     0     0     0     0     0     0     0     0     0     0     3     9   132   673  3789  4843 16830  9179 12967 13296  8559  6935  7972 11825 17032
ch  111:      0     0     0     0     0     0     0     0     0     0     0     0     0     0     0     0     0     1    20   261  1451  8051  9733 10566  8308  9282  9382 10892  9312  9767  8054 11841
ch  112:      0     0     0     0     0     0     0     0     0     0     0     0     0     0     0     0     0     1    12   159   921  3532 18202 11621 11304  8436  7493 10429 12579 12758 12921 14164
ch  113:      0     0     0     0     0     0     0     0     0     0     0     0     0     0     0     0     0     1    25   226  1124  5226 10296 10502  6122 11152 11242 11118 13850  8297  7379 15924
ch  114:      0     0     0     0     0     0     0     0     0     0     0     0     0     0     0     0     0     5    20   111   796  3858  8524  8615  9728 11550 10612  5084 13141  8335  8370 12469
ch  115:      0     0     0     0     0     0     0     0     0     0     0     0     0     0     0     0     0     4    30   168   879  5818 12209  9899  7378  9895 10855  7304 14285  7979 10142  8273
ch  116:      0     0     0     0     0     0     0     0     0     0     0     0     0     0     0     0     0     0     6   104   573  3890 16809  7194 11056  8206 12133 11053  9142  8479  9403 13663
ch  117:      0     0     0     0     0     0     0     0     0     0     0     0     0     0     0     0     0     0    31   157  1049  5808  2550  7988 11322  8392 10890  9839 11534 12601 14285 10113
ch  118:      0     0     0     0     0     0     0     0     0     0     0     0     0     0     0     0     0     3    15   110   624  3505 18991  6460  8753  5155  8617 10803 14133 12046 10517  7961
ch  119:      0     0     0     0     0     0     0     0     0     0     0     0     0     0     0     0     2     4    15   138  1203  7106  2526 10713  8715  7342 11327 15447 10759 13345 13188 13852
ch  120:      0     0     0     0     0     0     0     0     0     0     0     0     0     0     0     0     0     1    30   125   785  4535  7555 11249  8798 14852 10838  9426 10716 10140  5338 10475
ch  121:      0     0     0     0     0     0     0     0     0     0     0     0     0     0     0     0     1     3    26   123  1382  7698 11225 10501 10665  8082 11049 11569 15106  7310 10222  9139
ch  122:      0     0     0     0     0     0     0     0     0     0     0     0     0     0     0     0     0     2    10   142   934  3664  7987 14058  8014  8375 10447  8959 12547  6480 12243  7477
ch  123:      0     0     0     0     0     0     0     0     0     0     0     0     0     0     0     0     0     2    37   183  1190  7243  8092  8512 14324 13054  4940 10780 14368  6060 12722  8618
ch  124:      0     0     0     0     0     0     0     0     0     0     0     0     0     0     0     0     0     4    16   124   971  5382 17486 16041  8062 15966  8562  8331 13926  9427 11670  7490
ch  125:      0     0     0     0     0     0     0     0     0     0     0     0     0     0     0     0     0     2    37   180  1319  6463  8186  7964  8772 14893 12383  9798  6712  8080 11859 11473
ch  126:      0     0     0     0     0     0     0     0     0     0     0     0     0     0     0     0     1     2    31   180   935  5644  2133 12153 15366  9782 12542  9452  9754 13092  8473 10287
ch  127:      0     0     0     0     0     0     0     0     0     0     0     0     0     0     0     0     1     4    51   296  1541  9251 11056  7825  8260 11689 10593 12192  8870  9201 12878  9947
