# ID XA-000-08-002-000-004-116-04
# Tag _trim_
# Date 240618_11:29:05
# Vref_p 57
# Vref_n 24
# Thr2_glb 36
# Vref_t 118
# Vref_t_range 1
# Pol 0
# ADC range 30-247
# FAST disc 30
ch:   0  124  124  117  107  119  106  119  101  114  117  104   95  109  121  109  116  117  101  105  105  111  108  106  106   95  107  116  106  125  117  118   52
ch:   1  115  119  116  122  118  119  131  124  110  107  122  108  114  119  116  116  125  111  114  115  110  109  116   99  130  122  117  117  124  115  120   56
ch:   2  119  124  110  121  125  131  108  127  113  110  115  123  117  115  111  114  109  110  108  111  115  116  120  107  117  107  123  121  119  125  117   -1
ch:   3  119  122  115  106  110  117  120  116  126  120  119  120  116  116  121  108  123  117  117  118  117  119  111  117  116  120  117  122  122  119  127   42
ch:   4  123  109  117  119  121  117  111  124  119  121  113  119  115  118  108  121  116  117   99  120  115  111  132  117  116  111  122  117  124  122  115   19
ch:   5  119  120  105  111  117  114  124  119  117  115  118  124  118  129  117  119  119  123  106  111  107  125  110  121  123  116  122  113  127  125  127   56
ch:   6  124  107  117  114  106  107  104  117  117  110  107  116  106  113  107  108  120  120  115   -1  117  107  114  107  109  106  118  109  110  106  120   22
ch:   7  105  124  123  119  111  115  109  116  118  119  125  118  125  119  121  102  123  110  119  119  119  118  105  119  129  135  116  122  122  125  127   55
ch:   8  114  119  107  102  127  123  118  122  116  121  103  122  118  105  108  109  119  108  111  106  102  109  108  104  115  109  111  119  107  118  119   29
ch:   9  117  122  123  116  115  118  111  119  114  120  119  125  106  117  120  117  120  125  119  118  121  117  121  123  123  107  116  124  108  133  118   55
ch:  10  106  113  120  123  117  122  120  117  120  116  109  125  113  120  122  106  123  111  110  116  103  118  120  116  116  117  113  120  120  121  126   30
ch:  11  119  121  124  114  119  125  122  107  116  122  123  109  109  125  115  120  121  126   -1  107  103  109  118  107  117  104  122  116  124  121  132   55
ch:  12  105  124  111  105  119  120  108  123  113  118  108  117  122  107  113  108  109  118  107  109  115  115  105  106  118  115  120  117  123  116  120   26
ch:  13  114  116  132  120  117  122  115  114  122  124  120  108  121  131  126  119  126  111  116  121  127  121  116  122  123  122  115  123  119  129  127   56
ch:  14  122  117  108  123  116  117  118  123  107  121  118  117  104  106  118  107  109  104  117  108  100  101  103  105  116  106  121  105  115  109  114   16
ch:  15  120  124  118  115  117  121  132  124  114  124  120  121  118  117  122  123  110  119  118  106  119  125  116  104  124  126  126  123  108  123  134   54
ch:  16  124  119  107  117  124  122  106  115  119  111  115  119  117  123  107  125  107  104  107  118  121  115  106  109  108  108  121  119  121  122  124   20
ch:  17  120  109  118  124  110  120  119  105  117  114  116  119  124  118  114  122  106  121  125  114  104  107  117  115  121  110  115  126  118  126  118   50
ch:  18  123  123  105  109  121  119  114  100  120  106  109  118  116  105  119  104  119  107  116  107  117  120  106  118  123  123  107  116  117  124  123   16
ch:  19  121  126  109  109  125  116  125  117  129  123  119  118  116  119  122  120  125  117  123  123  117  106  119  120  123  132  135  114  126  134  122   55
ch:  20  113  118  119  120  124  119   94  116  116  122  106  120  117  117  124  123  122  109  114  121  118  115  110  107  116  118  124  117  120  132  118   27
ch:  21  126  119  123  116  121  117  119  110  120  121  108  115  121  115  118  115  107  120  127  124  121  120  116  117  119  122  121  116  135  110  130   47
ch:  22  108  118  116  123  124  117  116  115  106  119  126  118  115  119  118  120  120  110  116  116  112  109  125  120  118  120  114  125  119  125  123   14
ch:  23  123  120  123  108  118  121  123  134  121  116  111  131  117  119  120  122  117  119  106  127  110  119  126  130  129  117  121  121  124  117  140   46
ch:  24  111  116  120  119  120  119  119  123  119  125  119  116   -1  124  119  122  113  116  107  119  110  117  120  122  102  113  117  122  117  123  126   24
ch:  25  118  108  116  123  120  124  111  119  116  123  135  117  111  120  116  121  123  119  109  108  121  110  120  132  116  121  118  123  131  125  119   50
ch:  26  127  119  123  119  115  118  120  119  115  101  119  122  119  117  115  120  118  108  119  107  121  107  115  108  119  118  124  126  121  126  123   17
ch:  27  119  121  126  120  118  123  126  118  129  110  117  121  120  120  108  109  125  120   99  131  122  109  117  122  105  129  126  125  127  127  131   56
ch:  28  111  123  121  123  103  115  115  117  117  121  103  110  118  107  106  121  125  115  116  125  116  107  108  127  124  122  108  131  126  120  134   26
ch:  29  123  121  125  114  121  116  124  115  124  114  107  114  118  108  118  107  121  122  110  123  124  118  111  126  117  121  121  125  132  130  122   54
ch:  30  117  121  120  123  112  126  107  111  107  117  109  117  116  117  125  100  110  117  126  120  106  103  130  108  118  114  118  110  130  131  117   26
ch:  31  105  129  126  122  124  120  117  115  124  106  111  125  109  119  116  106  125  123  116  120  121  105  130  126  117  118  133  126  134  126  131   47
ch:  32  118  111  123  105  126  104  120  119  108  122  103  108  117  124  107  114  121  105  117  114  116  125  121  104  123  118  122  114  119  130  128   20
ch:  33  121  125  118  118  122  120  108  118  122  115  119  133  121  125  116  119  121  122  119  122  123  118  118  130  124  118  120  131  127  132  129   56
ch:  34  115  115  125  115  125  122  116  117  108  107  106  110  111  106  108  103  113  107   99  110  108   93  119  114  116  124  117  107  118  119  124   24
ch:  35  122  120  119  125  115  124  122  120  121  131  121  126  120  118  123  123  116  123  130  115  121  128  115  129  135  138  121  122  131  124  125   51
ch:  36  109  116  110  125  105  113  107  114  119  120  118  125  119  122  116  108  109  122  109  119  120  126  124  117  116  116  122  122  127  123  121   24
ch:  37  123  130  118  123  132  121  117  126  121  121  110  110  117  105  116  115  124  125  108  117  118  121  121  108  108  118  118  122  120  126  136   56
ch:  38  131  118  125  117  120  120  118  104  102  125  109  114  106  120  104  118  118  104  108  105  119  122  109  117  117  110  118  114  121  118  120   32
ch:  39  115  121  123  126  121  125  118  121  120  123  122  116  130  124  130  116  119  121  118  132  124  109  118  120  127  125  123  119  117  128  139   56
ch:  40  132  106  119  125  116  116  122  117  104  115  120  115  122  121  117  117  108  111  107  121  116  110  123  116  126  115  116  115  116  116  133   27
ch:  41  118  120  114  125  117  115  122  120  120  121  108  116  120  116  124  119  115  124  106  129  119  106  121  125  122  123  123  127  127  130  130   44
ch:  42  104  110  116  118  120  116  107  104  117  108  115  118  107  115  104  103  108  102  111  111  109  106  112  104  120  120  114  109  120  123  115   27
ch:  43  121  120  106  123  119  121  121  106  116  121  112  117  111  109  118  105  117  130  120  114  119  125  119  121  113  129  127  118  115  122  131   55
ch:  44  117  120  108  117  123  120  120  118  123  105  120  117  120  104  119  122  123  120  109  103  116  123  111  117  122  115  124  120  126  125  123   35
ch:  45  117  123  126  104  123  132  115  116  138  124  124  119  126  114  118  122  124  124  120  119  115  121  121  108  119  129  133  128  131  118  134   47
ch:  46  119  115  117  119  108  126  109  119  106  108  119  122  108  118  125  115  110  107  119  104  101  116  110  121  118  115  115  101  123  119  109   31
ch:  47  126  125  115  116  118  114  113  126  120  110  122  121  116  115  122  123  123  121  133  122  116   -1  115  124  120  120  131  117  139  129  138   47
ch:  48  103  118  125  130  119  116  118  117  117  124  121  111  122  105  119  117  109  120  121  108  117  100  119  126  129  118  118  113  118  119  117   30
ch:  49  118  114  124  111  116  117  116  122  125  117  121  123  110  116  113  122  104  124  127  125  131  109  122  115  133  126  123  115  128  124  125   56
ch:  50  119  121  119  104  104  121  121  118  122  115  117  110  119  111  110  121  121  120  106  102  109  131  108  117  116  108  125   -1  122  135  123   35
ch:  51  119  125  126  122  123  132  109  107  115  122  126  129  117  118  120  124  105  122  120  122  132  109  119  122  119  111  121  131  131  125  131   49
ch:  52  106  120  133  122  108  119  110  117  124  110  129  107  125  119  122  108  120  118  119  114  116  110  119  120  125  109  124  136  126  117  124   31
ch:  53  133  124  110  132  125  125  129  131  124  120  117  119  119  111  120  125  127  122  119  120  118  132  123  125  130  123  137  123  124  120  128   56
ch:  54  134  120  118  123  117  116  110  115  103  109  110  118  111  100  105  118  105  108  104  101  106  113  106  117   92  104  116  119  115  121  125   25
ch:  55  120  115  124  119  117  122  134  121  119  122  106  103  118  121  124  126  119  120  109  109  120  119  125  123  126  121  107  121  122  119  134   46
ch:  56  127  129  110  123  117  110  117  114  128  117  115  119  124  105  113  116  119   95  106  106  121  115  114  108  128  120  117  118  120  129  122   30
ch:  57  132  122  119  121  121  124  120  122  122  115  119  111  109  119  114  115  125  130  114  118  112  131  130  118  116  106  123  126  128  124  130   49
ch:  58  124  116   99  119  120  119  116  105  109  120  117  118  109  117  119  123  119  104  118  107  132  117  117  116  123  120  125  120  124  122  131   25
ch:  59  131  130  124  123  132  116  110  119  119  119  129  121  130  118  109  114  118  117  112  110  114  120  123  122  116  115  127  121  124  119  123   54
ch:  60  118  115  117  133  110  120  118  119  130  122  123  111  102  125  119  120  116  120  116  108  118  119  121  115  107  107  116  125  110  118  117   36
ch:  61  124  122  125  120  129  120  124  124  108  130  122  120  117  121  121  125  123  120  124  108  127  118  118  113  117  133  132  116  120  123  135   51
ch:  62  123  116  124  115  118  108  111  116  126  130  121  117  119  116  107  111  109  103  103  121  119  121  117  115  110  113  107  121  121  117  117   29
ch:  63  131  121  126  125  118  123  124  130  123  120  120  124  121  126  126  123  123  125  122  119  123  120  131  120  125  118  124  131  131   -1  117   56
ch:  64  123  120  122  107  114  115  122  125  121  123  125  125  121  121  121  125  114  116  115  120  123  117  121  121  118  129  120  122  123  130  125   37
ch:  65  124  121  114  121  124  115  122  119  131  118  123  124  121  120  131  116  117  123  121  108  120  124  125  118  119  126  126  134  111  117  140   56
ch:  66  120  124  121  121  109  116  129  114  116  116  115  118  117  116  120  120  121  115  120  123  127  109  120  125  107  119  109  120  107  119  118   30
ch:  67  124  116  118  118  123  120  117  120  113  118  118  107  118  118  134  123  124  120  127  131  117  132  126  118  135  118  133  122  120  130  124   56
ch:  68  121  109  133  122  120  119  123  124  111  124  118  110  117  120  117  107  122  134  116  117  119  125  124  123  120  121  135  126  121  126  130   26
ch:  69  118  115  124  127  124  120  121  122  114  119  118  119  110  118  124  121  116  119  108  119  120  117  133  105  130  130  130  122  122  132  125   56
ch:  70  121  121  122  121  119  115  116  116  117  105  115  109  101  104  111  126  117  118  116  111  119  115  113  121  120  113  109  124  121  113  117   27
ch:  71  123  130  123  119  121  119  122  120  125  107  119  124  124  123  120  117  117  114  129  125  120  121  118  120  130  125  123  128  132  130  134   56
ch:  72  121  102  125  117  119  118  119  116  117  106  123  118  123  121  109  113  109  117  109  123  111  102  103  121  114  123  124  118  117  124  122   26
ch:  73  119  123  117  129  121  133  120  122  108  125  132  122  134  133  118  121  122  119  121  119  123  118  132  121  119  122  137  123  131  131  122   50
ch:  74  126  119  123   -1  117  122  120  117  108  123  132  120  122  116  104  118  126  116  109  104  117  110  121  120  115  119  121  121  108  126  129   22
ch:  75  126  121  122  125  115  118  125  120  126  124  123  126  116  124  120  123  123  122  128  121  125  120  125  129  132  136  125  124  130  122  136   49
ch:  76  124  132  122  133  123  123  124  121  116  118  125  121  116  116  113  120  118  109  121  119  123  117  125  117  121  120  124  124  111  126  126   27
ch:  77  121  120  118  126  126  117  131  123  120  119  121  120  117  123  118  119  121  120  123  120  113  124  121  111  127  131  132  124  122  125  124   56
ch:  78  122  132  130  117  115  115  123  125  123  126  117  122  121  121  106  122  123  119  121  123  114  103  119  113  119  121  119  127  125  136  117   27
ch:  79  123  131  122  120  119  120  111  123  125  131  120  124  133  131  110  118  118  124  117  126  122  132  123  124  122  119  124  126  125  131  123   56
ch:  80  120  125  123  121  125  117  116  109  117  113  120  123  110  131  116  109  116  111  114  124  107  118  116  112  122  120  122  105  114  122  124   20
ch:  81  115  132  123  122  123  124  122  115  109  122  115  124  124  120  119  134  110  132  122  121  118  123  125  107  121  115  124  117  134  135  131   56
ch:  82  130  126  122  119  119  107  122  126  126  119  105  117  115  121  114  122  123  115  117  124  109  114  121  102  123  110  108  126  120  116  119   16
ch:  83  132  122  123  122  123  107  124  108  125  120  114  122  124  121  119  119  120  125  119  121  121  120  132  116  121  125  132  133  133  122  126   56
ch:  84  116  133  124  117  122  119  123  121  130  115  110  106  111  120  120  117  116  106  117  108  119  114  121  105  122  104  117  115  119  120  124   24
ch:  85  124  120  117  124  118  130  122  117  123  116  123  134  123  120  131  119  115  123  109  109  109  116  123  115  123  130  117  124  132  121  122   56
ch:  86  129  121  123  104  116  131  121  118  114  124  107  107  117  109  118  106  111  121  119  115  105  107  117  115  115  127  109  111  115  126  113   25
ch:  87  121  120  121  120  120  109  121  109  130  115  121  122  118  132  124  126  122  133  124  133  115  129  124  122  125  126  131  131  139  129  136   56
ch:  88  111  123  122  132  120  111  117  119  127  122  120  116  115  115  115  125  121  106  119  123  124  117  116  115  115  110  106  118  122  123  125   18
ch:  89  127  123  115  119  133  109  117  118  127  135  120  123  123  122  121  120  113  124  120  125  119  124  123  123  126  117  130  118  120  131  132   53
ch:  90  126  122  123  123  117  111  110  119  125  108  118  118  121  107  115  108  119  115  106  117  105  116  109  120  102  110  122  118  118  128  116   26
ch:  91  129  111  126  122  117  120  120  124  120  119  125  123  126  123  134  124  119  130  124  126  126  129  126  124  132  137  118  134  132  120  137   56
ch:  92  117  118  120  122  119  115  113  116  107  123  114  118  101  116  124  117  107  121  123  123  120  107  126  115  107  103  122  124  107  125  125   15
ch:  93  121  120  134  123  107  121  121  126  125  123  117  130  119  121  120  108  123  134  125  121  120  122  120  122  122  124  124  125  137  133  130   46
ch:  94  117  118  117  122  122  120  118  123  122  123  118  104  119  122  120  116  104  130  123  108  119  115  117  118  107  117  108  119  120  123  120   14
ch:  95  119  121  121  120  126  115  125  122  125  122  127  123  132  109  118  109  125  121  121  117  122  119  123  119  123  127  126  133  133  134  137   55
ch:  96  121  122  132  118  119  120  109  121  118  119  119  120  116  120  118  120  113  100  117  129  119  108  123  114  104  125  108  122  115  131  126   25
ch:  97  116  109  124  121  126  124  119  126  121  124  119  131  117  124  121  128  119  123  120  121  127  120  121  122  120  125  111  123  124  125  127   52
ch:  98  118  117  119  119  107  130  125  127  116  119  108  121  108  119  123  116  110  116  116  119  117  118  119  122  123  117  117  119  128  123  124   22
ch:  99  120  124  127  125  119  124  123  124  130  117  130  115  118  133  119  116  130  116  115  122  123  131  125  133  131  126  122  129  139  133  133   45
ch: 100  125  118  125  135  120  115  117  122  117  105  122  109  119  120  130  120  126  129  114  109  119  121  108  118  118  110  121  113  122  126  130   13
ch: 101  123  118  133  130  122  121  124  115  107  120  124  134  121  119  128  110  122  116  116  121  126  136  117  125  125  116  124  125  130  125  130   40
ch: 102  119  119  118  120  119  109  106  116  117  123  121  103  118  123  124  122  118  115  108  107  103  119  107  105  111  108  123  111  121  115  124   -1
ch: 103  118  133  126  106  125  125  121  113  116  120  119  129  118  116  108  118  118  123  120  118  120  115  118  110  130  129  120  127  123  121  131   42
ch: 104  118  122  119  114  126  106  116  122  115  121  123  109  119  119  106  120  118  124  116  125  114  126  109  123  118  126  119  120  121  125  116    7
ch: 105  118  127  133  120  118  105  115  117  120  127  108  115  135  119  115  127  117  120  119  123  122  124  110  121  119  130  122  111  133  132  121   47
ch: 106  120  130  123  115  121  108  105  121  122  106  127  125  103  102  110  118  107  107  104  104  102  113  115  117  117  108  106  120  123  126  130    8
ch: 107  121  120  124  122  122  122  123  115  133  125  118  116  127  124  120  123  119  119  120  110  121  113  125  122  121  124  124  132  131  126  132   51
ch: 108  124  117  116  107  116  118  114  114  116  115  113  108  107  106  122  118  122  109  119  109  103  105  124  110  106  118  115  124  118  122  123    5
ch: 109  126  118  126  124  122  119  119  126  124  129  109  109  111  130  115  108  116  115  122  122  114  115  114  118  127  126  121  121  130  121  126   50
ch: 110  120  119  125  109   -1  122  113  115  122  126  100  103  119  123  120  117  106  118  109  111  102  101  122  120  115  119  122  119  117  115  134    5
ch: 111  124  119  117  121  118  119  114  122  123  116  111  123  126  124   -1  123  124  119  107  119  115  121  121  121  121  124  126  119  124  131  135   55
ch: 112  125  116  132  108  117  123  120  124  118  105  107  117  117  117  120  121  119  109  116  108  104  119  119  119  129  118  120  120  108  119  123   -1
ch: 113  122  126  119  117  118  119  115  117  105  118  118  116  116  115  118  118  118  125  116  117  116  122  115  103  124  118  118  119  109  131  125   52
ch: 114  122  119  106  120  116  120  116  116  107  109  106  103  119  116  108  120  107  118  106   99  110  122  122  104  115  120  115  111  120  127  132    1
ch: 115  126  121  121  125  127  131  116  116  123  124  117  114  123  120  123  118  107  107  111  123  120  121  125  118  117  132  132  119  120  126  125   35
ch: 116  108  125  118  120  123  106  114  104  108  106  116  107  130  100  113  105  119  123  123  106  108  123  120  105  114  117  116  119  107  118  119    7
ch: 117  107  120  122  121  124  105  121  121  116  117  123  114  109  122  121  117  117  118  115  111  118  125  125  120  117  121  121  124  117  119  130   48
ch: 118  124  127  122  121  115  113  118  115  103  130  109  110  115  116  117  100  110  101  117  105  117  104  103  114  117  118  107  111  117  114  115    7
ch: 119  133  120  132  107  133  130  116  116  119  115  121  120  119  125  116  120  122  111  122  108  118  115  108  125  126  122  123  126  120  126  130   54
ch: 120  119  116  129  116  117  118  118  122  118  121  120  103  117  111  127  109  116  106  120  114  121  121  118  125  116  120  125  116  117  133  130   25
ch: 121  117  130  130  118  120  119  118  125  114  125  116  116  115  118  122  119  101  116  109  121  117  119  123  125  130  121  119  131  138  122  136   43
ch: 122  121  125  107  106  115  119  110  116  115  116  117  109  110  119  107  119  109  115  115  119  104  116  115  114  105   99  110  121  119  128  127   16
ch: 123  104  120  126  124  122  134  116  111  110  113  118  124  120  116  110  118  110  118  119  115  113  117  120  125  121  103  122  123  114  139  127   41
ch: 124  119  115  118  117  116  123  113  105  120  114  130  133  119  108  122  125  122  125  120  121  118  115  113  125  110  120  125  121  111  124  118   -1
ch: 125  120  125  124  118  118  116  117  121  122  125  123  117  117  122  113  107  115  109  108  130  119  123  111  118  109  130  120  126  120  129  126   25
ch: 126  121  119  130  117  116  108  116  109  120  115  132  111  114  110  117  110  105  123  119  108  106  114  105  108  110  113  102  110  123  116  110    3
ch: 127  131  124  106  120  111  118  119  113  115  102  107  108  114  116  108  105  108  108  116  102  109  120  115  125  108  110  109  122  107  124  127   29
