# ID XA-000-08-002-000-005-032-11
# Tag _trim_
# Date 240618_11:38:14
# Vref_p 55
# Vref_n 24
# Thr2_glb 44
# Vref_t 118
# Vref_t_range 1
# Pol 0
# ADC range 30-247
# FAST disc 30
ch:   0  122  123  123  123  119  123  126  127  120  122  131  117  118  125  117  120  115  120  118  120  110  120  122  124  109  108  120  109  122  115  115   -1
ch:   1  142  133  138  126  124  132  129  137  134  119  117  125  120  120  116  124  123  119  127  123  116  112  125  117  123  119  122  123  125  132  125   56
ch:   2  136  130  121  133  136  126  123  125  133  132  119  122  122  110  112  104  119  108  122  120  109  114  105  115   99  102  121  102  125  120  110    2
ch:   3  138  136  136  123  138  135  110  135  136  131  125  126  137  123  123  135  123  127  125  132  125  133  124  134  120  122  122  120  132  133  123   56
ch:   4  134  128  137  122  132  124  127  127  118  126  122  130  121  110  115  107  126  120  120  114   98  115  123  113  126  109  117  118  117  122  120   17
ch:   5  130  140  126  138  122  132  126  127  132  130  126  125  122  130  119  130  116  110  129  132  127  120  132  117  120  117  118  125  136  126  122   56
ch:   6  134  126  131  134  119  132  130  132  122  120  114  124  125  121  117  110  114  119  133  116  124  120  106  117  115  124  116  120  129  110  115   38
ch:   7  140  135  137  136  135  126  129  133  133  132  125  120  121  107  111  119  119  125  116  126  130  114  123  119  127  122  119  132  133  124  137   56
ch:   8  135  125  125  129  131  125  127  113  116  117  132  125  117  120  120  121  126  107  120  117  117  123  110  115  118  122  118  110  120  118  120   41
ch:   9  131  126  145  135  132  123  134  131  122  122  133  119  123  136  122  134  130  117  122  124  120  107  124  118  124  125  136  118  126  121  133   56
ch:  10  136  124  124  133  125  125  130  139  125  121  110  123  136  118  117  116  121  115  116  121  105  116  119  118  121  106  109  121  117  118  117   35
ch:  11  133  121  131  121  126  134  130  125  132  123  125  139  117  126  131  115  124  125  110  123  118  117  130  117  116  120  123  122  121  121  118   56
ch:  12  136  123  131  121  124  126  136  129  125  121  121  124  123  123  116  105  120  110  114  104  110  121  115  116  111  114  109  114  117  129  104   39
ch:  13  133  139  138  130  130  136  132  124  131  131  118  131  121  121  119  126  126  114  134  122  108  115  127  117  133  126  119  127  136  127  131   48
ch:  14  131  123  135  132  134  123  120  120  120  121  122  120  119  115  107  122  134  117  124  105  119  123  124  118  122  120  103  113  123  121  111   40
ch:  15  140  146  121  124  136  123  134  123  132  118  145  138  124  130  122  135  131  119  124  121  123  116  134  119  118  124  124  126  131  124  124   56
ch:  16  124  137  135  126  136  121  135  123  125  119  124  121  118  123  126  119  121  121  114  122  126  123  119  119  118  116  129  118  113  114  124   41
ch:  17  137  133  140  132  122  127  125  130  123  135  121  121  131  123  123  130  121  131  119  124  131  124  118  127  117  124  110  123  120  126  121   56
ch:  18  140  133  127  125  126  129  117  115  120  123  104  121  123  126  132  120  120  121  124  120  109  101  120  126  114  122  117  114  106  132  120   44
ch:  19  141  137  127  124  125  132  132  125  124  119  123  121  119  129  119  125  126  120  122  126  120  132  121  125  132  120  122  117  127  131  142   56
ch:  20  147  133  125  138  129  132  125  124  117  126  125  122  116  115  124  121  119  108  117  111  119  125  118  121  121  121  116  117  120  126  117   36
ch:  21  139  136  135  138  137  115  126  121  130  131  122  130  123  131  119  119  125  124  125  123  122  119  122  121  122  126  125  127  119  131  132   56
ch:  22  136  137  122  126  134  117  134  118  125  125  121  123  118  121  108  122  114  126  116  110  118  120  117  116  116  110  122  116  119  120  120   33
ch:  23  138  124  139  142  130  133  135  118  126  139  126  119  127  120  121  126  116  124  105  126  118  121  117  132  118  131  122  123  125  131  125   56
ch:  24  124  134  133  126  137  137  140   -1  121  130  114  119  116  121  115  118  121  111  116  109  115  131  114  117  129  111  123  116  119  119  116   26
ch:  25  134  138  121  135  132  136  123  131  120  135  131  122  129  125  120  127  126  107  135  139  130  132  117  122  133  125  121  125  132  123  120   56
ch:  26  135  135  132  122  131  133  119  132  119  133  123  124  124  127  121  122  117  126  118  118  122  118  119  121  107  118  119  119  125  119  118   32
ch:  27  126  131  135  136  135  140  123  132  130  123  126  120  125  119  121  123  125  123  121  132  133  119  123  127  118  134  124  124  122  120  121   56
ch:  28  136  139  134  126  125  118  130  121  115  120  122  124  117  119  119  117  125  115  118  132  120  119  120  116  110  110  123  108  124  125  123   45
ch:  29  137  125  137  130  132  136  136  120  125  130  125  123  132  123  132  125  134  107  119  117  122  127  114  131  115  121  120  134  120  123  126   56
ch:  30  133  127  121  125  126  131  130  126  130  122  119  116  119  121  122  126  113  109  118  116  117  108  116  115  124  118  108  124  118  117  115   55
ch:  31  137  124  134  136  137  137  119  124  134  124  121  125  120  121  124  121  115  134  110  130  119  120  117  125  125  134  124  125  122  116  130   56
ch:  32  140  133  139  125  137  133  121  132  124  121  122  124  119  122  132  123  123  117  118  121  118  120  118  106  115  111  111  121  121  123  118   49
ch:  33  138  134  147  141  131  130  134  134  125  137  129  130  134  132  133  130  125  124  119  134  123  124  126  126  130  122  136  136  131  127  138   56
ch:  34  125  132  130  130  122  135  118  132  119  122  118  122  116  132  118  117  130  119  115  106  109  116  118  107  122  115  119  121  129  123  119   45
ch:  35  125  133  140  136  142  136  138  136  134  131  140  134  134  130  123  119  121  123  125  119  127  117  124  136  108  127  125  133  124  137  126   56
ch:  36  137  126  141  132  130  129  130  134  120  122  131  120  121  113  124  117  115  125  115  116  110  115  121  119  116  122  117  120  117  121  129   44
ch:  37  136  138  141  135  130  137  130  131  135  134  124  124  130  133  132  126  121  138  139  125  124  115  123  123  125  131  117  122  132  149  126   56
ch:  38  138  136  135  133  126  120  122  134  124  118  127  119  120  118  116  110  124  116  115  116  110  118  123  114  115  119  116  105  110  120  121   40
ch:  39  132  139  133  139  138  131  131  134  142  130  130  137  131  123  120  135  126  110  121  136  118  127  135  123  127  125  123  122  119  131  126   56
ch:  40  145  133  134  134  136  132  131  121  120  134  126  123  123  130  121  119  118  125  119  118  116  114  121  126  116  120  122  126  129  127  110   51
ch:  41  120  124  132  139  131  134  130  140  126  130  138  120  133  123  125  132  122  119  119  132  117  117  122  121  126  124  126  124  111  125  118   56
ch:  42  136  120  138  127  137  134  126  119  133  125  124  124  116  133  120  122  119  123  124  124  122  109  118  116  115  107  124  115  122  124  125   47
ch:  43  139  135  134  130  138  134  130  137  129  138  133  134  132  123  121  124  131  122  132  132  118  132  127  123  133  123  121  121  110  119  124   56
ch:  44  130  137  124  135  130  136  132  130  126  123  114  125  118  135  130  123  120  117  111  114  121  132  110  112  108  115  109  113  131  116  120   46
ch:  45  142  138   -1  140  137  127  122  139  140  134  142  123  130  126  121  121  125  121  123  117  127  131  126  122  126  123  131  126  124  125  132   56
ch:  46  135   -1  117  132  131  134  125  122  125  125  122  107  116  137  132  124  132  121  124  119  114  118  120  119  120  121  118  133  117  119  134   52
ch:  47  124  138  140  141  136  130  134  123  139  121  136  136  125  135  134  132  127  123  127  120  118  119  120  124  124  130  132  134  131  127  140   56
ch:  48  147  139  121  131  135  136  146  125  117  123  121  132  121  124  115  119  109  127  119  122  122  119  126  117  115  117  119  115  125  123  125   46
ch:  49  133  137  126  140  137  131  139  134  135  132  134  118  135  126  131  131  127  130  124  122  115  131  140  142  124  118  126  133  120  138  117   56
ch:  50  129  126  136  149  137  136  119  120  122  121  123  114  121  120  110  122  125  120  117  109  107  107  125  120  122  108  117  125  117  120  134   56
ch:  51  122  119  138  131  131  143  136  126  133  135  135  116  130  121  124  131  118  115  119  122  121  130  130  131  122  121  130  139  137  116  134   56
ch:  52  137  135  135  137  131  133  135  126  127  126  132  126  123  124  123  123  125  101  126  115  128  131  117  125  120  115  116  132  140  126  119   41
ch:  53  148  150  135  135  123  134  139  134  125  135  131  124  122  133  127  124  139  126  137  119  134  132  122  132  135  132  137  118  129  136  134   56
ch:  54  134  133  136  126  134  119  135  124  121  132  131  122  125  145  132  124  131  133  119  119  123  119  116  125  126  121  123  122  126  122  126   50
ch:  55  139  131  137  139  147  133  133  137  127  126  126  135  132  122  131  134  130  130  118  130  134  125  138  127  134  127  131  140  129  133  131   56
ch:  56  127  137  137  133  135  124  129  136  129  131  121  117  118  121  125  130  101  118  121  110  110  116  121  114  115  122  121  117  135  132  126   33
ch:  57  135  132  141  140  138  134  130  131  137  119  126  131  122  119  124  130  122  132  125  133  124  140  125  131  126  119  135  119  138  126  132   56
ch:  58  135  132  134  126  125  132  134  131  133  125  131  123  117  122  125  126  121  129  125  133  121  119  139  117  119  129  120  126  135  120  137   44
ch:  59  139  127  131  137  131  134  131  138  134  133  125  133  135  124  126  135  132  131  131  133  119  131  123  132  132  123  131  120  134  126  137   56
ch:  60  131  136  136  140  136  117  122  126  134  135  121  125  125  122  110  132  121  119  111  133  119  123  121  120  121  115  114  119  116  130  127   55
ch:  61  140  136  131  139  120  125  126  137  123  133  132  136  139  121  134  132  121  122  133  123  125  132  137  120  120  125  131  117  127  125  139   56
ch:  62  141  142  137  133  140  121  124  132  125  127  124  116  132  121  121  117  117  116  116  117  110  132  122  124  125  120  123  120  130  124  124   42
ch:  63  140  140  146  133  140  149  125  134  136  141  138  124  123  133  126  132  118  126  123  132  119  131  124  133  132  131  119  137  131  129  137   56
ch:  64  126  137  134  137  127  132  133  115  121  133  125  130  125  122  110  107  138  107  120  112  115  120  120  123  123  116  109  115  130  125  124   39
ch:  65  136  127  138  127  134  133  132  135  133  121  132  138  127  135  136  122  132  131  132  131  126  118  127  121  125  132  126  127  123  133  131   56
ch:  66  141  150  129  140  126  124  119  135  124  117  123  122  118  120  124  123  124  123  130  132  115  118  117  122  130  126  116  122  123  137  131   33
ch:  67  142  124  131  137  140  139  132  146  126  135  132  119  125  124  135  134  123  125  132  118  131  124  132  124  121  139  124  134  125  136  134   56
ch:  68  139  131  139  137  127  133  127  124  137  127  124  125  124  122  130  118  113  118  124  119  126  115  119  121  122  118  118  118  120  124  124   34
ch:  69  137  149  133  125  136  136  133  136  126  126  125  122  133  137  141  135  139  125  133  122  135  138  122  130  131  135  135  148  131  124  140   56
ch:  70  140  132  133  122  133  136  122  131  132  132  122  123  119  118  123  131  121  135  123  121  117  125  117  118  115  116  117  126  115  124  123   35
ch:  71  142  126  137  134  148  136  122  136  138  123  124  138  121  132  129  130  133  135  132  138  118  123  132  124  132  132  136  130  124  137  121   56
ch:  72  120  137  133  133  131  135  135  132  136  131  121  130  123  121  127  120  118  125  120  132  125  116  120  119  127  123  122  126  124  124  121   33
ch:  73  139  137  125  134  126  142  122  131  140  127  125  134  133  131  130  122  127  133  119  131  139  135  122  135  126  125  139  123  123  134  133   56
ch:  74  131  127  139  137  138  124  136  121  122  127  123  123  132  117  131  124  119  117  132  119  117  121  118  132  121  119  118  117  117  121  116   34
ch:  75  140  138  143  138  131  135  148  133  120  126  140  125  126  139  134  133  120  124  124  127  132  121  126  131  132  117  132  123  133  132  133   56
ch:  76  131  131  139  131  134  131  124  116  122  120  120  126  126  120  133  124  120  120  119  120  121  111  117  115  114  116  125  106  119  124  120   42
ch:  77  142  134  147  127  133  131  120  137  131  132  124  138  121  131  120  135  122  133  124  125  130  119  130  131  124  127  135  131  126  136  136   56
ch:  78  133  133  145  134  118  124  123  139  120  117  124  132  132  123  106  122  120  120  110  118  124  123  116  131  120  119  124  126  124  125  134   34
ch:  79  136  135  132  140  136  123  135  141  138  131  121  122  108  135  119  124  134  124  124  126  121  121  132  130  137  135  124  131  132  131  134   56
ch:  80  145  135  139  141  138  138  143  133  137  131  126  126  118  115  125  103  119  121  122  121  110  120  126  119  125  125  122  125  126  133  131   33
ch:  81  131  137  125  149  131  136  145  132  141  123  135  125  127  139  138  125  131  114  126  131  136  116  107  126  121  125  126  120  133  126  135   56
ch:  82  147  135  135  123  123  126  122  123  129  120  119  119  116  123  117  122  117  121  123  116  123  117  123  117  117  108  119  127  116  110  127   37
ch:  83  140  138  133  141  140  132  132  132  123  135  134  125  139  126  130  131  129  126  135  122  123  123  119  123  130  131  127  133  131  133  132   56
ch:  84  134  140  135  131  132  132  124  133  134  125   -1  131  124  121  121  114  108  110  118  109  120  117  123  118   94  121  112  120  126  118  133   39
ch:  85  141  123  134  137  133  125  125  135  130  134  122  131  121  133  125  127  131  127  124  131  126  139  137  120  133  132  124  125  137  137  127   56
ch:  86  137  120  128  135  121  134  129  127  131  123  133  120  125  104  118  117  108  123  119  115  116  116  111  113  118  117  124  121  120  122  121   28
ch:  87  142  132  134  146  132  136  125  126  131  131  133  132  131  137  133  125  134  124  120  126  131  126  133  123  131  124  132  139  131  134  130   56
ch:  88  137  132  123  131  110  120  131  124  121  126  114  131  116  123  117  118  122  117  122  117  132  114  122  124  114  127  111   -1  108  124  125   31
ch:  89  136  139  137  145  120  132  135  136  132  123  125  121  123  125  139  120  119  134  125  122  122  131  127  133  126  131  125  124  134  138  137   56
ch:  90  138  127  133  132  132  129  137  124  136  137  117  117  134  120  135  117  123  117  127  126  117  117  117  123  121  123  132  123  117  124  131   35
ch:  91  137  123  127  137  136  122  137  122  126  123  123  127  119  132  130  134  125  137  125  140  125  134  122  114  127  142  130  133  131  141  132   56
ch:  92  137  141  136  133  127  138  122  123  126  121  121  135  127  130  125  119  122  134  120  131  118  116  121  131  120  118  118  119  134  117  134   31
ch:  93  131  134  133  137  134  135  132  132  134  142  131  130  138  125  127  117  115  122  137  118  147  133  126  132  123  141  136  137  120  125  121   56
ch:  94  136  136  132  136  138  131  124  125  131  135  125  125  123  126  128  120  123  122  123  116  119  123  122  119  124  119  124  123  124  119  126   28
ch:  95  140  148  136  134  141  133  124  127  133  124  133  135  137  133  124  123  124  126  121  136  122  133  121  124  122  134  122  134  134  125  136   56
ch:  96  137  125  135  137  142  133  114  119  125  133  119  120  125  123  115  119  106  117  124  121  114  116  117  129  120  116  123  130  123  105  132   14
ch:  97  148  123  124  134  136  126  119  125  134  129  130  134  133  131  138  120  127  122  134  123  131  130  115  122  126  125  119  124  127  137  126   56
ch:  98  135  138  127  126  127  130  131  127  133  135  120  114  128  126  124  115  122  127  114  118   94  122  120  113  116  115  129  121  116  125  134   31
ch:  99  142  151  141  133  139  133  134  138  135  140  120  136  134  133  130  127  123  136  127  137  121  141  132  123  130  124  133  138  122  133  133   56
ch: 100  135  135  135  135  143  138  123  135  123  117  125  138  122  108  110  131  131  117  122  123  115  126  116  120  120  119  118  119  124  121  126   16
ch: 101  148  126  141  132  132  133  131  124  130  126  130  125  131  122  134  126  138  135  129  130  126  133  123  132  125  132  130  137  131  136  135   56
ch: 102  137  133  125  137  124  124  124  123  136  116  122  116  126  131  119  116  123  111  120  116  122  108  117  122  119  122  118  124  116  131  118   12
ch: 103  133  135  126  124  134  134  131  125  140  119  139  133  132  131  119  125  135  127  126  122  131  130  132  119  124  131  136  116  133  124  121   56
ch: 104  139  140  126  130  132  124  119  120  122  127  138  120  124  116  120  120  114  136  116  116  119  120  119  115  119  120  117  125  116  125  123   17
ch: 105  125  140  134  140  135  137  134  125  135  122  131  122  132  136  123  124  131  134  132  116  126  124  116  119  127  124  123  124  133  143  129   56
ch: 106  130  131  140  136  125  135  122  135  125  133  119  125  127  113  120  132  113  123  117  116  123  119  131  122  136  132  123  126  134  127  132   26
ch: 107  127  132  123  131  139  137  126  124  138  139  137  118  130  133  126  122  120  118  132  123  123  123  119  125  132  123  124  137  126  134  130   56
ch: 108  134  132  133  116  133  122  133  129  119  126  123  125  122  117  117  117  126  114  126  117  114  118  130  120  115  121  120  116  109  124  122   23
ch: 109  139  137  140  135  136  139  130  134  136  132  123  121  130  123  121  135  123  137  124  134  121  138  119  123  126  126  123  132  123  126  126   56
ch: 110  133  125  125  132  138  132  133  122  127  133  124  126  124  120  129  110  110  133  116  121  116  121  116  126  115  116  109  121  127  122  119   18
ch: 111  134  136  140  125  136  123  125  148  134  135  133  132  129  124  131  119  124  126  118  119  120  131  126  134  127  138  126  126  138  140  147   56
ch: 112  138  131  121  134  120  123  133  126  125  120  131  129  123  121  123  109  121  119  114  109  117  106  124  119  120  117  120  119  124  122  120   14
ch: 113  140  136  150  136  127  139  134  132  135  138  133  134  123  133  125  134  132  138  130  137  121  126  122  135  137  110  131  133  136  126  137   56
ch: 114  127  136  120  135  136  134  130  140  136  122  123  120  119  123  122  120  106  115  126  122  119  122  137  116  111  124  109  121  119  136  123   23
ch: 115  139  137  127  141  124  140  138  132  134  116  136  132  124  129  122  132  136  136  119  127  126  118  122  120  140  136  140  137  131  131  135   56
ch: 116  132  138  126  135  124  131  125  122  119  124  109  116  124  110  121  108  122  116  119  110  109  115  107  109  118  116  116  111  122  131  122   16
ch: 117  138  142  147  131  137  130  131  122  139  126  130  130  124  134  119  120  132  121  122  118  130  135  132  134  119  124  123  123  123  121  139   56
ch: 118  133  134  132  132  121  123  132  124  138  108  121  126  119  109  124  115  121  122  115  119  116  122  108  115  116  113  109  125  124  114  118   21
ch: 119  132  137  138  132  133  124  131  122  134  122  122  129  130  141  133  125  132  116  132  123  124  123  116  118  120  125  126  118  131  131  140   56
ch: 120  132  135  135  131  132  126  119  120  135  117  125  123  117  121  121  109  116  108  118  119  122  120   -1  108  130  111  118  122  115  123  118   32
ch: 121  148  115  131  138  124  123  120  118  139  121  134  135  134  132  126  134  123  115  117  121  119  130  132  125  117  121  124  121  125  115  121   56
ch: 122  135  133  146  124  133  131  124  120  124  123  125  135  120  133  122  125  132  116  116  119  124  116  116  121  118  117  121  117  117  133  136    7
ch: 123  133  131  135  138  139  130  136  138  133  139  126  132  121  130  132  107  124  138  123  125  133  111  123  134  123  122  117  132  120  139  134   56
ch: 124  141  134  126  132  126  133  132  121  134  130  120  124  118  116  109  117  118  123  120  113  110  116  126  121  107  117  117  125  108  133  110    3
ch: 125  142  133  146  142  142  126  141  126  134  122  125  130  134  135  122  122  125  130  121  130  130  132  125  127  132  125  124  137  136  135  132   38
ch: 126  136  121  136  134  134  121  125  135  137  133  125  133  119  123  117  107  121  115  117  110  107  118  116  116  120  115  123  117  116  116  118   -1
ch: 127  139  136  134  136  131  134  134  132  148  124  122  136  132  132  135  134  133  110  132  123  123  125  135  126  134  127  126  122  133  138  139   41
