# ID XA-000-08-002-000-004-118-04
# Tag _trim_
# Date 240618_12:05:52
# Vref_p 58
# Vref_n 23
# Thr2_glb 47
# Vref_t 118
# Vref_t_range 1
# Pol 0
# ADC range 30-247
# FAST disc 30
ch:   0  119  117  118  103  108   95  107  105  117  118  114  102  113  103  118  106  118  103  114  108  122  116  119  106  116  133  119  117  134  132  122   15
ch:   1  209  147  156  168  165  172  185  202  199  209  209  209  209  209  209  209  209  209  209  209  209  209  209  209  209  209  209  209  209  209  209   56
ch:   2  118  115  103  116  103  108  105  115  106  100  116  121  111  111  103  115  121  118  120  117  108  101  116  107  122  116  120  122  117  131  122   11
ch:   3  102  103  119  111  117  120  123  135  131  126  131  137  131  148  145  137  135  142  141  150  148  153  152  157  157  165  153  161  172  183  171   34
ch:   4  107  104  119  114  104  116  117  117  110  107  109  114  116  109  108  124  108  108  124  109  116  103  118  108  121  114  134  131  116  119  124   41
ch:   5  103  118  116  112  115  110  107  104  119  115  106  123  117  117  117  105  122  115  114  116  114  124  116  124  119  118  130  124  121  138  133   56
ch:   6  105  116  106  137  114  116  106  117  115  104  115  100  108  113  106  110  115  121  101  103  121  118  117  110  122  124  132  117  125  124  120   50
ch:   7  109  116  110  116  119  117  108  116  120  122  119  123  119  122  118  116  127  110  115  119  123  125  125  125  121  132  125  131  143  136  147   56
ch:   8  108  116  107  106  119  115  111  104  118  108  115   99  106  118  106  122  111  106  121  109  110  117  116  106  125  116  121  118  117  126  119   38
ch:   9  121  106  111  117  109  122  121  110  114  117  115  108  123  121  110  121  121  118  116  117  116  117  116  109  111  120  133  126  135  135  125   56
ch:  10  110  116  103  111  114  120  113  105  104  107  116  110  108   98  115  117  117  122  115  117  121  108  116  115  121  107  132  122  133  117  124   36
ch:  11  104  106  115  116  127  108  120  120  119  117  119  134  122  121  123  116  118  116  130  117  129  125  120  134  118  133  127  147  121  142  141   56
ch:  12  117  122  104  110  104  114  116  113  110  105  109  109  108  117  115  119  119  118  115  115  116  106  116  116  125  106  122  122  120  124  124   47
ch:  13  113  108  118  105  117  103  121  115  108  115  117  116  108  114  124  113  120  122  135  119  122  123  122  114  122  131  122  133  130  135  126   56
ch:  14  106  124   92  119  116  119  108  100  109  102  113  121  108  109  124  120  121  108  111  109  106  118  122  119  120  115  118  123  124  121  126   40
ch:  15  120  114  104  120  114  116  118  118  124  116  116  122  121  121  122  131  122  125  125  124  127  133  124  133  143  135  132  119  136  137  125   56
ch:  16  114  115  116  106  122  119  116  109  114  114  116  110  111  115  107  117  106  113  108  117  116  116  117  123  110  110  133  120  121  126  127   41
ch:  17  123  113  103  103  110  109  120  114  103  105  122  121  119  118  105  102  118  115  109  117  126  122  115  136  122  127  120  127  137  133  134   56
ch:  18  107  108  101  116  108  105  103  117  114  116  106  110  121  116  116  120  113  115  117  121  114  120  119  124  118  121  120  118  120  131  126   37
ch:  19  107  124  126  113  108  108  121   -1  110  117  115  117  122  119  112  121  109  115  119  109  123  121  127  125  121  132  125  133  125  134  139   56
ch:  20  111  114  119  114   94  114  114  120   95  106  120  108  124  109  105  117  114  109  107  114  120  118  118  118  105  104  126  122  116  136  122   39
ch:  21  114  110  108  108  115  116  115  123  124  119  110  124  118  114  120  118  124  124  119  122  136  110  123  122  125  131  133  117  138  136  146   56
ch:  22  115  116  108  107  116  104  103  114  115  107  115  115  109  105  118  107  105  121  117  116  107  108  123  117  119  115  125  118  124  119  119   36
ch:  23  118  110  117  118  114  115  116  122  111  115  116  131  125  123  130  116  131  119  130  125  119  129  135  131  125  125  133  126  136  141  138   56
ch:  24  113  108  106  114  107  116  117  108  115  108  108  105  117  115   -1  107  108  115  106  114  119  132  116  123  116  121  124  122  135  131  130   35
ch:  25  115  104  110  116  113  119  116  118  115  115  122  114  114  121  122  123  123  132  118  125  121  126  126  131  125  143  133  131  139  121  135   56
ch:  26  115  115  106  107  109  107  102  114  124  105  105  114   99  105  115  115  103  119  115  110  111  108  118  126  116  138  123  125  118  120  123   36
ch:  27  107  110  104  106  118  108  120  127  120  115  109  115  132  131  106  123  124  123  125  132  121  121  147  127  126  134  141  133  140  138  139   56
ch:  28  114  112  110   99  115  105  107  106  116  114  109  118  115  118  117  119  104  110  105  108  110  119  116  113  117  116  132  120  118  133  133   49
ch:  29   98  113  118  117  106  103  101  116  115  120  113  125  123  121  109  110  116  126  125  124  126  123  127  132  122  129  142  136  149  133  137   56
ch:  30  105  110  104  122  109  122  104  111  108  105  116  109  108  120  115  116  118  118  118  117  108  119  109  132  125  119  122  119  124  125  120   46
ch:  31  120  124  122  110  116  123  115  118  122  121  123  108  120  119  114  120  119  114  119  123  124  133  120  139  145  123  135  134  141  148  146   56
ch:  32  107  122  110  119  104  119  105  108  115  108   99  116  121  114  118  101  120  103   99  118  124  117  118  117  110  114  115  118  124  123  126   38
ch:  33  106  107  125  108  114  116  117  120  119  127  106  119  119  119  124  125  108  121  123  122  133  135  125  119  137  130  142  136  133  131  139   56
ch:  34  105  109  117  106  115  108  116  103  117  109  109  119  108  108  110  115  119  124  115  110  117  115  117  116  123  124  121  133  125  125  135   37
ch:  35  115  109  118  116  110  110  107  117  109  110  116  100  117  122  108  124  135  119  124  111  123  120  114  135  133  133  133  138  136  138  127   56
ch:  36  116  108  110  120  120  104  111  116  105  114  108  117  118  116  126  107  115  115  115  116  119  131  123  120  118  126  115  130  139  124  134   52
ch:  37  108  115  110  117  119  113  117  116  119  120  122  121  112  114  114  123  120  118  117  116  124  122  125  123  120  136  126  131  139  138  139   56
ch:  38  117  110  115  116  120  117  116  114  115  103  109  117  110  114  122  107  110  120  117  108  108  120  116  131  124  119  117  134  131  134  136   37
ch:  39  117  106  107  122  118  115  122  122  121  125  122  120  136  120  125  120  114  126  121  136  133  114  118  136  125  132  136  134  148  140  149   56
ch:  40  110  116  108  115  123  104  104  115  117  106  118  114  107  119  115  119  125  109  117  119  118  122  123  115  124  125  138  117  131  136  136   54
ch:  41  115  115  119  100  116  119  114  108  121  118  120  120  123  116  121  116  110  124  131  118  134  125  121  131  126  136  121  137  134  138  137   56
ch:  42  103  108  109  106  109  102  119  110  109  121  123  101  118  110  104  108  121  114  136  117  116  122  118  116  116  114  120  122  132  132  117   56
ch:  43  103  125  120  119  114  118  120  108  117  121  117  114  115  131  122  132  110  127  120  117  132  134  137  130  146  141  135  141  142  143  150   56
ch:  44  107  109  111  119  118  118  108  102  106  104  107  118  111  116  116  105  116  116  115  119  126  120  122  135  119  118  125  120  134  136  126   54
ch:  45  102  107  108  105  117  118  123  106  109  121  117  124  131  116  115  120  115  123  126  121  133  132  130  134  138  139  133  140  146  138  150   56
ch:  46  123  104  118  108  114  108  120  116  116  116  116  106  122  113  120  108  110  117  121  133  115  107  131  123  129  124  131  120  129  130  140   39
ch:  47  105  112  102  119  115  113  119  108  114  130  118  123  119  105  108  123  122  124  126  136  132  140  121  132  130  137  136  136  135  135  140   56
ch:  48  125  121  109  110  105  109  109  116  119  106  120  106  114  116  118  122  113  108  111  120  110  120  117  119  123  124  130  119  125  138  140   45
ch:  49  115  104  120  116  108  108  119  131  122  123  105  126  110  131  125  116  127  120  118  140  140  127  131  126  125  142  137  121  150  150  151   56
ch:  50  119  124  108  109  118  101  118  108  121  120  107  117  109  121  102  124  122  116  122  123  125  122  119  131  131  123  118  121  135  120  133   39
ch:  51  123  122  111  122  119  111  123  109  110  119  120  132  110  127  126  120  122  135  136  121  124  132  132  139  123  137  132  132  140  139  141   56
ch:  52  103  120  107  109  102  115  117  120  118  106  104  109  115  118  110  102  117  115  117  119  135  124  125  123  123  132  126  133  132  143  131   50
ch:  53  117  121  117  118  105  111  101  119  121  116  113  115  122  120  117  116  121  122  121  120  123  118  124  133  143  127  130  132  140  138  142   56
ch:  54  115  114  109  124  118  110  121  111  108  114  121  109  124  110  120  109  108  117  129  125  123  133  124  121  117  119  126  136  120  134  141   39
ch:  55  110  115  132  118  113  116  115  123  121  123  118  115  122  123  124  125  131  131  125  129  137  133  126  138  121  139  138  150  142  139  142   56
ch:  56  107  108  118  117  117  117  107  107  111  114  118  102  100  119  116  123  103  125  117  112  118  126  122  124  122  123  122  131  139  136  135   49
ch:  57  109  106  108  103  126  112  109  118  124  112  123  120  121  119  118  122  134  122  121  117  133  142  133  140  140  139  139  126  138  148  153   56
ch:  58  108  118  113  119  122  103  116  108  116  119  115  105  110  133  110  111  123  119  120  117  108  130  124  136  117  121  134  124  131  145  126   54
ch:  59  106  119  114  122  105  113  125  110  113  120  117  118  114  119  109  128  119  123  110  116  119  119  121  123  123  133  146  122  140  137  146   56
ch:  60  117  115  118  116  106  115  101  115  115  125  118  120  113  105  119  120  114  122  111  117  121  122  127  117  125  115  125  126  133  141  126   46
ch:  61  118  117  117  106  110  117  102  120  119  131  124  121  115  119  126  120  116  123  125  116  133  125  121  130  139  136  131  133  140  136  146   56
ch:  62  114  117  103  105  116  110  110  102  107  109  115  124  106  109  109  109  124  115  115  115  117  121  126  121  125  130  131  136  146  138  136   46
ch:  63  114  106  121  107  109  117  119  115  118  119  123  115  118  118  116  116  132  131  122  127  125  116  138  123  130  131  129  123  136  147  142   56
ch:  64  125  115  117  110  115  110  116  100  108  106  108  117  115  107  116  109  120  118  108  130  119  119  124  124  130  122  124  125  134  123  125   37
ch:  65  105  108  117  118  119  113  119  117  105  118  118  121  118  114  122  124  122  124  125  124  120  126  130  139  139  135  124  138  135  149  143   56
ch:  66  106  110  106  109  102  109  109  119  116  104  105  107  104  114  115  124  120  118  121  109  115  121  118  116  124  123  120  127  116  134  132   43
ch:  67  108  110  117  108  134  117  116  116  121  118  117  126  121  131  115  121  124  118  127  125  115  131  133  131  124  133  124  127  132  133  138   56
ch:  68  106  113  102  120  120  123  113  106  102  111  114  110  115  116  123  122  122  116  110  126  125  124  128  122  125  123  110  134  123  130  142   50
ch:  69  108  117  117  121  102  116  115  110  104  119  117  124  119  118  121  132  121  125  123  124  124  123  135  125  137  140  124  138  147  150  142   56
ch:  70  111  115  121  130  108  104  109  107  118  117  123  119  109  108  120  119  106  122  118  119  119  120  118  117  122  139  124  135  125  124  141   54
ch:  71  107  119  117  128  123  107  132  125  122  121  119  119  132  125  124  123  119  119  133  117  133  125  132  138  134  138  135  137  133  142  142   56
ch:  72  122  109  109  108  119  119  120  116  109  103  106  109  120  115  120  119  112  102  117  120  119  123  120  109  117  121  124  124  132  135  151   44
ch:  73  111  116  118  131  125  114  110  125  114  110  110  133  120  117  119  121  118  136  117  126  119  139  132  135  132  125  136  137  133  142  140   56
ch:  74  108  121  105  110  110  120  108  108  106  106  109  116  115  111  103  119  118  123  122  118  110  123  118  121  131  123  120  136  136  135  131   56
ch:  75  123  116  107  116  124  117  118  137  117  114  120  131  122  110  131  127  121  119  126  132  124  137  137  135  134  136  140  140  140  142  140   56
ch:  76  121  117  107  118  106  107  120  116  122  108  117  121  108  110  116  114  121  116  119  119  117  123  119  121  115  127  118  120  135  131  130   56
ch:  77  111  118  114  119  121  116  123  119  109  117  118  117  116  132  131  119  116  126  116  117  134  132  131  135  133  132  135  139  138  139  139   56
ch:  78  107  116  118  115  115  104  114  110  109  115  124  118  119  132  125  111  122  114  118  118   -1  126  117  117  114  131  118  127  123  137  119   52
ch:  79  116  121  117  122  123  117  123  116  111  117  131  126  121  132  125  124  127  140  125  126  121  132  127  133  129  142  139  141  132  150  140   56
ch:  80  110  115  106  108  110  116  132  112  107  123  121  113  113  120  121  110  117  135  132  124  115  117  127  111  125  123  125  134  130  133  135   54
ch:  81  104  121  115  120  116  107  120  107  123  117  108  108  123  122  125  119  125  118  111  123  119  133  125  126  135  119  135  140  133  140  134   56
ch:  82  102  115  119  120  117  110  118  108  111  121  110  118  105  119  124  123  115  116  131  116  133  120  125  127  126  131  123  122  132  134  125   38
ch:  83  108  117  119  109  107  121  107  117  111  132  117  133  125  132  122  132  118  122  121  125  131  121  132  132  136  137  124  135  136  142  148   56
ch:  84  118  106  117  117  117  117  117  121  115  116  119  122  120  109  118  121  116  120  124  123  125  123  116  123  122  132  126  119  133  140  140   46
ch:  85  124  105  116  123  123  121  118  110  117  123  121  117  117  124  118  121  115  122  118  126  132  121  122  121  124  136  126  135  139  142  140   56
ch:  86  106  107  103  105  116  115  117  116  115  122  110  125  115  109  107  120  114  107  116  122  118  121  110  117  130  118  133  134  134  138  125   48
ch:  87  121  118  122  123  113  108  124  121  116  117  125  117  120  121  125  120  122  136  120  123  122  124  139  127  134  134  127  134  141  141  135   56
ch:  88  113  110  108  121  122  120  116  103  119  121  119  110  115  117  114  107  120  109  122  113  113  116  110  133  134  124  122  120  132  135  127   46
ch:  89   -1  109  118  117  117  123  118  122  107  117  130  108  126  133  134  136  121  134  126  124  134  122  125  119  134  126  139  135  135  137  136   56
ch:  90  105  120  124  120  103  104  115  119  118  109  133  123  114  110  104  131  115  125  119  117  125  118  119  121  120  122  120  120  134  134  132   37
ch:  91  109  115  115  119  113  132  117  121  118  119  111  120  135  124  135  134  123  137  120  131  125  127  123  125  135  135  138  137   -1  140  141   56
ch:  92  117  122  122  116  109  116  108  115  119  106  122  120  121  108  115  118  127  122  120  121  117  116  117  123  117  114  138  135  129  132  127   30
ch:  93  107  118  115  116  119  116  123  118  118  125  118  117  117  110  126  120  130  131  140  125  123  132  138  138  148  134  134  134  138  134  140   56
ch:  94  119  108  116  117  118  119  120  107  124  107  105  117  120  110  118  117  116  110  107  121  124  121  119  119  125  120  139  136  137  121  125   31
ch:  95  118  126  117  111  108  125  122  119  114  107  110  106  125  118  118  123  118  125  118  124  135  135  135  123  134  142  133  142  141  137  134   56
ch:  96  104  120  123  116  117  122  110  120  117  116  117  117  114   99  105  124  132  115  106  119  113  132  125  120  124  132  133  132  134  123  141   31
ch:  97  105  117  108  117  118  108  131  117  109  116  123  123  119  123  119  117  120  122  112  119  124  136  124  131  139  124  135  139  138  126  141   56
ch:  98  119  114  121   -1  106  117  119  116  115  111  137  121  117  120  113  121  134  119  126  132  120  117  118  131  121  130  138  127  133  121  140   22
ch:  99  109  105  108  109  119  119  127  120  126  115  124  119  126  123  127  123  109  124  134  118  124  124  135  122  135  127  132  136  150  135  143   56
ch: 100  114  105  118  118  111  120  106  100  124  115  102  125  120  106  120  101  122  117  104  117  116  114  124  121  123  132  124  122  131  132  135   24
ch: 101  119  115  114  119  116  119  118  117  117  116  125  120  109  109  120  121  121  125  121  134  136  140  135  115  125  123  123  125  133  140  133   56
ch: 102  118  126  103  105  108  108  124  125  118  116  111  115  109  117  117  118  121  115  114  103  115  126  120  123  125  127  126  136  132  135  130   30
ch: 103  117  114  114  118  116  122  126  123  118  124  113  122  122  125  113  131  121  129  124  137  119  124  136  133  125  132  139  132  139  141  133   56
ch: 104  115  125  121  117  115  121   99  117  123  110  119  124  114  123  120  120  106  123  105  127  125  114  125  124  125  124  126  139  145  131  126   21
ch: 105  136  114  118  115  113  126  122  126  141  118  124  114  118  117  120  117  119  111  121  119  110  124  134  133  120  130  135  134  125  139  141   56
ch: 106  119  106  122  108  108  114  107  109  111  109  115  109  117  117  115  116  114  107  118  110  100  125  117  121  118  125  114  115  133  126  138   25
ch: 107  107  119  121  124  110  124  134  119  123  120  110  122  117  119  133  124  121  119  119  123  132  125  122  132  125  123  136  137  148  151  139   56
ch: 108  109  115  120  117  106  124  109  106  106  117  121  115  121  114  119  117  130  115  115  120  111  117  108  128  125  125  122  133  135  138  141   24
ch: 109  123  121  119  110  110  117  122  108  115  122  120  123  123  120  120  108  125  116  122  123  124  132  121  120  133  136  135  134  126  131  136   56
ch: 110  113  110  115  117  104  120  111  122   -1  111  114  125  121  123  120  118  101  122  123  116  132  118  119  132  123  123  135  126  125  145  138   20
ch: 111  117  109  118  111  122  120  117  123  118  119  117  117  123  120  129  120  119  123  135  133  130  138  132  127  126  138  135  137  132  138  149   56
ch: 112  117  107  107  122  118  110  117  115  126  117  116  109  108  111  115  109  125  120  122  118  111  123  117  137  129  130  123  131  126  127  136   16
ch: 113  123  105  125  116  121  117  118  119  118  107  109  116  117  121  120  122  117  122  133  125  122  110  118  133  132  132  124  139  144  134  135   56
ch: 114  109  116  112  106  115  115  106  119  121  119   -1  120  111  108  119  119  117  105  118  110  122  111  121  120  117  121  134  131  124  125  136   13
ch: 115  120  137  107  116  119  113  121  124  124  109  119  121  124  120  120  117  136  124  121  134  125  116  125  126  138  125  136  147  149  136  134   56
ch: 116  119  106  117  105  122  118  107  125  118  113  106  110  121  118  110  122  116  119  123  125  118  107  123  127  119  132  123  135  132  124  139   14
ch: 117  107  115  120  104  118  112  117  120  106  130  116  124  119  131  117  115  123  122  121  132  127  118  134  133  143  123  120  137  122  127  142   56
ch: 118  116  109  124  114  104  133  103  124  112  118  116  118  114  117  118  119  107  116  109  114  115  118  116  126  117  118  122  133  134  124  139   15
ch: 119  101  114  118  123  113  124  115  116  121  109  126  115  115  124  123  116  138  120  120  133  120  124  119  122  132  140  135  141  140  149  142   56
ch: 120  108  117  107  115  114  131  106  116  118  119  111  109  119  107  118  107  121  119  118  110  120  115  115  120  130  117  134  130  133  124  131   14
ch: 121  104  103  116  113  120  119  111  107  109  107  116  121  121  127  114  122  117  122  118  123  130  137  138  136  133  138  142  138  138  137  139   56
ch: 122  118  110  119  104  111  114  119  109  117  106  115  118  110  118  117  115  117  117  117  119  116  118  108  124  106  121  125  134  141  138  134    7
ch: 123  116  126  124  117  113  119  125  116  109  122  107  121  125  122  132  132  119  121  122  117  118  131  124  131  135  137  139  149  140  133  141   51
ch: 124  108  107  115  103  103  120  114  108  116  117  117  121  112  117  107  108  116  111  119  108  118  119  125  121  121  118  123  121  120  134  122   48
ch: 125  120  115  105  108  124  125  132  105  121  123  128  110  135  125  122  116  117  131  125  132  124  134  133  133  141  141  136  138  134  153  161   43
ch: 126  115  115  107  106  107  107  119  119  116  117  118  121  116  114  120  108  117  115  109  118  108  124  131  119  124  120  129  126  130  121  121   24
ch: 127  120  117  120  110  109  109  111  120  123  122  118  117  123  122  117  110  105  132  124  123  121  125  124  137  138  135  142  133  133  138  146   28
