# ID XA-000-08-002-000-002-167-09
# Tag _trim_
# Date 240731_18:14:15
# Vref_p 55
# Vref_n 19
# Thr2_glb 58
# Vref_t 118
# Vref_t_range 1
# Pol 1
# ADC range 30-247
# FAST disc 30
ch:   0  133  122  132  131  132  125  130  130  126  125  120  119  118  127  111  107  116  125  120  100  106  117  106  113  114  103  105  109  108  113  121   -1
ch:   1  139  143  136  130  118  133  124  123  117  117  121  126  127  126  118  108  110  119  118  109  107  109  110  114  110  110  107  116  107  123  131   56
ch:   2  131  133  139  133  125  118  125  124  113  134  126  135  120  119  110  120  122  118  106  110  114  119  119  108  105  121  108  118  117  130  121    2
ch:   3  125  143  123  135  125  118  125  126  125  115  130  122  131  117  110  124  133  114  120  119  107  112  125  114  120  116  115  120  117  116  110   56
ch:   4  125  113  141  131  130  127  124  124  119  110  115  124  117  127  119  119  125  110  111  102  115  107  119  114  106  110  110  105  124  121  117    7
ch:   5  127  123  135  136  122  132  126  123  126  116  123  117  125  119  114  125  118  107  121  104  126  115  108  102  126  103  114  118  126  107  123   56
ch:   6  136  139  136  120  127  133  137  117  123  132  117  107  122  119  116  108  113  107  117  115  120  124  113  125  108  109  123  117  114  120  115   14
ch:   7  132  126  132  126  135  122  119  136  126  116  116  120  121  119  119  117  105  117  114  114  117  120  114  116  110  109  121  107  119  131  118   56
ch:   8  136  133  130  131  126  126  123  127  120  109  118  118  109  116  119  119  120  124  125  108  109  110  108  117  110  106  116  104  123  119  117   32
ch:   9  134  131  126  135  122  117  124  129  116  118  122  116  119  111  101  110  110  117  107  117  123  106  108  111  105  107  115  100  120  109  122   56
ch:  10  138  125  134  139  127  126  129  118  123  108  119  120  115  120  112  122  115  107  118  131  116  117  118  102  117  110  114  109  122  104  115   36
ch:  11  130  135  131  123  131  137  120  124  133  120  125  124  118  122   -1  120  123  124  132  115  115  120  110   99  115  123  109  109  123  121  121   56
ch:  12  126  136  117  131  130  123  118  124  123  132  115  120  115  121  116  102  120  119  107  111  116  109  119  107  106  105  119  116  110  116  118   25
ch:  13  139  137  130  133  138  123  124  127  131  131  126  124  121  118  125   -1  109  124  117  112  106  122  115  115  120  120  116  119  123  117  132   56
ch:  14  131  124  141  126  125  121  127  131  114  126  123  123  117  118  117  119  115  119  111  110  106  113  111  114  108  117  104  118  109  104  115   21
ch:  15  137  135  139  135  122  130  131  117  116  132  122  106  114  110  110  118  116  122  122  107  123  115  115  105  120  108  108  116  107  118  117   56
ch:  16  138  126  133  131  117  134  133  126  127  116  119  126  117  121  119  110  109  118  120  108  108  116  104  108  108   99  115  109  113  119  123   24
ch:  17  131  125  123  135  132  134  122  132  116  122  117  124  121  110  131  115  113  114   95  131  108  106  115  115  124  110  123  118  117  121  118   56
ch:  18  133  131  124  146  120  122  126  119  121  126  121  124  124  117  115  117  124  131  111  111  117  123  117  100  104  118  103  115  107  124  116   37
ch:  19  135  123  124  124  137  136  130  135  125  125  126  126  121  106  117  109  111  115  126  114  109  105  102  103  112  117  105  109  108  107  120   56
ch:  20  142  131  127  127  122  137  135  133  124  120  117  121  118  119  122  119  115  122  116  118  106  115  109  104  108  108  102  119  109  126  120   25
ch:  21  133  136  124  123  140  127  130  121  124  120  118  123  116  123  115  108  111  115  119  120  107  105  105  107  112  118  108  115  111  108  120   56
ch:  22  137  132  120  122  132  130  132  123  129  114  123  125  117  125  123  120  109  117  116  121  113  109  116  105  119  109  101  113  121  114  116   37
ch:  23  140  126  135  125  135  119  125  117  125  126  132  122  123  134  125  116  116  115  120  122  109  110  114  108  114  117  115  118  119  116  125   56
ch:  24  133  132  124  121  135  133  135  122  137  132  111  121  115  118  110  120  124  111  118  114  109  107  104  102  110  123  108  114  122  118  116   32
ch:  25  131  148  117  136  134  121  135  125  120  118  124  114  123  123  115  122  121  108  117  122  117  125  109  110  104  120  116  118  113  119  120   56
ch:  26  133  140  135  123  132  126  129  124  110  122  138  115  119  122  119  117  118  117  116  118  106  114  107  107  110  111  110  113  104  113  110   38
ch:  27  131  125  121  130  135  126  123  119  121  119  119  121  125  116  116  124  119  114  106  106  101  115  120  128  106  101  113  116  115  123  105   56
ch:  28  126  119  124  135  119  130  136  120  122  117  119  124  120  120  111  118  119  118  100  120  118  111  114  109  105  108  115  114  108  108  124   31
ch:  29  134  136  135  138  124  123  127  123  134  103  120  116  132  116  108  127  108  124  123  102  113  112  116  112  105  110  108  125  117  125  116   56
ch:  30  134  136  123  135  136  135  113  123  123  121  133  121  108  107  119  114  104  102  118  119  115  104  120  117  116  119  109  115  124  113  115   43
ch:  31  133  149  130  127  131  121  125  130  110  121  114  122  121  123  109  108  120  113  108  109  116  115  110  104  101  110  108  115  118  114  120   56
ch:  32  133  120  133  132  130  123  130  125  126  122  123  119  121  124  118  121  121  100  115  109  115  114  118  114  104  115  106  110  103   -1  118   42
ch:  33  135  131  131  123  123  135  118  130  133  119  122  117  119  126  113  124  118  113  101  114  104  106  118  117  101  104  122  110  114  112  119   56
ch:  34  132  136  123  124  139  122  140  126  116  122  129  118  119  121  110  125  139  122  116  107  106  115  115  118  117  108  109  110  118  116  105   37
ch:  35  133  124  126  124  133  130  136  133  121  131  132  121  124  124  116  121  119  120  117  116  110  118  115  103  116  100  106  120  118  121  108   56
ch:  36  136  133  136  135  124  125  125  137  130  131  126  117  117  109  117  124  121  116  111   -1  122  117  116  109  116  122  119  123  116  117  121   33
ch:  37  142  148  133  133  135  131  127  120  127  123  120  119  115  133  116  109  120  122  110  114  116  117  115  105  123  109  116  116  120  116  119   56
ch:  38  141  135  122  145  134  124  125  124  115  130  115  117  115  121  108  119  115  118  104  115  108  122  123  108  111  107  118  117  102  110  116   53
ch:  39  134  125  138  134  131  132  122  122  125  130  115  122  123  116  112  124  114  103  115  119  118  118  131  107  102  120  108  120  118  107  121   56
ch:  40  124  110  136  136  132  132  135  123  118  115  125  119  116  117  123  115  122  117  118  107  110  121  122  115  119  110  119  110  108  124  111   48
ch:  41  129  138  132  127  127  122  132  117  129  125  119  120  119  130  116  102  118  113  110  122  109  115  117  120  113  109  127  109  118  123  126   56
ch:  42  125  138  131  137  134  119  134  135  124  131  119  122  123  108  114  125  111  105  117  110  120  111  108  116  117  108  121  101  112  118  121   53
ch:  43  135  140  132  110  130  131  121  125  121  116  123  118  120  133  123  113  125  130  113  109  114  109  116  104  111  117  110  116  111  111  121   56
ch:  44  134  130  137  136  124  127  127  130  133  116  123  115  116  116  118  122  122  112  116  108  106  111  118  114  107  114  110  130  115  120  118   33
ch:  45  135  129  127  134  135  132  127  135  125  124  118  119  129  124  125  127  131  123  115  102  115  114  123  123  122  113  109  118  119  121  123   56
ch:  46  146  130  130  130  126  133  137  123  123  139  131  119  125  108  119  117  113  106  120  124  106  111  119  125  119  106  110  112  118  117  117   44
ch:  47  133  133  131  139  132  125  130  130  129  125  120  125  126  119  117  122  118  116  119  119  115  122  116  110  105  115  119  120  124  124  123   56
ch:  48  149  137  135  141  133  127  135  125  130  131  121  122  118  114  116  118  110  120  121  119  108  106  105  130  122  131  118  116  130  109  122   43
ch:  49  141  127  137  141  132  136  137  134  122  118  116  123  131  105  118  116  108  115  113  117  116  115  125  117  110   -1  104  115  117  116  123   56
ch:  50  137  136  122  129  135  122  126  125  108  123  117  126  130  119  116  122  114  122  107  111  102  119  111  103  118  108  121  108  119  115  114   37
ch:  51  133  125  139  134  136  123  124  140  122  122  121  118  118  125  121  115  120  117  119  123  115  116  118  114  121  121  121  110  121  123  116   56
ch:  52  136  140  130  129  125  137  127  131  120  130  114  125  110  110  118  123  134  123  127  114  119  121  120  118  123  116  111  118  122  124  131   43
ch:  53  136  129  132  131  134  132  135  133  109  126  130  121  117  110  120  121  109  110  117  108  126  108  119  119  121  124  120  124  133  118  129   56
ch:  54  130  134  131  137  119  138  128  132  121  116  121  121  123  131  100  122  113  127  121  116  116  107  106  108  106  121  114  121  124  116  111   53
ch:  55  132  125  136  133  131  125  133  131  134  123  124  114  124  118  122  119  121  120  107  114  106  118  117  114  119  118  124  114  115  129  130   56
ch:  56  135  130  132  130  135  132  138  123  133  130  118  114  122  124  124  118  121  116  115  116  119  116  115  116  114  119  119  115  121  115  125   33
ch:  57  136  140  135  125  137  133  116  121  131  124  117  123  110  123  115  121  127  124  125  117  125  108  119  116  120  127  116  107  124  124  119   56
ch:  58  138  134  133  135  130  114  133  123  118  124  115  127  129  119  127  125  120  118  124  120  125  121  123  120  119  131  108  116  118  122  123   43
ch:  59  140  133  137  136  137  133  131  120  118  123  121  130  105  130  110  125  118  122  121  108  107  117  123  111  122  118  127  108  122  118  116   56
ch:  60  133  139  125  132  125  133  135  119  121  126  124  128  121  121  123  124  116  134  120  120  110  107  116  116  111  110  111  118  118  123  123   48
ch:  61  139  132  140  131  137  123  133  120  111  120  133  133  122  125  116  117  129  123  119  119  122  120  122  122  116  121  122  118  123  122  116   56
ch:  62  139  136  133  123  124  135  128  132  124  124  124  112  120  123  121  127  125  122  117  123  124  104  115  117  120  120  108  111  118  128  110   53
ch:  63  134  125  129  125  131  123  136  132  129  131  134  116  118  123  119  124  126  124  122  117  111  122  113  119  113  114  120  115  115  122  118   56
ch:  64  125  137  130  131  131  134  126  135  124  116  134  123  132  123  124  123  121  127  116  124  124  117  118  119  104  119  122  110  120  123  124   42
ch:  65  126  138  134  135  146  137  126  124  126  124  119  121  121  110  122  114  115  129  125  131  122  119  122  111  121  122  124  125  122  122  121   56
ch:  66  131  133  133  132  130  137  125  124  126  124  121  118  125  119  123  111  127  124  108  115  115  116  108  118  109  101  130  110  108  108  119   44
ch:  67  142  140  121  137  139  136  126  132  133  125  115  116  125  127  116  119  117  118  123  125  123  106  132  115  124  124  114  130  106  127  120   56
ch:  68  133  130  130  135  134  134  132  135  126  124  132  132  120  123  116  121  116  127  125  119  104  119  108  115  117  102  117  110  116  121  109   43
ch:  69  135  117  126  132  139  131  131  132  124  123  131  126  125  133  122  120  127  102  117  108  117  109  123  119  122  125  111  119  133  125  121   56
ch:  70  133  134  122  130  122  138  118  134  128  130  110  119  120  124  115  118  121  124  118  123  109  104  104  105  120  114  108  120  120  108  115   44
ch:  71  135  135  127  127  133  121  126  132  125  120  118  125  120  117  115  116  117  109  126  123  117  122  117  120  111  121  115  124  125  108  127   56
ch:  72  120  133  138  142  132  140  137  126  131  131  126  117  122  123  118  123  130  117  134  121  114  120  110  118  119  114  117  108  119  121  122   56
ch:  73  132  141  134  131  127  138  130  133  129  119  131  126  127  124  131  115  129  122  126  129  113  117  119  118  123  102  119  124  136  123  126   56
ch:  74  127  131  133  142  124  122  124  139  123  130  117  133  122  123  120  119  120  123  120  121  103  121  117  116  118  107  107  119  118  117  122   56
ch:  75  125  124  135  126  126  133  132  130  127  119  107  131  132  123  109  116  126  117  110  135  123  123  120  115  113  119  120  122  115  118  126   56
ch:  76  139  125  131  131  134  127  131  122  124  121  130  129  119  120  115  116  121  121  115  115  126  116  107  109  114  123  117  116  135  121  109   42
ch:  77  135  116  126  123  136  133  135  132  120  125  122  125  124  134  116  124  123  114  117  124  131  126  120  119  128  116  123  119  124  118  120   56
ch:  78  133  127  126  133  134  126  118  124  131  123  126  131  120  119  113  119  123  116  131  125  116  121  114  124  109  119  114  116  126  117  114   55
ch:  79  124  136  137  118  143  135  133  131  126  134  132  134  131  110  115  120  116  117  107  116  116  114  124  122  126  118  116  119  110  117  118   56
ch:  80  130  122  139  136  125  129  133  117  131  115  126  119  121  125  122  120  123  132  118  119  114  117  116  118  118  118  119  117  110  115  121   48
ch:  81  133  135  133  122  138  131  133  132  122  123  131  123  110  116  116  125  121  109  117  122  118  117  118  120  117  114  110  114  123  121  121   56
ch:  82  137  126  131  124  141  135  131  126  118  124  121  118  130  130  115  115  120  121  118  120  120  124  119  131  106  108  115  117   -1  130  122   55
ch:  83  132  130  134  135  124  123  123  131  137  126  135  120  124  129  133  124  110  122  113  111  114  122  116  123  117  118  105  107  125  120  122   56
ch:  84  127  133  134  119  133  137  123  133  123  125  117  115  119  105  126  130  117  118  108  120  117  117  115  109  119  123  122  132  108  126  130   56
ch:  85  139  135  149  140  124  123  118  136  119  125  118  120  106  121  125  118  127  106  133  126  120  118  116  112  132  124  121  115  105  117  134   56
ch:  86  139  142  140  131  132  140  133  127  118  115  129  130  118  126  117  131  113  118  116  107  122  108  122  108  106  114  114  119  124  118  111   55
ch:  87  127  131  133  133  124  130  120  132  124  125  130  133  123  123  116  117  108  114  119  124  120  118  114  107  110  124  121  121  123  127  126   56
ch:  88  125  141  139  134  134  134  135  122  119  124  122  129  124  124  121  120  121  116  115  110  118  108  111  108  108  115  115  105  114  123  110   53
ch:  89  115  133  139  133  119  138  125  135  124  124  116  119  132  127  116  132  132  124  121  115  116  106  116  109  110  119  122  126  118  131  119   56
ch:  90  132  134  124  119  131  120  125  131  127  122  129  124  111  123  124  112  116  130  120  116  110  108  120  102  106  116  112  100  120  122  117   53
ch:  91  127  126  121  140  127  137  141  130  126  125  134  120  117  119  116  118  124  127  108  113  116  113  122  125  113  110  124  120  128  134  123   56
ch:  92  132  133  138  121  120  134  139  131  119  123  121  115  122  132  116  125  121  118  123  116  124  119  120  116  116  108  114  106  110  121  119   56
ch:  93  134  137  133  119  130  137  124  117  133  132  125  134  107  130  122  121  118  123  114  117  124  114  117  103  119  118  110  130  131  110  123   56
ch:  94  132  137  134  124  122  133  133  121  116  116  124  121  120  120  118  119  109  120  111  131  114  108  119  121  107  107  117  106  116  122  126   44
ch:  95  149  140  139  130  125  133  129  139  128  125  124  108  121  137  123  123  122  125  118  116  121  124  104  111  112  124  120  120  115  120  122   56
ch:  96  138  138  134  134  127  130   -1  131  125  125  110  123  120  119  120  127  108  118  117  110  116  118  108  114  119  111  118  116  110  117  104   48
ch:  97  137  135  123  139  123  133  119  132  124  116  127  123  116  115  117  119  122  122  115  123  115  119  121  109  119  120  115  126  115  126  121   56
ch:  98  146  137  137  125  132  122  121  122  119  118  110  111  122  124  119  107  116  118  116  115  118  116  119  109  116  118  114  115  112  104  124   53
ch:  99  136  133  135  121  134  119  118  122  123  129  125  133  117  122  122  116  117  109  120  109  121  119  120  109  121  113  123  110  110  123  120   56
ch: 100  142  134  134  133  134  126  120  134  125  118  122  120  126  117  123  117  117  119  124  111  120  117  122  102  117  119  110  116  125  110  115   43
ch: 101  137  138  131  126  136  122  125  130  139  120  125  115  135  125  122  127  118  126  109  124  108  129  106  107  131  114  118  115  115  116  120   56
ch: 102  139  125  134  127  125  132  133  136  122  123  124  123  131  124  117  132  120  118  120  115  118  120  105  104  126  115  116  118  118  126  110   37
ch: 103  131  136  132  134  118  139  126  120  124  122  126  125  117  119  130  118  120  116  115  117  114  119  117  116  113  118  109  121  122  116  126   56
ch: 104  132  133  130  131  126  127  125  121  134  135  119  133  125  118  119  120  116  117  125  123  120  118  115  108  115  118  108  111  116  118  110   43
ch: 105  125  135  138  126  130  130  131  136  125  123  124  119  121  130  108  131  109  123  110  120  104  121  116  118  104  106  122  105  121  115  120   56
ch: 106  138  132  131  144  126  125  127  130  121  123  117  126  125  131  126  117  110  117  115  118  125  118  114  120  107  117  116  118  110  109  115   53
ch: 107  134  134  132  140  135  133  123  123  122  126  134  136  119  122  118  122  122  115  107   93  121  106  118  118  130  123  131  126  124  117  123   56
ch: 108  140  131  137  133  117  123  132  121  131  122  124  116  115  123  130  124  118  124  116  108  109  124  116  103  111  113  108  126  114  108  115   43
ch: 109  139  116  125  127  131  122  120  117  137  115  119  124  119  117  118  118  117  121  123  119  117  110  115  102  116  116  121  104  111  106  122   56
ch: 110  137  136  134  135  125  125  134  120  125  132  123  110  115  116  119  125  115  120  114  115  123  111  119  106  115  115  129  120  110  127  123   44
ch: 111  140  132  139  131  132  126  130  126  119  122  125  118  131  110  114  130  136  124  120  123  110  116  106  115  110  130  116  115  134  126  121   56
ch: 112  142  136  130  125  122  125  139  122  125  120  120  120  116  121  119  121  114  123  113  117  117  122  116  120  121  120  115  107  116  118  123   31
ch: 113  149  130  131  118  138  138  136  130  124  126  123  130  124  129  109  121  122  104  110  120  107  120  115  109  115  117  121  111  121  126  117   56
ch: 114  139  134  125  126  127  127  122  125  138  124  125  122  119  123  110  121  105  104  106  104  105  114  119  123  114  101  107  121  118  115  127   41
ch: 115  136  125  133  120  133  134  127  121  126  124  131  125  122  117  118  125  125  117  119  106  108  120  115  121  116  116  122  134  120  125  125   56
ch: 116  131  137  136  130  131  138  125  125  132  123  109  126   -1  122  124  118  122  123  107  123  109  107  114  110  108  120  120  107  115  119  125   33
ch: 117  126  132  148  121  131  121  133  115  133  133  124  126  120  122  133  125  110  114  116  119  120  110  121  132  117  121  108  114  109  122  126   56
ch: 118  133  135  132  136  123  125  125  132  131  123  117  123  118  119  127  118  124  118  121  126  115  110  121  108  117  126  116  109  116  121  107   38
ch: 119  133  135  133  133  138  127  130  122  146  137  120  127  130  118  118  125  119  122  121  118  120  131  114  122  125  118  119  126  113  119  129   56
ch: 120  139  134  132  149  127  139  133  126  120  125  126  108  134  123  118  123  125  111  111  108  111  124  118  105  114  117  114  107  119  109  122   32
ch: 121  125  127  127  140  122  124  123  124  147  124  122  118  125  132  119  108  117  120  126  122  109  104  119  113  108  116  110  117  120  122  131   56
ch: 122  135  136  135  130  129  128  123  124  124  120  129  123  113  121  122  113  113  117  118  111  115  119  121  117  114  111  118  125  110  120  118   11
ch: 123  138  132  134  137  123  121  136  126  125  126  125  120  121  135  122  126  117  122  107  118  121  115  117  117  119  121  122  127  115  124  113   56
ch: 124  131  137  122  134  130  132  117  121  118  131  136  119  119  133  122  125  131  114  117  121  106  127  102  116  115  115  118  130  123  124  115    3
ch: 125  129  136  134  127  137  134  120  127  134  125  126  122  116  123  117  124  122  117  127  118  111  114  110  117  129  116  117  120  121  122  126   44
ch: 126  135  139  116  138  122  121  130  137   -1  123  126  117  122  106  124  117  108  121  110  121  115  114  122  120  106  111  109  109  116  120  130   -1
ch: 127  123  124  133  124  130  122  131  120  134  122  132  121  124  122  124  108  124  117  123  117  120  106  115  119  116  120  126  117  123  120  123   15
