ch    0:      0     0     0     0     0     0     0     0     0     0     0     0     0     0     0     0     0     0     0     0     2    29   147   820  3078 10973  6211 11743  9566 17040  9589  3378
ch    1:      0     0     0     0     0     0     0     0     0     0     0     0     0     0     0     0     0     0     0     2    10    52   279  1192  4867 12480  5244  9840  9541  9982 15034 11837
ch    2:      0     0     0     0     0     0     0     0     0     0     0     0     0     0     0     0     0     0     0     0     5    69   232  1491  7597 14662  9813 11928 12950 12503  4031 14074
ch    3:      0     0     0     0     0     0     0     0     0     0     0     0     0     0     0     0     0     0     0     0    13    66   540  2481 11195 11553 13706 11942 14310  9157 10320  8378
ch    4:      0     0     0     0     0     0     0     0     0     0     0     0     0     0     0     0     0     0     0     2    12   120   406  1716  9922 10233 14447 13177  7383  7481 11714  8862
ch    5:      0     0     0     0     0     0     0     0     0     0     0     0     0     0     0     0     0     0     0     0    18   172   795  3959 16161  7410  7455  7920 12155  8684 10592 17567
ch    6:      0     0     0     0     0     0     0     0     0     0     0     0     0     0     0     0     0     0     0     1    13    54   472  3058 16548  8783 10935 13789  7892  5183 11767 16335
ch    7:      0     0     0     0     0     0     0     0     0     0     0     0     0     0     0     0     0     0     0     0    18   173   992  4254 14781  8048 13376 12027 11864  7264  7374 13056
ch    8:      0     0     0     0     0     0     0     0     0     0     0     0     0     0     0     0     0     0     1     4    13   109   737  3071 18651 12889  8585 13494 14973 10589 16108  5773
ch    9:      0     0     0     0     0     0     0     0     0     0     0     0     0     0     0     0     0     0     0     5    20   185  1141  5627 18658 14455  8089 11541 10589  8244  8259  3479
ch   10:      0     0     0     0     0     0     0     0     0     0     0     0     0     0     0     0     0     0     0     0    14   126   662  4780 15313 11402 11906  9749 10580  5788 10141 14963
ch   11:      0     0     0     0     0     0     0     0     0     0     0     0     0     0     0     0     0     0     2     6    21   218  1198  6335  3070 11299  9577 12033  9782  6178 11322  6704
ch   12:      0     0     0     0     0     0     0     0     0     0     0     0     0     0     0     0     0     0     1     4    28   284  1767  6220 14621  8327 13591  9107  9001  9905 10773  7924
ch   13:      0     0     0     0     0     0     0     0     0     0     0     0     0     0     0     0     0     0     0     7    26   291  1426  9480  7638  6676  7625 11690  7612  7227 11572  4213
ch   14:      0     0     0     0     0     0     0     0     0     0     0     0     0     0     0     0     0     0     0     1    24   152  1262  7723  9445  6201 14492 10592  5104 11666  6549 17015
ch   15:      0     0     0     0     0     0     0     0     0     0     0     0     0     0     0     0     0     0     2    13    52   265  2043  9645  7337 14048 12398 13509  8736  6639 10377 11611
ch   16:      0     0     0     0     0     0     0     0     0     0     0     0     0     0     0     0     0     0     0     3    26   210  1563  7394 13743  8335 12160 10009 11815  8536 10804 12876
ch   17:      0     0     0     0     0     0     0     0     0     0     0     0     0     0     0     0     0     0     0     8    40   290  2382 10195 16831 10349 10713  9482  7170  8149 13360  7549
ch   18:      0     0     0     0     0     0     0     0     0     0     0     0     0     0     0     0     0     0     0     4    43   297  1374  9645 16265 12486  9406  5201 10534 10811  9057  6063
ch   19:      0     0     0     0     0     0     0     0     0     0     0     0     0     0     0     0     0     0     1     5    47   421  2061 13538  7038 14537 10126  8105  8757  7484  7847  7009
ch   20:      0     0     0     0     0     0     0     0     0     0     0     0     0     0     0     0     0     1     2     5    35   311  1974  8519  8726  8051  9436  6792 10576 11783  7431 11567
ch   21:      0     0     0     0     0     0     0     0     0     0     0     0     0     0     0     0     0     0     0     2    58   508  2315 13160 11002  6911  7328 12622  7701 10232 10988 13368
ch   22:      0     0     0     0     0     0     0     0     0     0     0     0     0     0     0     0     0     0     0     5    54   328  2651 11954 15317  5378 10561 10865  8636 12715  5033  9605
ch   23:      0     0     0     0     0     0     0     0     0     0     0     0     0     0     0     0     0     0     0     4   108   593  3545 15357  9205 11595  8839  9808 12469 11377 13093 10110
ch   24:      0     0     0     0     0     0     0     0     0     0     0     0     0     0     0     0     0     0     0     4    55   413  2091 11153 11856 11079  9176 13280  9793 11426 10311 11179
ch   25:      0     0     0     0     0     0     0     0     0     0     0     0     0     0     0     0     0     0     2     7    75   462  3540 16884  7966  8570  8958  5902 12762 11675  7508  8221
ch   26:      0     0     0     0     0     0     0     0     0     0     0     0     0     0     0     0     0     0     1     7    72   435  2952 14098  9950  5341  8950 14522  8665  9799 11861  6564
ch   27:      0     0     0     0     0     0     0     0     0     0     0     0     0     0     0     0     0     0     4    14   106   496  3786  5252 10336  6541  4958  8071 10030  8457  4965 11409
ch   28:      0     0     0     0     0     0     0     0     0     0     0     0     0     0     0     0     0     0     1     8    59   486  2976 16293  6892  9607  8508 10721  9039 10178  9386  8228
ch   29:      0     0     0     0     0     0     0     0     0     0     0     0     0     0     0     0     0     0     4    25   158   785  4687  4032 13098 13064  9225  6350  9840  3489  9048  8661
ch   30:      0     0     0     0     0     0     0     0     0     0     0     0     0     0     0     0     0     0     1     4    61   523  3002 14510 11508 15924  9780 13630 12001  8664  9428  8800
ch   31:      0     0     0     0     0     0     0     0     0     0     0     0     0     0     0     0     0     0     0    12   123  1157  4447 12282  7573  9955  7853 12336  8988  4193 10698 13190
ch   32:      0     0     0     0     0     0     0     0     0     0     0     0     0     0     0     0     0     0     1     4    53   347  2661 16869 14577 10511 13771 13765 13427  7788 14003  9665
ch   33:      0     0     0     0     0     0     0     0     0     0     0     0     0     0     0     0     0     0     2    15   166   832  6062 10510  9862  8190 10263  8493 14885  9628  8890 11470
ch   34:      0     0     0     0     0     0     0     0     0     0     0     0     0     0     0     0     0     0     0     8    74   699  4063 17223 10739 10019 12971 13830  9824  4793  8711  8822
ch   35:      0     0     0     0     0     0     0     0     0     0     0     0     0     0     0     0     0     1     4    17   150   894  5710  3633  6204 11691  8062  9471  5556  8453  8454  6571
ch   36:      0     0     0     0     0     0     0     0     0     0     0     0     0     0     0     0     0     0     2    11    70   631  3980 16791 14046  8508 11904  8375 12359 11509 12719 12284
ch   37:      0     0     0     0     0     0     0     0     0     0     0     0     0     0     0     0     0     0     3    20   155  1261  6752  5585  9585 13012 11128  7341  8143  5581  9507  9989
ch   38:      0     0     0     0     0     0     0     0     0     0     0     0     0     0     0     0     0     0     1    14    98   644  4820  5786  8691 13603 10422 11930  9318  6282 10098  7202
ch   39:      0     0     0     0     0     0     0     0     0     0     0     0     0     0     0     0     0     0     3    17   141  1207  6188 10488 15095 10817 12744 13225 12657 12678  9457  8212
ch   40:      0     0     0     0     0     0     0     0     0     0     0     0     0     0     0     0     0     0     1     5   125   988  4746 12091 14337  5053 14160  9265 10460  9794 10868  7815
ch   41:      0     0     0     0     0     0     0     0     0     0     0     0     0     0     0     0     0     0     0    14   123   899  5524 13269  5834  8560 10351 10402  8493  8995 12455 11038
ch   42:      0     0     0     0     0     0     0     0     0     0     0     0     0     0     0     0     0     0     1    10    93   840  3438  8121  6129 15331 12109  8891  5928  8950 11825 14929
ch   43:      0     0     0     0     0     0     0     0     0     0     0     0     0     0     0     0     0     0     2    13   159   870  5342 10510  9541 12569  8383 12965  9784 11538 12535  9610
ch   44:      0     0     0     0     0     0     0     0     0     0     0     0     0     0     0     0     0     1     3    10    87   874  4444  4418  6443 12140 10704  9882 10583  7412  9594 12044
ch   45:      0     0     0     0     0     0     0     0     0     0     0     0     0     0     0     0     0     1     2    17   147  1010  5871 12594 14019  9735 11416  8886 11967 11408 12040 12275
ch   46:      0     0     0     0     0     0     0     0     0     0     0     0     0     0     0     0     0     0     0     7    93   575  3966  9620  6994 12752  6543 11379  8324  8037 11979 12807
ch   47:      0     0     0     0     0     0     0     0     0     0     0     0     0     0     0     0     0     0     2    14   249  1393  8867 11083  9516  8727  7653 10456  7373  6437 16553 10032
ch   48:      0     0     0     0     0     0     0     0     0     0     0     0     0     0     0     0     0     0     0    17    88  1144  7722  4764 10577  7258  5702  8744 11214  9694  8581  8890
ch   49:      0     0     0     0     0     0     0     0     0     0     0     0     0     0     0     0     0     0     4    32   246  1245  7432 12829 14147  4740 13581  8352  7410  8724 10575  7588
ch   50:      0     0     0     0     0     0     0     0     0     0     0     0     0     0     0     0     0     1     4    14   154  1100  7123  8171 13458 11390 11901  9723 15163 11831 13719  7045
ch   51:      0     0     0     0     0     0     0     0     0     0     0     0     0     0     0     0     0     0     1    30   186  1655  8337 13618 10190  6886  9861  9618  9720 14306  9730 10209
ch   52:      0     0     0     0     0     0     0     0     0     0     0     0     0     0     0     0     0     0     5    14   147   881  5271  7694  4116 12662 10929  3968  9899 12688 12726  9598
ch   53:      0     0     0     0     0     0     0     0     0     0     0     0     0     0     0     0     0     0     2    38   264  1165  9432 10671  7485  7676 10790 11685 11941 15140 11939 12609
ch   54:      0     0     0     0     0     0     0     0     0     0     0     0     0     0     0     0     0     0     3    17   186  1447  8057 14857 10678 11350 10544 14285 11815 13597 10061 12572
ch   55:      0     0     0     0     0     0     0     0     0     0     0     0     0     0     0     0     0     0     2    23   178  1436  8028 11104 11483  8455 12987 10293  8821 10275  9168 12491
ch   56:      0     0     0     0     0     0     0     0     0     0     0     0     0     0     0     0     0     0     1    12   115  1159  6391 11368  5928 10870  7461  9853  7565  8798  6846 15926
ch   57:      0     0     0     0     0     0     0     0     0     0     0     0     0     0     0     0     0     0     1    21   182  1550 10528 13675 11561  8778 11764  7881 10618 11535 10965  6754
ch   58:      0     0     0     0     0     0     0     0     0     0     0     0     0     0     0     0     0     0     0    14   209   922  6273 15240  7409  9943  9990  9818 10358 13364  6914  6611
ch   59:      0     0     0     0     0     0     0     0     0     0     0     0     0     0     0     0     0     0     3    25   255  1523  9021  8128  9483  8369  7110  8480  7094  6074  8434 11540
ch   60:      0     0     0     0     0     0     0     0     0     0     0     0     0     0     0     0     0     0     0    16   117  1025  6707 11382  8126 12511  9588  8282  7756  8747 10883  7032
ch   61:      0     0     0     0     0     0     0     0     0     0     0     0     0     0     0     0     0     0     5    22   290  2634  9595  9096  9254  6519  8793  3086 13657 10065  8352  7934
ch   62:      0     0     0     0     0     0     0     0     0     0     0     0     0     0     0     0     0     0     1    17   187   783  6534 14096  8621  9036 13173  7161 13367  6067  8428  8961
ch   63:      0     0     0     0     0     0     0     0     0     0     0     0     0     0     0     0     0     0     2    22   287  1958 12791 15166 15283  7419 12169  8389 11417 13214 12171 12377
ch   64:      0     0     0     0     0     0     0     0     0     0     0     0     0     0     0     0     0     0     1    14   153  1180  7567 15155 13790 14293  8325 12153  6919  8861  9895  8126
ch   65:      0     0     0     0     0     0     0     0     0     0     0     0     0     0     0     0     0     0     1    35   212  1915 14116  8144  7182  8590  7438  7425 10661 10149 12173 10740
ch   66:      0     0     0     0     0     0     0     0     0     0     0     0     0     0     0     0     0     0     0    10   133   812  5600  5775  8727 14755  7609  8910 12242  6819  9232  9728
ch   67:      0     0     0     0     0     0     0     0     0     0     0     0     0     0     0     0     0     0     3    34   269  2166 13922 12148 13330 10911 10885 11749 11226 14395  9949 12351
ch   68:      0     0     0     0     0     0     0     0     0     0     0     0     0     0     0     0     0     0     2    19   147  1600  6034 13232 15231 10720 12039 15130  8664  6547  9601 12254
ch   69:      0     0     0     0     0     0     0     0     0     0     0     0     0     0     0     0     0     0     2    39   261  1606  9624  9988 12099  9828  4601  7254 10485 11905 12301  4569
ch   70:      0     0     0     0     0     0     0     0     0     0     0     0     0     0     0     0     0     0     2    20   262  1048  6664  7707  3339  7471  8834 11477 11447  9234 11947  9096
ch   71:      0     0     0     0     0     0     0     0     0     0     0     0     0     0     0     0     0     0     5    45   318  3260 13596  9044 13332  5471  8651 12960 12212  3742  6019 10146
ch   72:      0     0     0     0     0     0     0     0     0     0     0     0     0     0     0     0     0     0     2    21   193  1524  7068  6380 14003 10369 11537 11842 13346  5508  6158 16330
ch   73:      0     0     0     0     0     0     0     0     0     0     0     0     0     0     0     0     0     0     7    29   343  1651 11577  7988 10402  6688  9442  6571  9493  8549 13183 12357
ch   74:      0     0     0     0     0     0     0     0     0     0     0     0     0     0     0     0     0     0     1    25   233  1575  9242  8448 12965  8400  5498  7997 14862  9923  9085  9904
ch   75:      0     0     0     0     0     0     0     0     0     0     0     0     0     0     0     0     0     0     6    46   230  1609  8839  6830 13872 14802  7090 12457 13482  8378  9118  6443
ch   76:      0     0     0     0     0     0     0     0     0     0     0     0     0     0     0     0     0     0     3    16   152  1494  7854 14782 11118  9717  9164 11715  4536 15094  9709 10849
ch   77:      0     0     0     0     0     0     0     0     0     0     0     0     0     0     0     0     0     1     5    49   500  3337 15309  7439 11296  8696  8164 13587 12648 10835 12801  7721
ch   78:      0     0     0     0     0     0     0     0     0     0     0     0     0     0     0     0     0     0     1    23   185  1191  7798 11089 12892  8234 11197 12748  7867 13892 12218 11341
ch   79:      0     0     0     0     0     0     0     0     0     0     0     0     0     0     0     0     0     1     5    43   342  1890  9875  9835 12282 10463  9413 12951  9032  9765 10547  9383
ch   80:      0     0     0     0     0     0     0     0     0     0     0     0     0     0     0     0     0     1     4    21   220  1841 10935  6388 13112 11638 10008 11908  9338 11391  6081 11422
ch   81:      0     0     0     0     0     0     0     0     0     0     0     0     0     0     0     0     0     1     6    56   427  1955 14740 10878  9482  9143 12944 15739  9897 11101 16397 13935
ch   82:      0     0     0     0     0     0     0     0     0     0     0     0     0     0     0     0     0     0     2    24   160  1138  8125  8108  5950  5671  7330 10138 12134 13366 11723  4830
ch   83:      0     0     0     0     0     0     0     0     0     0     0     0     0     0     0     0     0     0    10    62   327  2284 15302 12002  6641 10697 13273  5737  9470 11084  9098  8837
ch   84:      0     0     0     0     0     0     0     0     0     0     0     0     0     0     0     0     0     0     2    29   155  2351 10050  5632 12148  8413  9373 11191 10990  8405 11803 11516
ch   85:      0     0     0     0     0     0     0     0     0     0     0     0     0     0     0     0     0     0     5    53   386  3257 17190 10519 10143  8707  7616 11485 13204 11598  9663  7310
ch   86:      0     0     0     0     0     0     0     0     0     0     0     0     0     0     0     0     0     0     1    15   175  1431  7548  6792 14143  8412  9945  3211  6288 16050  5099 10957
ch   87:      0     0     0     0     0     0     0     0     0     0     0     0     0     0     0     0     0     0    10    47   379  2088 11439  4726 10912 11034  5926  7055 10643  4084  7580  9715
ch   88:      0     0     0     0     0     0     0     0     0     0     0     0     0     0     0     0     0     0     2    24   231  1508  9949 10136  8346 11201 14394 12734  7440 13548  9830 13513
ch   89:      0     0     0     0     0     0     0     0     0     0     0     0     0     0     0     0     0     2     9    53   455  4234 15028 12728  9123  9335  7995 13686 10890  7440 10038  7447
ch   90:      0     0     0     0     0     0     0     0     0     0     0     0     0     0     0     0     0     0     2    35   269  2008  9292 12827 10016 14078  3429 10849 14888  6386  5982 12374
ch   91:      0     0     0     0     0     0     0     0     0     0     0     0     0     0     0     0     0     1     5    48   541  2643 12517 10682  7987 14250 13368  8250  8519  9589 12899  4809
ch   92:      0     0     0     0     0     0     0     0     0     0     0     0     0     0     0     0     0     0     0    22   305  1762 10424 12168 14219 10377 11186  8478 12310  8017  9848  8226
ch   93:      0     0     0     0     0     0     0     0     0     0     0     0     0     0     0     0     0     0     5    50   426  2493 13015 10470 16096  5431 13867 11875  9818 11146  9373 12026
ch   94:      0     0     0     0     0     0     0     0     0     0     0     0     0     0     0     0     0     0     0    38   226  1913 10643  9380  9341  5080 16166  9753  9744  7730 13080  8870
ch   95:      0     0     0     0     0     0     0     0     0     0     0     0     0     0     0     0     0     0     2    48   375  1982 15843 12348  9159  9321  9023 13193 11232 10566  6571 11967
ch   96:      0     0     0     0     0     0     0     0     0     0     0     0     0     0     0     0     0     0     3    20   206  2217 10106  8446  7994 11859 13134  9569 10973 13131 11728 10876
ch   97:      0     0     0     0     0     0     0     0     0     0     0     0     0     0     0     0     0     1     5    55   333  2669 16246  7392 12938 11187  7729  8444 11034  8864  5629 14707
ch   98:      0     0     0     0     0     0     0     0     0     0     0     0     0     0     0     0     0     1     4    32   246  2213 10142  5417 14402 11611  7649 12925  6724  9075  7260 12458
ch   99:      0     0     0     0     0     0     0     0     0     0     0     0     0     0     0     0     1     1     7    71   347  2378 13298  5163 11126 13015  6806  7904 11462 10653 12112 14568
ch  100:      0     0     0     0     0     0     0     0     0     0     0     0     0     0     0     0     0     0     4    28   184  1786  8976  5851  9059  7935  5816  9859  9838 13339  8289 10833
ch  101:      0     0     0     0     0     0     0     0     0     0     0     0     0     0     0     0     0     0     9    61   555  3596 17364  9656 14502  9504  6651  9127 12767  9495 12595  7755
ch  102:      0     0     0     0     0     0     0     0     0     0     0     0     0     0     0     0     0     0     4    15   252  1596  9291  5116 10702 11016 11910 14542 11121 13310  7337 12321
ch  103:      0     0     0     0     0     0     0     0     0     0     0     0     0     0     0     0     0     0     6    29   420  2980 14096 12978 13592  7212  7420 13116 11393 12953  6427  9574
ch  104:      0     0     0     0     0     0     0     0     0     0     0     0     0     0     0     0     0     0     1    41   257  2227 10212 13573  9623  7637 11048  5755 11812 12095 12383 12527
ch  105:      0     0     0     0     0     0     0     0     0     0     0     0     0     0     0     0     0     1    11    80   495  3163 15825 12168  8016  7598 12575  7686  9296  6072 10301  9085
ch  106:      0     0     0     0     0     0     0     0     0     0     0     0     0     0     0     0     0     0     0    37   283  1800 13962  9599  9321 15153 11830  6663  9236  7507 11980 10707
ch  107:      0     0     0     0     0     0     0     0     0     0     0     0     0     0     0     0     0     0     2    47   339  2737 15449 10443  6768 11007  9903 10868  8715 10070 13375 13138
ch  108:      0     0     0     0     0     0     0     0     0     0     0     0     0     0     0     0     0     0     4    31   291  1722  9896 10175 10424  6704 10043  6139 11012 11476 11842 11771
ch  109:      0     0     0     0     0     0     0     0     0     0     0     0     0     0     0     0     0     0     4    61   439  3213 14176  7739 13132  9786 14543 11903 13420 16994 11665  6487
ch  110:      0     0     0     0     0     0     0     0     0     0     0     0     0     0     0     0     0     0     0    23   241  2329  9139  6308  6698  8773  9282 11566  7897  7565 14373 14547
ch  111:      0     0     0     0     0     0     0     0     0     0     0     0     0     0     0     0     0     1     5    70   429  3150 16320  5824 11522 11833  5327  7584 10976  8564  6378  6641
ch  112:      0     0     0     0     0     0     0     0     0     0     0     0     0     0     0     0     0     0     1    20   157  1315 10162 12681  9737 10041 10052 11894  6389  7030 15764  9218
ch  113:      0     0     0     0     0     0     0     0     0     0     0     0     0     0     0     0     0     0     6    51   539  3339 15939  8003  7583  5473  5935 10592 13019  4536 10045 11046
ch  114:      0     0     0     0     0     0     0     0     0     0     0     0     0     0     0     0     0     1     3    41   290  1872 12867  7134  5785 12665  7342 12400 10588 11089 10153 10145
ch  115:      0     0     0     0     0     0     0     0     0     0     0     0     0     0     0     0     0     0    10    36   371  2643 16303 11842 14986  6544  5887 10024  9478  9922 13988 12271
ch  116:      0     0     0     0     0     0     0     0     0     0     0     0     0     0     0     0     0     0     2    29   284  2039 13146  6762  7167 13079  7233 12987 11127  8568  9850 11205
ch  117:      0     0     0     0     0     0     0     0     0     0     0     0     0     0     0     0     0     0     5    41   435  2652 15306  9663 11551 12536 12057 13052  7845  6285  5047 13957
ch  118:      0     0     0     0     0     0     0     0     0     0     0     0     0     0     0     0     0     1     4    19   225  1692 10085  3291 10479  9697  9681  7006  8182 13247 11976 11229
ch  119:      0     0     0     0     0     0     0     0     0     0     0     0     0     0     0     0     0     0     4    46   428  2203 17428 13072 12966 12821  6863  7197 10178 15063  8222  9994
ch  120:      0     0     0     0     0     0     0     0     0     0     0     0     0     0     0     0     0     0     2    22   272  1980 14821 12372 16858 10480  7778 10431  9615 12401  8668 10155
ch  121:      0     0     0     0     0     0     0     0     0     0     0     0     0     0     0     0     0     0     3    34   392  3889 15332 13109 11364 11165 12499  7283  7122 12190  7757  8531
ch  122:      0     0     0     0     0     0     0     0     0     0     0     0     0     0     0     0     0     1     5    20   207  1920 12705 15078 10076 10516 16246  8884  6004  8626 10620 14755
ch  123:      0     0     0     0     0     0     0     0     0     0     0     0     0     0     0     0     0     1     9    60   478  3410 15440 11641 10506  9031 10068  9639  7221  9082  8844  7704
ch  124:      0     0     0     0     0     0     0     0     0     0     0     0     0     0     0     0     0     0     1    40   400  2750 15882  5963 12776  9878 11176  7603 13166  8101  9717 13861
ch  125:      0     0     0     0     0     0     0     0     0     0     0     0     0     0     0     0     0     1     4    58   361  2577 15119  9798  5866  8436  8672  8430 11828  9924 12660 14133
ch  126:      0     0     0     0     0     0     0     0     0     0     0     0     0     0     0     0     0     1     2    34   329  2350 11571 15523  7493 11407 10760 14085  9192 11643 15623  9559
ch  127:      0     0     0     0     0     0     0     0     0     0     0     0     0     0     0     0     0     0     8   106   841  4535  7715  7054  9514  9277 10773  9697  8936 12009 13605  6757
