ch    0:      0     0     0     0     0     0     0     0     0     0     0     0     0     0     0     0     0     0     0     0     0     0     0     1    34   464  4956 13555  8601  4866  6662  7426
ch    1:      0     0     0     0     0     0     0     0     0     0     0     0     0     0     0     0     0     0     0     0     0     0     0     1    26   668  6515  6642  7409  5726 14506 16073
ch    2:      0     0     0     0     0     0     0     0     0     0     0     0     0     0     0     0     0     0     0     0     0     0     0     0    35   723  8906  8657 10950  8540  8473  9447
ch    3:      0     0     0     0     0     0     0     0     0     0     0     0     0     0     0     0     0     0     0     0     0     0     1     3    48   968 11521  8331  5224 11056  9409 13579
ch    4:      0     0     0     0     0     0     0     0     0     0     0     0     0     0     0     0     0     0     0     0     0     0     0     0    43   729  6936 10784 11481 14336 15824  9944
ch    5:      0     0     0     0     0     0     0     0     0     0     0     0     0     0     0     0     0     0     0     0     0     0     0     3    72  1084 11695 12043  5313  8479 13562 10630
ch    6:      0     0     0     0     0     0     0     0     0     0     0     0     0     0     0     0     0     0     0     0     0     0     0     2    46  1125 13003  9420  9056 10820  9140 10302
ch    7:      0     0     0     0     0     0     0     0     0     0     0     0     0     0     0     0     0     0     0     0     0     0     0     3    54  1385 13310 13076  6406  7330 10314 12148
ch    8:      0     0     0     0     0     0     0     0     0     0     0     0     0     0     0     0     0     0     0     0     0     0     0     3    54  1216 11637 13754 13247  8794  9182 11542
ch    9:      0     0     0     0     0     0     0     0     0     0     0     0     0     0     0     0     0     0     0     0     0     0     0     1    85  1663  8477  8633  9090 14544 13922  8824
ch   10:      0     0     0     0     0     0     0     0     0     0     0     0     0     0     0     0     0     0     0     0     0     0     0     2    63  1417 13520 12622 12600 10069 12616 12540
ch   11:      0     0     0     0     0     0     0     0     0     0     0     0     0     0     0     0     0     0     0     0     0     0     1     5    95  2309  7359 10037 10531 12018 12498 10502
ch   12:      0     0     0     0     0     0     0     0     0     0     0     0     0     0     0     0     0     0     0     0     0     0     0     6    86  2303 10449  8209  8172  8605 12151 11751
ch   13:      0     0     0     0     0     0     0     0     0     0     0     0     0     0     0     0     0     0     0     0     0     0     1    13   151  1859  9431  8399 12722  7230 11736  6633
ch   14:      0     0     0     0     0     0     0     0     0     0     0     0     0     0     0     0     0     0     0     0     0     0     0     3    80  1708 10758  8846 10636  9803  7744 11402
ch   15:      0     0     0     0     0     0     0     0     0     0     0     0     0     0     0     0     0     0     0     0     0     0     0     3   115  3562  8128  8418  9502  5194  9231  9271
ch   16:      0     0     0     0     0     0     0     0     0     0     0     0     0     0     0     0     0     0     0     0     0     0     0     6   119  1942  8153 13623  9394 10714 11763 12437
ch   17:      0     0     0     0     0     0     0     0     0     0     0     0     0     0     0     0     0     0     0     0     0     0     0     2   167  4112 11800 11915 16727  9841  4125  8372
ch   18:      0     0     0     0     0     0     0     0     0     0     0     0     0     0     0     0     0     0     0     0     0     0     0     3   118  1888 11801  6358 11723 12720 11719 13177
ch   19:      0     0     0     0     0     0     0     0     0     0     0     0     0     0     0     0     0     0     0     0     0     0     0     4   151  2809 12473  6502 14938 11204 11478  6684
ch   20:      0     0     0     0     0     0     0     0     0     0     0     0     0     0     0     0     0     0     0     0     0     0     0     6   139  2475 10410  9658  9551  8282  6806 10355
ch   21:      0     0     0     0     0     0     0     0     0     0     0     0     0     0     0     0     0     0     0     0     0     0     0     3   313  4216 11328 15303  9221  8434  9472 10283
ch   22:      0     0     0     0     0     0     0     0     0     0     0     0     0     0     0     0     0     0     0     0     0     0     0     2   123  2711  7998  5911  9155  7651 12001  9461
ch   23:      0     0     0     0     0     0     0     0     0     0     0     0     0     0     0     0     0     0     0     0     0     0     0    11   186  3188  9203 10384 13423  7742 14969 12026
ch   24:      0     0     0     0     0     0     0     0     0     0     0     0     0     0     0     0     0     0     0     0     0     0     0     7   151  3470 10458 13733 11583  9297 12473  9637
ch   25:      0     0     0     0     0     0     0     0     0     0     0     0     0     0     0     0     0     0     0     0     0     0     0    11   285  4042 10975  8911 11935 10670  6349 11628
ch   26:      0     0     0     0     0     0     0     0     0     0     0     0     0     0     0     0     0     0     0     0     0     0     0     8   234  4783 11074 11437 12741  6150 10898 10810
ch   27:      0     0     0     0     0     0     0     0     0     0     0     0     0     0     0     0     0     0     0     0     0     0     1    13   252  4487  7703  9134 11411 13332  8246 11904
ch   28:      0     0     0     0     0     0     0     0     0     0     0     0     0     0     0     0     0     0     0     0     0     0     0     6   177  3621  8627  9992 14656  9693 10820  5313
ch   29:      0     0     0     0     0     0     0     0     0     0     0     0     0     0     0     0     0     0     0     0     0     0     0    11   380  7108  6363 10006 10228 11543  7101  8241
ch   30:      0     0     0     0     0     0     0     0     0     0     0     0     0     0     0     0     0     0     0     0     0     0     1     7   167  3650  8034 15248 12684 10542  9006 11208
ch   31:      0     0     0     0     0     0     0     0     0     0     0     0     0     0     0     0     0     0     0     0     0     0     0    11   353  6497 10268  7188  8229  4277 12239 10591
ch   32:      0     0     0     0     0     0     0     0     0     0     0     0     0     0     0     0     0     0     0     0     0     0     0    21   218  4519 10476 12141 14659 12006 10833  9187
ch   33:      0     0     0     0     0     0     0     0     0     0     0     0     0     0     0     0     0     0     0     0     0     0     0    21   458  5691 12913 14548  9673 12586  8059  7463
ch   34:      0     0     0     0     0     0     0     0     0     0     0     0     0     0     0     0     0     0     0     0     0     0     0     7   279  5373  4026 10889  8741  9601  8254 11733
ch   35:      0     0     0     0     0     0     0     0     0     0     0     0     0     0     0     0     0     0     0     0     0     0     1    14   375  8302  7408 10072 13676 11632  9674  9121
ch   36:      0     0     0     0     0     0     0     0     0     0     0     0     0     0     0     0     0     0     0     0     0     0     1    12   238  6712 10318 15279 12288  9066 14655  9910
ch   37:      0     0     0     0     0     0     0     0     0     0     0     0     0     0     0     0     0     0     0     0     0     0     0    15   377  6916  7638  6110  7447 15312  7628 10772
ch   38:      0     0     0     0     0     0     0     0     0     0     0     0     0     0     0     0     0     0     0     0     0     0     0    20   257  5038  9293 11888 15048  9962 12311 11184
ch   39:      0     0     0     0     0     0     0     0     0     0     0     0     0     0     0     0     0     0     0     0     0     0     2    33   495  8359  9971  7606  8201 13072 13855 11235
ch   40:      0     0     0     0     0     0     0     0     0     0     0     0     0     0     0     0     0     0     0     0     0     0     0     7   337  4036  7633  6506 11899 12222  8898 10118
ch   41:      0     0     0     0     0     0     0     0     0     0     0     0     0     0     0     0     0     0     0     0     0     0     1    23   390  6786 12545 10285  7088  7623 11544 11156
ch   42:      0     0     0     0     0     0     0     0     0     0     0     0     0     0     0     0     0     0     0     0     0     0     3    16   403  5287 11759  5547 10248 10218  8600  4869
ch   43:      0     0     0     0     0     0     0     0     0     0     0     0     0     0     0     0     0     0     0     0     0     0     0    20   519  7426  7549 10220 13267 12243 13036 14159
ch   44:      0     0     0     0     0     0     0     0     0     0     0     0     0     0     0     0     0     0     0     0     0     0     0    20   438  7137 17356 10024 13116  6602  9012 12479
ch   45:      0     0     0     0     0     0     0     0     0     0     0     0     0     0     0     0     0     0     0     0     0     0     0    21   658  8729  7724  9290 13326  9207  9596 13896
ch   46:      0     0     0     0     0     0     0     0     0     0     0     0     0     0     0     0     0     0     0     0     0     0     0     6   337  5983 15268  8390  8669 14312 10544  9822
ch   47:      0     0     0     0     0     0     0     0     0     0     0     0     0     0     0     0     0     0     0     0     0     1     2    11   366 11922 13443 13628  9165 12339  6064  8254
ch   48:      0     0     0     0     0     0     0     0     0     0     0     0     0     0     0     0     0     0     0     0     0     0     1    22   455  7701 12258 12424  9867  8142 12443  7753
ch   49:      0     0     0     0     0     0     0     0     0     0     0     0     0     0     0     0     0     0     0     0     0     0     0    18   350  8133 10788  9256  8190  8212 15333  5384
ch   50:      0     0     0     0     0     0     0     0     0     0     0     0     0     0     0     0     0     0     0     0     0     0     0     7   269  9933 12493  8562 17326  7768  9876  8906
ch   51:      0     0     0     0     0     0     0     0     0     0     0     0     0     0     0     0     0     0     0     0     0     0     2    25   540 12426 16110  6845 13367  5387  9369  9641
ch   52:      0     0     0     0     0     0     0     0     0     0     0     0     0     0     0     0     0     0     0     0     0     0     0    19   407  9228  8240 10974  6592  7556 10137  9658
ch   53:      0     0     0     0     0     0     0     0     0     0     0     0     0     0     0     0     0     0     0     0     0     0     0    25   443 10137  4833 11883  9468 11381  8375 10888
ch   54:      0     0     0     0     0     0     0     0     0     0     0     0     0     0     0     0     0     0     0     0     0     0     2    27   614 10850 10842 14176  7733  8733  8378  9993
ch   55:      0     0     0     0     0     0     0     0     0     0     0     0     0     0     0     0     0     0     0     0     0     0     0    28   563 10305  4182  9999 13209 16143 10377 14266
ch   56:      0     0     0     0     0     0     0     0     0     0     0     0     0     0     0     0     0     0     0     0     0     0     0    29   295  7989 16235 10548 13091 10353 11835  7450
ch   57:      0     0     0     0     0     0     0     0     0     0     0     0     0     0     0     0     0     0     0     0     0     0     0    30   785  6940 12135 11420 12426  7647  6102  7869
ch   58:      0     0     0     0     0     0     0     0     0     0     0     0     0     0     0     0     0     0     0     0     0     0     0    16   767  9986 12951 10182 11146 11258 14437  8376
ch   59:      0     0     0     0     0     0     0     0     0     0     0     0     0     0     0     0     0     0     0     0     0     0     1    27   800 11876 13165  6975  9973 12005 15589 13438
ch   60:      0     0     0     0     0     0     0     0     0     0     0     0     0     0     0     0     0     0     0     0     0     0     0     5   547 10722 14255  8278  7751 15580 11856 13139
ch   61:      0     0     0     0     0     0     0     0     0     0     0     0     0     0     0     0     0     0     0     0     0     0     0    29   947 11373  8308  6084  8999 11430 11365 10239
ch   62:      0     0     0     0     0     0     0     0     0     0     0     0     0     0     0     0     0     0     0     0     0     0     0    14   540 10915  9712 10069 11529 13838 15263  6714
ch   63:      0     0     0     0     0     0     0     0     0     0     0     0     0     0     0     0     0     0     0     0     0     0     1    21   714 12155 11767 12446  8293 13601  7868  9130
ch   64:      0     0     0     0     0     0     0     0     0     0     0     0     0     0     0     0     0     0     0     0     0     0     0    11   339  9103 12116  9829 14510  8756 14989  9832
ch   65:      0     0     0     0     0     0     0     0     0     0     0     0     0     0     0     0     0     0     0     0     0     0     0    39   819 11405 13613  9918  7739  7333 11863 11609
ch   66:      0     0     0     0     0     0     0     0     0     0     0     0     0     0     0     0     0     0     0     0     0     0     2    25   711 12130 16539 11924  4024 13073  5243  9013
ch   67:      0     0     0     0     0     0     0     0     0     0     0     0     0     0     0     0     0     0     0     0     0     0     1    23   674 16775  8763 10628 10378 11032 10644  8324
ch   68:      0     0     0     0     0     0     0     0     0     0     0     0     0     0     0     0     0     0     0     0     0     0     0    15   440  9752  8198  7190  8864 11376  7656 10151
ch   69:      0     0     0     0     0     0     0     0     0     0     0     0     0     0     0     0     0     0     0     0     0     0     2    41   714 17225 13182 12886  8771  5703  8381  8391
ch   70:      0     0     0     0     0     0     0     0     0     0     0     0     0     0     0     0     0     0     0     0     0     0     0    39   589 13366  8025 12493 11819 10504  7640 11802
ch   71:      0     0     0     0     0     0     0     0     0     0     0     0     0     0     0     0     0     0     0     0     0     0     1    31   959  7655 10739  8074  8797  8715  9488  9073
ch   72:      0     0     0     0     0     0     0     0     0     0     0     0     0     0     0     0     0     0     0     0     0     0     0    33   509 11746  6276 11320 14249 10281  7540  7551
ch   73:      0     0     0     0     0     0     0     0     0     0     0     0     0     0     0     0     0     0     0     0     0     0     0    63  1444  4961 12820 14964 10044 11550  7961  8462
ch   74:      0     0     0     0     0     0     0     0     0     0     0     0     0     0     0     0     0     0     0     0     0     0     1    24   393  7986  6221 15446 10007  7597 12514 11483
ch   75:      0     0     0     0     0     0     0     0     0     0     0     0     0     0     0     0     0     0     0     0     0     0     4    50  1061 15339  8522  7612  5642 12140  7649  5551
ch   76:      0     0     0     0     0     0     0     0     0     0     0     0     0     0     0     0     0     0     0     0     0     0     0    21   608 11164  9042  7891  8167 10345 11674 10908
ch   77:      0     0     0     0     0     0     0     0     0     0     0     0     0     0     0     0     0     0     0     0     0     0     1    33   929 11250  8103 14095  6589  7008 10183  8032
ch   78:      0     0     0     0     0     0     0     0     0     0     0     0     0     0     0     0     0     0     0     0     0     0     0    14   580  9860  8927 14699 12069 12829  4962 11531
ch   79:      0     0     0     0     0     0     0     0     0     0     0     0     0     0     0     0     0     0     0     0     0     0     2    60  1094 15055  6899  7734 11914 12481 10551  7169
ch   80:      0     0     0     0     0     0     0     0     0     0     0     0     0     0     0     0     0     0     0     0     0     0     0    27   628 10486 12522 12109 16323 10104 13389 11131
ch   81:      0     0     0     0     0     0     0     0     0     0     0     0     0     0     0     0     0     0     0     0     0     0     1    41   743 16266  9002  5828 10437  8839 11236  8436
ch   82:      0     0     0     0     0     0     0     0     0     0     0     0     0     0     0     0     0     0     0     0     0     0     1    26   439  8810  9925  8431 16439  6179  8991  9716
ch   83:      0     0     0     0     0     0     0     0     0     0     0     0     0     0     0     0     0     0     0     0     0     0     1    47  1369  9952  9782 10760 16683 11811  8789  9530
ch   84:      0     0     0     0     0     0     0     0     0     0     0     0     0     0     0     0     0     0     0     0     0     0     0    43   735  9616 10258  8363 13544 11721  8857 10396
ch   85:      0     0     0     0     0     0     0     0     0     0     0     0     0     0     0     0     0     0     0     0     0     0     0    33   763  6357 15052  6062 11534  9888  6732 12017
ch   86:      0     0     0     0     0     0     0     0     0     0     0     0     0     0     0     0     0     0     0     0     0     0     2    19   831 13934 12588  6078 12458 11725 10113  7833
ch   87:      0     0     0     0     0     0     0     0     0     0     0     0     0     0     0     0     0     0     0     0     0     0     0    46  1496 15430 11229 13146  9262 18439  8474  9336
ch   88:      0     0     0     0     0     0     0     0     0     0     0     0     0     0     0     0     0     0     0     0     0     0     1    33   803 14245  5549 13235  9155  5957 10080 11670
ch   89:      0     0     0     0     0     0     0     0     0     0     0     0     0     0     0     0     0     0     0     0     0     0     0    46  1219 17864  6010  8634  9871 14920 15937 12003
ch   90:      0     0     0     0     0     0     0     0     0     0     0     0     0     0     0     0     0     0     0     0     0     0     1    19   476  9741 11639 10019 13294  9116 11792  8568
ch   91:      0     0     0     0     0     0     0     0     0     0     0     0     0     0     0     0     0     0     0     0     0     0     2    60   936 15200  9647  9822 13655 12684 11333  8705
ch   92:      0     0     0     0     0     0     0     0     0     0     0     0     0     0     0     0     0     0     0     0     0     0     0    33  1128 12116 13135 11006  9127 10776 10842  7160
ch   93:      0     0     0     0     0     0     0     0     0     0     0     0     0     0     0     0     0     0     0     0     0     1     2    31  1409  3491 12659 11481  6936  9671 16416  9936
ch   94:      0     0     0     0     0     0     0     0     0     0     0     0     0     0     0     0     0     0     0     0     0     0     1    27   691 11650 10806 10246  8486 12150 12039 12997
ch   95:      0     0     0     0     0     0     0     0     0     0     0     0     0     0     0     0     0     0     0     0     0     0     1    62  1820  7861  8679 11495  6785 10697  9552 16221
ch   96:      0     0     0     0     0     0     0     0     0     0     0     0     0     0     0     0     0     0     0     0     0     0     1    33   623 14703 12019  9053 13300 11760 14507 10771
ch   97:      0     0     0     0     0     0     0     0     0     0     0     0     0     0     0     0     0     0     0     0     0     0     0    34  1407 14552 10147 14483  9628  7031 11265 14292
ch   98:      0     0     0     0     0     0     0     0     0     0     0     0     0     0     0     0     0     0     0     0     0     0     1    29   596 14596  6343 14065  7040 13467  8580  8302
ch   99:      0     0     0     0     0     0     0     0     0     0     0     0     0     0     0     0     0     0     0     0     0     0     0    50  1829 11472 14888 16633 11442  8911  8398  8771
ch  100:      0     0     0     0     0     0     0     0     0     0     0     0     0     0     0     0     0     0     0     0     0     0     0    57  1100 12558  8896 10347 13348 12325  9614 12581
ch  101:      0     0     0     0     0     0     0     0     0     0     0     0     0     0     0     0     0     0     0     0     0     0     2    85  1849 14974  6333  7977 11776  8878 11233  8703
ch  102:      0     0     0     0     0     0     0     0     0     0     0     0     0     0     0     0     0     0     0     0     0     0     1    31  1552 17075 12643  5096  9963  9188  4576 11738
ch  103:      0     0     0     0     0     0     0     0     0     0     0     0     0     0     0     0     0     0     0     0     0     0     0    44  1891 10879 10362  9949  7887 11853  7783 10579
ch  104:      0     0     0     0     0     0     0     0     0     0     0     0     0     0     0     0     0     0     0     0     0     0     0    57   793 10102  7849 14074  9935 12216  7693 13450
ch  105:      0     0     0     0     0     0     0     0     0     0     0     0     0     0     0     0     0     0     0     0     0     0     3    84  1582  9011  6091  8772  4955 10420  8046 13243
ch  106:      0     0     0     0     0     0     0     0     0     0     0     0     0     0     0     0     0     0     0     0     0     0     1    45  1083  9192  5959 13271 11319 10041 16101  8451
ch  107:      0     0     0     0     0     0     0     0     0     0     0     0     0     0     0     0     0     0     0     0     0     0     2    72  1726 11764 12698 12383  9166 12343  7550  9252
ch  108:      0     0     0     0     0     0     0     0     0     0     0     0     0     0     0     0     0     0     0     0     0     0     1    53   886 17196 16069 13724 15747 15412  9004 11553
ch  109:      0     0     0     0     0     0     0     0     0     0     0     0     0     0     0     0     0     0     0     0     0     0     7    82  1419 12151 14436  8071 13811 10894  9557 10994
ch  110:      0     0     0     0     0     0     0     0     0     0     0     0     0     0     0     0     0     0     0     0     0     0     2    24  1057 10911  7513 10771 14379  9695  8112 10480
ch  111:      0     0     0     0     0     0     0     0     0     0     0     0     0     0     0     0     0     0     0     0     0     0     4    74  1624 14962  6281  8856 14837  8784  8215 11117
ch  112:      0     0     0     0     0     0     0     0     0     0     0     0     0     0     0     0     0     0     0     0     0     0     1    27   532 14662  7881 14624  8422 12489 11266  8839
ch  113:      0     0     0     0     0     0     0     0     0     0     0     0     0     0     0     0     0     0     0     0     0     0     1   100  2383 14028 12871 10198 11814  6340 14068  9905
ch  114:      0     0     0     0     0     0     0     0     0     0     0     0     0     0     0     0     0     0     0     0     0     0     0    37   963  8290 10456 11935  6017  7630 10961  7872
ch  115:      0     0     0     0     0     0     0     0     0     0     0     0     0     0     0     0     0     0     0     0     0     0     2    82  1680 13914 12144 13917 12118  9366  7696  7928
ch  116:      0     0     0     0     0     0     0     0     0     0     0     0     0     0     0     0     0     0     0     0     0     0     3    46   979  3379 15423 11004  9744  7291 10204  8122
ch  117:      0     0     0     0     0     0     0     0     0     0     0     0     0     0     0     0     0     0     0     0     0     0     4    91  2396 15058  8342 12734  8768  9997 10173  6846
ch  118:      0     0     0     0     0     0     0     0     0     0     0     0     0     0     0     0     0     0     0     0     0     0     0    54   822 14208 11458  4752 10173  9188  8451 14723
ch  119:      0     0     0     0     0     0     0     0     0     0     0     0     0     0     0     0     0     0     0     0     0     0     3    69  1941  7999 12793  7582 11114 12787  9967  7326
ch  120:      0     0     0     0     0     0     0     0     0     0     0     0     0     0     0     0     0     0     0     0     0     0     0    30  1268 15368  7360  9311 10965 11093  5996 10782
ch  121:      0     0     0     0     0     0     0     0     0     0     0     0     0     0     0     0     0     0     0     0     0     1     4    99  3013 12847  9955  9469 11354 11137  9712 10587
ch  122:      0     0     0     0     0     0     0     0     0     0     0     0     0     0     0     0     0     0     0     0     0     0     2    49  1123  5307 11110 12659 13185 12561 12065  8992
ch  123:      0     0     0     0     0     0     0     0     0     0     0     0     0     0     0     0     0     0     0     0     0     0     4   155  2778 13599 12192 11464  8070 10109  9143  8200
ch  124:      0     0     0     0     0     0     0     0     0     0     0     0     0     0     0     0     0     0     0     0     0     0     2    87  1773 12677 15368 15589 11360 11951 11201  8418
ch  125:      0     0     0     0     0     0     0     0     0     0     0     0     0     0     0     0     0     0     0     0     0     1     8   272  4079  7026 12954 14445  9422  8910 10698 14228
ch  126:      0     0     0     0     0     0     0     0     0     0     0     0     0     0     0     0     0     0     0     0     0     0     2    72  1389 11959 10460 14651 11079  8052  8777  8993
ch  127:      0     0     0     0     0     0     0     0     0     0     0     0     0     0     0     0     0     0     0     0     0     0    13   318  5057  7782 10114 11444  6511  9123 14430  8971
