ch    0:      0     0     0     0     0     0     0     0     0     0     0     0     0     0     0     0     0     0     0     0     0    18   209  1163  7313  7684  9487 10552  9284 11456  4964    37
ch    1:      0     0     0     0     0     0     0     0     0     0     0     0     0     0     0     0     0     0     0     0     0    10   102   742  6286 11478 12493  8949 12757  7558 10638 13663
ch    2:      0     0     0     0     0     0     0     0     0     0     0     0     0     0     0     0     0     0     0     0     2    39   249  2260 10816 10826  7028 12492 11387  9388 11178   148
ch    3:      0     0     0     0     0     0     0     0     0     0     0     0     0     0     0     0     0     0     0     1     3    39   517  2167 13174  6155  8789  4820  8311  8459 10609  8420
ch    4:      0     0     0     0     0     0     0     0     0     0     0     0     0     0     0     0     0     0     0     1     9    82   570  2373 12338 10752 10655 11092 10105 10029  8416   346
ch    5:      0     0     0     0     0     0     0     0     0     0     0     0     0     0     0     0     0     0     0     0     8    66   728  3977 17365 12376 12722  4933 10523 12582  7833  2927
ch    6:      0     0     0     0     0     0     0     0     0     0     0     0     0     0     0     0     0     0     0     0     8    91   651  4365  8364 12155 14265  6557 11602 12454 11746   625
ch    7:      0     0     0     0     0     0     0     0     0     0     0     0     0     0     0     0     0     0     0     0    11   129   840  6047  9472  7386 13148  7027  6766 13515 11407 12056
ch    8:      0     0     0     0     0     0     0     0     0     0     0     0     0     0     0     0     0     0     0     1    16    94  1103  6549  7477  9331 14203 14320  8483  9946 11634  1122
ch    9:      0     0     0     0     0     0     0     0     0     0     0     0     0     0     0     0     0     0     0     1    12    91  1043  4047 10645 15658 11299  5975 13274 11621 12284  8451
ch   10:      0     0     0     0     0     0     0     0     0     0     0     0     0     0     0     0     0     0     0     0    21   126  1027  6648  8388 17051  9172 10276  7222  7381  6481  2392
ch   11:      0     0     0     0     0     0     0     0     0     0     0     0     0     0     0     0     0     0     0     1    22   244  1111  6885  9753  8556 11880  7876  8315 13231  5595  7334
ch   12:      0     0     0     0     0     0     0     0     0     0     0     0     0     0     0     0     0     0     0     1    18   109  1257  8753 11008  8730 11413  5662 13222  9936 10585  2899
ch   13:      0     0     0     0     0     0     0     0     0     0     0     0     0     0     0     0     0     0     0     2    14   129  1163  5952  8723 12084  9494 11255 10182  9306  7563 15487
ch   14:      0     0     0     0     0     0     0     0     0     0     0     0     0     0     0     0     0     0     0     1    11   175  1107  8504  8807  7943 13048  9639 10417 16971  6220  5964
ch   15:      0     0     0     0     0     0     0     0     0     0     0     0     0     0     0     0     0     0     0     3    22   143  1296 11564 10590 11446 11397 13862 12984 10938  6397 12206
ch   16:      0     0     0     0     0     0     0     0     0     0     0     0     0     0     0     0     0     0     0     1    10   149  1256 13253 13520 11528 13398  7933  8497 11737 12781  8872
ch   17:      0     0     0     0     0     0     0     0     0     0     0     0     0     0     0     0     0     0     0     0     0     1     8   188  2413  9707 10394 10749 11372  9896  9430  5618
ch   18:      0     0     0     0     0     0     0     0     0     0     0     0     0     0     0     0     0     0     0     0     1     1    14   251  3011  4599  9706 13543  8651 10258 11127  4431
ch   19:      0     0     0     0     0     0     0     0     0     0     0     0     0     0     0     0     0     0     0     0     0     0    11   221  3062 10453  8579 11754 13005  6744  9646  7488
ch   20:      0     0     0     0     0     0     0     0     0     0     0     0     0     0     0     0     0     0     0     0     0     3    19   443  2933 10716 12608 10919 11527  4804  6435 12906
ch   21:      0     0     0     0     0     0     0     0     0     0     0     0     0     0     0     0     0     0     0     0     0     0    13   341  2617 14430 12486  9810 12194 10653  8833 10763
ch   22:      0     0     0     0     0     0     0     0     0     0     0     0     0     0     0     0     0     0     0     0     0     1    19   289  3884  6600  7127  9859 12139  7183 11709  4066
ch   23:      0     0     0     0     0     0     0     0     0     0     0     0     0     0     0     0     0     0     0     0     0     0    13   444  4821 12133 11664 10257 14008 10290 12755  2884
ch   24:      0     0     0     0     0     0     0     0     0     0     0     0     0     0     0     0     0     0     0     0     0     0    21   288  4822 13924  7597 11011  4122 10538  6806 10372
ch   25:      0     0     0     0     0     0     0     0     0     0     0     0     0     0     0     0     0     0     0     0     0     0    14   245  2475  7143 13400 10019 11668  8316 10195  7637
ch   26:      0     0     0     0     0     0     0     0     0     0     0     0     0     0     0     0     0     0     0     0     0     0    27   357  6084 13035  8821  6705 10445  8011  7337 11954
ch   27:      0     0     0     0     0     0     0     0     0     0     0     0     0     0     0     0     0     0     0     0     0     1    15   433  4586  9834 10169 10770 10032 13825 13588 13080
ch   28:      0     0     0     0     0     0     0     0     0     0     0     0     0     0     0     0     0     0     0     0     0     0    17   324  4822 12887  5380 12165 10102  9326  8330  3744
ch   29:      0     0     0     0     0     0     0     0     0     0     0     0     0     0     0     0     0     0     0     0     0     0    12   409  5281  9969 13470  8799 11653 10821 12549  9255
ch   30:      0     0     0     0     0     0     0     0     0     0     0     0     0     0     0     0     0     0     0     0     0     0    21   331  4750 12207 13898 11127  7866  8986 13260  4430
ch   31:      0     0     0     0     0     0     0     0     0     0     0     0     0     0     0     0     0     0     0     0     0     4    37   357  5335  7015  7500  8433 10088  7066  9213 13030
ch   32:      0     0     0     0     0     0     0     0     0     0     0     0     0     0     0     0     0     0     0     0     0     1    19   196  4043 12155 12549  8727  8194  9888  9867  5972
ch   33:      0     0     0     0     0     0     0     0     0     0     0     0     0     0     0     0     0     0     0     0     0     1    20   201  5488  7101  6747 11725 11133 11004  7654 12700
ch   34:      0     0     0     0     0     0     0     0     0     0     0     0     0     0     0     0     0     0     0     0     0     0    32   538  4643  8979  5422  8454  8803 12820 12515  9022
ch   35:      0     0     0     0     0     0     0     0     0     0     0     0     0     0     0     0     0     0     0     0     0     0    36   689  7989 14981  7478 11064  7341  6908 11498  7755
ch   36:      0     0     0     0     0     0     0     0     0     0     0     0     0     0     0     0     0     0     0     0     0     2    26   828  8463 11779  6994 13280  9631 14731 11585  8084
ch   37:      0     0     0     0     0     0     0     0     0     0     0     0     0     0     0     0     0     0     0     0     0     3    36   637  6667  9787 13498  7553  8585  6340 13852  8361
ch   38:      0     0     0     0     0     0     0     0     0     0     0     0     0     0     0     0     0     0     0     0     0     1    28   449  5256  8285 11586  7944 12845  6675 10540 11171
ch   39:      0     0     0     0     0     0     0     0     0     0     0     0     0     0     0     0     0     0     0     0     0     0    42   834 11796  9792 10057 11110 11192  7488 11533  9623
ch   40:      0     0     0     0     0     0     0     0     0     0     0     0     0     0     0     0     0     0     0     0     0     5    61   753  7296 10824 11292 14801 12874  9199  8409 15626
ch   41:      0     0     0     0     0     0     0     0     0     0     0     0     0     0     0     0     0     0     0     0     0     2    41   661 10330 11000 11962  9819  8967  9710  6218 10689
ch   42:      0     0     0     0     0     0     0     0     0     0     0     0     0     0     0     0     0     0     0     0     0     1    34   725  5342  6304  9975  9727  9886 10570  9905  2875
ch   43:      0     0     0     0     0     0     0     0     0     0     0     0     0     0     0     0     0     0     0     0     0     4    49   797 11874  9730 13058 13087 14718  6413  4924  9996
ch   44:      0     0     0     0     0     0     0     0     0     0     0     0     0     0     0     0     0     0     0     0     0     3    52   544  8689 12992  8887  4490 11767  6294 10680 13873
ch   45:      0     0     0     0     0     0     0     0     0     0     0     0     0     0     0     0     0     0     0     0     0     4    58   595  6642 12116  9700 10926 14994 16105 11725 12969
ch   46:      0     0     0     0     0     0     0     0     0     0     0     0     0     0     0     0     0     0     0     0     0     2    35   694  8458 10777 11107 15123  5799  6718 10560 11607
ch   47:      0     0     0     0     0     0     0     0     0     0     0     0     0     0     0     0     0     0     0     0     0     0    24   895 11463  8486  8841  8765 12084  9292 12169  7947
ch   48:      0     0     0     0     0     0     0     0     0     0     0     0     0     0     0     0     0     0     0     0     0     4    38   980 10093  9786  8068  8487  6512  9892  9585 14474
ch   49:      0     0     0     0     0     0     0     0     0     0     0     0     0     0     0     0     0     0     0     0     0     1    38   680  6453  9961 11916  8804  9517  4678 10116  8640
ch   50:      0     0     0     0     0     0     0     0     0     0     0     0     0     0     0     0     0     0     0     0     0     2    46   839 10076 10450 11714 12147 16011 14845 10845  5256
ch   51:      0     0     0     0     0     0     0     0     0     0     0     0     0     0     0     0     0     0     0     0     0     2    50   681 10462 11341  8949 12755  9338 10104  9701 11428
ch   52:      0     0     0     0     0     0     0     0     0     0     0     0     0     0     0     0     0     0     0     0     0     0    36   812  8730 10491 13495 12364  7636  9671  6417  8680
ch   53:      0     0     0     0     0     0     0     0     0     0     0     0     0     0     0     0     0     0     0     0     0     2    50   841  9292  7733 11855  8400  6657  9432  9470  7919
ch   54:      0     0     0     0     0     0     0     0     0     0     0     0     0     0     0     0     0     0     0     0     0     0    36   865 12118 11084 11778 11019 12466 11013  8071 12106
ch   55:      0     0     0     0     0     0     0     0     0     0     0     0     0     0     0     0     0     0     0     1     0     3    80   904 14680  8346  8483  8702 11718  8772 10401 10834
ch   56:      0     0     0     0     0     0     0     0     0     0     0     0     0     0     0     0     0     0     0     0     0     1    46   710  9880 15835  6374  7098 11515 10877 11757  9956
ch   57:      0     0     0     0     0     0     0     0     0     0     0     0     0     0     0     0     0     0     0     0     0     0    40   787 12820 13498 14648  7328  8305  8978  9476 12655
ch   58:      0     0     0     0     0     0     0     0     0     0     0     0     0     0     0     0     0     0     0     0     0     4    37   628  8954 12490  7545  7973  5154 13443 10606 12050
ch   59:      0     0     0     0     0     0     0     0     0     0     0     0     0     0     0     0     0     0     0     0     1     3    80   926 12998  8571  8074  8474  9021 13223 11610 11156
ch   60:      0     0     0     0     0     0     0     0     0     0     0     0     0     0     0     0     0     0     0     0     0     2    52   631 10949 10312 12967  9062 11848 14404  9225 12989
ch   61:      0     0     0     0     0     0     0     0     0     0     0     0     0     0     0     0     0     0     0     0     0     3    32   691 12557 11284 13105 10326  6793 13662 13986  9606
ch   62:      0     0     0     0     0     0     0     0     0     0     0     0     0     0     0     0     0     0     0     0     0     0    31   696  9710  8000 13555  9679 11775 10430 10339 14226
ch   63:      0     0     0     0     0     0     0     0     0     0     0     0     0     0     0     0     0     0     0     0     0     2    73  1062 14261 12437 16873  8888 13407 13541 10181 12972
ch   64:      0     0     0     0     0     0     0     0     0     0     0     0     0     0     0     0     0     0     0     0     0     3    53   764  8773 12128  8815  9129  8418  8074 10616 11406
ch   65:      0     0     0     0     0     0     0     0     0     0     0     0     0     0     0     0     0     0     0     0     0     1    44   916 10712 10483 11359  8230 12364 10403 10416 10018
ch   66:      0     0     0     0     0     0     0     0     0     0     0     0     0     0     0     0     0     0     0     0     0     6    44   622 12924  9648  8326 10565 12414  9698 11319  9735
ch   67:      0     0     0     0     0     0     0     0     0     0     0     0     0     0     0     0     0     0     0     0     0     3    45   855 14549  9380 13391  9127  9558 10222  6124  7262
ch   68:      0     0     0     0     0     0     0     0     0     0     0     0     0     0     0     0     0     0     0     0     0     2    63   770 10957 10207  8146 14916 13311 10917 11479 11100
ch   69:      0     0     0     0     0     0     0     0     0     0     0     0     0     0     0     0     0     0     0     0     0     1    34  9539 10131  8062  9973 11656 10559 10041  5456  8516
ch   70:      0     0     0     0     0     0     0     0     0     0     0     0     0     0     0     0     0     0     0     0     0     3    49  1130 10862 11758  8890  8976  8965 10937 11536  7992
ch   71:      0     0     0     0     0     0     0     0     0     0     0     0     0     0     0     0     0     0     0     0     0     3    69  1165 13314  8533  8468 10398  6445 12089 11502  9349
ch   72:      0     0     0     0     0     0     0     0     0     0     0     0     0     0     0     0     0     0     0     0     0     1    54   943 11898 11740  6435  7963  9643  7733  9750 13066
ch   73:      0     0     0     0     0     0     0     0     0     0     0     0     0     0     0     0     0     0     0     0     0     1    55   839 11230  8196  8652  9079  9658 13230  6342  5519
ch   74:      0     0     0     0     0     0     0     0     0     0     0     0     0     0     0     0     0     0     0     0     0     1    37   878 12729 10442 10812 13984  7017 12262 12868  6502
ch   75:      0     0     0     0     0     0     0     0     0     0     0     0     0     0     0     0     0     0     0     0     0     2    76  1067 12251 10501  9600  8331 15271 12160 12278 10782
ch   76:      0     0     0     0     0     0     0     0     0     0     0     0     0     0     0     0     0     0     0     0     0     2    77   672 13076 10302  9571 10853 12595 11202 11309  8309
ch   77:      0     0     0     0     0     0     0     0     0     0     0     0     0     0     0     0     0     0     0     0     0     3    37   807 10555  9909  9410 11409  6304  7658  9912  4237
ch   78:      0     0     0     0     0     0     0     0     0     0     0     0     0     0     0     0     0     0     0     0     0     2    51  1231 10182  7850 11760 10906  7838  8645 11318 11410
ch   79:      0     0     0     0     0     0     0     0     0     0     0     0     0     0     0     0     0     0     0     0     0     5    93  1300 16336 12252  9980  7800  7802  7596 10776 13723
ch   80:      0     0     0     0     0     0     0     0     0     0     0     0     0     0     0     0     0     0     0     0     0     2    75  1224 14125 11960 12083  8550 13848 11074 13863  5308
ch   81:      0     0     0     0     0     0     0     0     0     0     0     0     0     0     0     0     0     0     0     0     0     0    68  1170 12779  4814 12154 12046 16778  7531  7846 10101
ch   82:      0     0     0     0     0     0     0     0     0     0     0     0     0     0     0     0     0     0     0     0     0     5    38   876 11755  5101  9084 10536  7502 12497  9316 10006
ch   83:      0     0     0     0     0     0     0     0     0     0     0     0     0     0     0     0     0     0     0     0     0     3    72  1115 12644 12028 11761 15428  9386 12098  8990  8749
ch   84:      0     0     0     0     0     0     0     0     0     0     0     0     0     0     0     0     0     0     0     0     0     2   115  2119 15506 12199  8331  8997 10877 13213 10694 11379
ch   85:      0     0     0     0     0     0     0     0     0     0     0     0     0     0     0     0     0     0     0     0     0     0   104  1733 11445  7832  9879 11484 10369 13343 14421  7526
ch   86:      0     0     0     0     0     0     0     0     0     0     0     0     0     0     0     0     0     0     0     0     0     6    38   830 15654  8351 11227 10275 10411  9484 10610 12200
ch   87:      0     0     0     0     0     0     0     0     0     0     0     0     0     0     0     0     0     0     0     0     0     7    84  2001 15875 13278 17499  9348 11493 11848 14649  8156
ch   88:      0     0     0     0     0     0     0     0     0     0     0     0     0     0     0     0     0     0     0     0     0     7    60   909 14851 12848  7824 14765 13246 11488  7173  9163
ch   89:      0     0     0     0     0     0     0     0     0     0     0     0     0     0     0     0     0     0     0     0     0     5   102  1277 16585 13015  8090 12177 16502 10121  7207 10233
ch   90:      0     0     0     0     0     0     0     0     0     0     0     0     0     0     0     0     0     0     0     0     0     2    59  1017 11768 10855 11143 11232  9312 11505 13051 12162
ch   91:      0     0     0     0     0     0     0     0     0     0     0     0     0     0     0     0     0     0     0     0     0     3   134  1255 13173 12277 15019  7151  4600 13232  9041  9381
ch   92:      0     0     0     0     0     0     0     0     0     0     0     0     0     0     0     0     0     0     0     0     1     4    65  9763 13212  4548 13358 15015  8811  5327 11440  9271
ch   93:      0     0     0     0     0     0     0     0     0     0     0     0     0     0     0     0     0     0     0     0     0     3    88  1457 16089 15024 10249  7428  6344  8177 11646  7868
ch   94:      0     0     0     0     0     0     0     0     0     0     0     0     0     0     0     0     0     0     0     0     0     5    86  1478 14868 12432 11878  7000  9430 13225 11594 10172
ch   95:      0     0     0     0     0     0     0     0     0     0     0     0     0     0     0     0     0     0     0     0     0     2    73  1688 16147 12893  9197 12475  5639 13291  9339 10108
ch   96:      0     0     0     0     0     0     0     0     0     0     0     0     0     0     0     0     0     0     0     0     0     6    61   988 13787 14122 10705 10397  8712  8462 12068 11831
ch   97:      0     0     0     0     0     0     0     0     0     0     0     0     0     0     0     0     0     0     0     0     0     2   103  1484 13403 15749 14734 10877  8422  8284 10656 10897
ch   98:      0     0     0     0     0     0     0     0     0     0     0     0     0     0     0     0     0     0     0     0     0     6    63   793 12004 15206 10374 12180  9863 13162  8842  7438
ch   99:      0     0     0     0     0     0     0     0     0     0     0     0     0     0     0     0     0     0     0     0     0     4   107  1300 16380 13272  9690 12398  7361  7054  6921  9825
ch  100:      0     0     0     0     0     0     0     0     0     0     0     0     0     0     0     0     0     0     0     0     1     9    80  1510  9657  7974 14913  7905 10857 10978 12825  9706
ch  101:      0     0     0     0     0     0     0     0     0     0     0     0     0     0     0     0     0     0     0     0     0    12   148   928 16158  6516 10913  5808 11247 11336  9974  6351
ch  102:      0     0     0     0     0     0     0     0     0     0     0     0     0     0     0     0     0     0     0     0     1     5    65  1817 11164  7054 17566  8014 11977 10308 10813 14471
ch  103:      0     0     0     0     0     0     0     0     0     0     0     0     0     0     0     0     0     0     0     0     1     9   116  1964 12601  8607  8739 10685 13720  4434 12282  8641
ch  104:      0     0     0     0     0     0     0     0     0     0     0     0     0     0     0     0     0     0     0     0     0     2    63  1746 15999 11978  9499  9260  6593  9680 13111 10187
ch  105:      0     0     0     0     0     0     0     0     0     0     0     0     0     0     0     0     0     0     0     0     0     7    94  1228 13145  9753  9988  9427  8486 10689 14106 12636
ch  106:      0     0     0     0     0     0     0     0     0     0     0     0     0     0     0     0     0     0     0     0     0     2    85  1309 15500 11462 13424 11460  8545 14895 10011  8378
ch  107:      0     0     0     0     0     0     0     0     0     0     0     0     0     0     0     0     0     0     0     0     1     4   147  2161 11649 12342 11029 10522  8549  9133  6829 15299
ch  108:      0     0     0     0     0     0     0     0     0     0     0     0     0     0     0     0     0     0     0     0     0     0    57  1363 12492 13175 14090 10311  9379 13420  9952  9098
ch  109:      0     0     0     0     0     0     0     0     0     0     0     0     0     0     0     0     0     0     0     0     0     4   104  1762 13893 13135  9069 14232 13105 14089  7906  8344
ch  110:      0     0     0     0     0     0     0     0     0     0     0     0     0     0     0     0     0     0     0     0     0     7    62  1245 11565 12849 14797  7670  5598 10156 11655 10716
ch  111:      0     0     0     0     0     0     0     0     0     0     0     0     0     0     0     0     0     0     0     0     0     3   102  1205  6125  9358 12149 15001 15728 11707  6257 10575
ch  112:      0     0     0     0     0     0     0     0     0     0     0     0     0     0     0     0     0     0     0     0     1     3    74  1807 16293 13258 15259  9619 13395  7852 12044  7769
ch  113:      0     0     0     0     0     0     0     0     0     0     0     0     0     0     0     0     0     0     0     0     0     3    95  1696 11834  7579 18857 11411 12860 10346 15861 15070
ch  114:      0     0     0     0     0     0     0     0     0     0     0     0     0     0     0     0     0     0     0     0     1     7   111  1382  4133  8897 14438 10282  7275 11195 10172  8527
ch  115:      0     0     0     0     0     0     0     0     0     0     0     0     0     0     0     0     0     0     0     0     1     4    69  1790 16230 10506 11596  5459 14428  5355  4591 12235
ch  116:      0     0     0     0     0     0     0     0     0     0     0     0     0     0     0     0     0     0     0     0     0     4   114  1876  4556  7375 14243 11155  8493  9713 14643  4616
ch  117:      0     0     0     0     0     0     0     0     0     0     0     0     0     0     0     0     0     0     0     0     0     7   109  1933  6940 12893 13640 13393  9158  9852  7924  7541
ch  118:      0     0     0     0     0     0     0     0     0     0     0     0     0     0     0     0     0     0     0     0     0     5    89   959 10825 10657  9176 11509  6343 14753 13948 12663
ch  119:      0     0     0     0     0     0     0     0     0     0     0     0     0     0     0     0     0     0     0     2     1     9   137  2331  9249  3331  3217 10778 10476  9436  2892  5871
ch  120:      0     0     0     0     0     0     0     0     0     0     0     0     0     0     0     0     0     0     0     0     0     8   150  1998  8595 14734  9567 12236 16269  7807 14500  9626
ch  121:      0     0     0     0     0     0     0     0     0     0     0     0     0     0     0     0     0     0     0     0     0     8   150  2166  6753 12461 11537  9344  8045  8846 15289  7816
ch  122:      0     0     0     0     0     0     0     0     0     0     0     0     0     0     0     0     0     0     0     0     0     7    92  1838 15088  7916 14422  7796 10665 15056  8856 10792
ch  123:      0     0     0     0     0     0     0     0     0     0     0     0     0     0     0     0     0     0     0     0     0     8   117  1835  9520 12183  7129 11693  6381 10745  8925  9029
ch  124:      0     0     0     0     0     0     0     0     0     0     0     0     0     0     0     0     0     0     0     0     1     9   140  2150  9146 10377  6596 12002 15583  6780 10589 11274
ch  125:      0     0     0     0     0     0     0     0     0     0     0     0     0     0     0     0     0     0     0     0     1    13   271  6827 12105 11735  9145 13459 11303  6693 13124 12580
ch  126:      0     0     0     0     0     0     0     0     0     0     0     0     0     0     0     0     0     0     0     0     0     7   118  2124  7617 13298 10917  5425  8958  9179  3036 10627
ch  127:      0     0     0     0     0     0     0     0     0     0     0     0     0     0     0     0     0     0     0     0     0    17   226  3373  8310 10232 16456  6542 11598 10267 15047  9000
