ch    0:      0     0     0     0     0     0     0     0     0     0     0     0     0     0     0     0     0     0     0     0     0     2    32   252  1256  5244  4385  6844 11946 10323  7752   848
ch    1:      0     0     0     0     0     0     0     0     0     0     0     0     0     0     0     0     0     0     0     0     1    15   112   531  3969 13650  7452  9777  8446 15747  9038 11650
ch    2:      0     0     0     0     0     0     0     0     0     0     0     0     0     0     0     0     0     0     0     1     2    13    93   558  2879 13340 10937  6896  4689 11662 13003  5287
ch    3:      0     0     0     0     0     0     0     0     0     0     0     0     0     0     0     0     0     0     0     0     0    18   149  1335  5683 14258 14181  9923  6687 12061  6402 11146
ch    4:      0     0     0     0     0     0     0     0     0     0     0     0     0     0     0     0     0     0     0     0     0    15   166   980  3405  9792  7779  5523 10300 14428 15824 11255
ch    5:      0     0     0     0     0     0     0     0     0     0     0     0     0     0     0     0     0     0     0     0     3    24   217  1409  6324  8384  5059  9879  5924 13514  9635 12780
ch    6:      0     0     0     0     0     0     0     0     0     0     0     0     0     0     0     0     0     0     0     0     1    10    87   974  4341  8644 10762 12321  8446 11497  8746 15296
ch    7:      0     0     0     0     0     0     0     0     0     0     0     0     0     0     0     0     0     0     0     0     2    16   189  1574  7451 10515  8511  8011  3937 13154 16290 11161
ch    8:      0     0     0     0     0     0     0     0     0     0     0     0     0     0     0     0     0     0     0     0     1    17   119   870  6878 13710  8336 11460  8449  9527 10512 18015
ch    9:      0     0     0     0     0     0     0     0     0     0     0     0     0     0     0     0     0     0     0     1     5    44   319  1607  9372  9944 10036  5447  9583  9522 13959 11063
ch   10:      0     0     0     0     0     0     0     0     0     0     0     0     0     0     0     0     0     0     0     0     2    27   172  1499  8933 10298 10531  7240  7126 11146 10415 15371
ch   11:      0     0     0     0     0     0     0     0     0     0     0     0     0     0     0     0     0     0     0     0     3    34   373  2516  9583  7032 11165  8075 12126 12307 13015  6945
ch   12:      0     0     0     0     0     0     0     0     0     0     0     0     0     0     0     0     0     0     0     1     1    44   281  1487  9290  8150  7494  9405 12439  8284 13156  7125
ch   13:      0     0     0     0     0     0     0     0     0     0     0     0     0     0     0     0     0     0     0     0     5    61   540  2915 17690  7395 12136  8568 14192  8768  8822  9310
ch   14:      0     0     0     0     0     0     0     0     0     0     0     0     0     0     0     0     0     0     0     0     2    17   280  1898 11918 10555 11273 13536 12166 13887  6970  5034
ch   15:      0     0     0     0     0     0     0     0     0     0     0     0     0     0     0     0     0     0     0     2     9    61   436  3480 17502 11951 10474  8052 15253  7580  6520 12112
ch   16:      0     0     0     0     0     0     0     0     0     0     0     0     0     0     0     0     0     0     0     1     5    31   338  2240 12451  9491 10984 11341 11300 10109 11529  8977
ch   17:      0     0     0     0     0     0     0     0     0     0     0     0     0     0     0     0     0     0     0     0    12    97   574  4478 17814 13683 11139  9205 11924 12584 11190 12013
ch   18:      0     0     0     0     0     0     0     0     0     0     0     0     0     0     0     0     0     0     0     0     0    35   181  2475 14631  7681  6970 10685  6751 12234 11296 13141
ch   19:      0     0     0     0     0     0     0     0     0     0     0     0     0     0     0     0     0     0     0     1     8    81   485  5238  5196 10465 10795 11898 14093  8622  8482  9645
ch   20:      0     0     0     0     0     0     0     0     0     0     0     0     0     0     0     0     0     0     0     0     2    39   442  2611 15223  8863  9897 13551 13753 12547  7686 16353
ch   21:      0     0     0     0     0     0     0     0     0     0     0     0     0     0     0     0     0     0     0     0     4    66   759  5936  5979 12448 12543  9761  7275  9629  7034  6500
ch   22:      0     0     0     0     0     0     0     0     0     0     0     0     0     0     0     0     0     0     0     0     3    35   391  3197 17889 13483 14961  9356  7254 11625  6943  1475
ch   23:      0     0     0     0     0     0     0     0     0     0     0     0     0     0     0     0     0     0     0     0     6    96   632  4998  9254  6050 15177  8027 13391 12844  7771  6163
ch   24:      0     0     0     0     0     0     0     0     0     0     0     0     0     0     0     0     0     0     0     0     5    59   652  2668 17689  7702 12103  9126  8796 12871 14611  4460
ch   25:      0     0     0     0     0     0     0     0     0     0     0     0     0     0     0     0     0     0     0     0     9    74   732  6265 11814 13119 10549  6257 14469 12996  9410 12836
ch   26:      0     0     0     0     0     0     0     0     0     0     0     0     0     0     0     0     0     0     0     1     6    45   374  3898 18375 15308 10684 10543  8348  7861  9247  5712
ch   27:      0     0     0     0     0     0     0     0     0     0     0     0     0     0     0     0     0     0     0     1    10    94   969  6237 12319 10995 14999  6254 14248 12233  5337  6194
ch   28:      0     0     0     0     0     0     0     0     0     0     0     0     0     0     0     0     0     0     0     1     3    67   428  5071  5626 10014 10606  8676  8117 13532 10150  7208
ch   29:      0     0     0     0     0     0     0     0     0     0     0     0     0     0     0     0     0     0     0     2    20   140  1076  5030 11060  8545 10307 14597 13217 12547 10991  5563
ch   30:      0     0     0     0     0     0     0     0     0     0     0     0     0     0     0     0     0     0     0     1     5    66   468  3802 12870 14425  8476  8247  9080  9825  3200  3504
ch   31:      0     0     0     0     0     0     0     0     0     0     0     0     0     0     0     0     0     0     0     0    18   132  1308  8713  9301 10401  9626 10840  9466 17739 13997  8721
ch   32:      0     0     0     0     0     0     0     0     0     0     0     0     0     0     0     0     0     0     0     0     4   116   721  5643  9232  7740 12618 10435  4894 12717  9108 11004
ch   33:      0     0     0     0     0     0     0     0     0     0     0     0     0     0     0     0     0     0     0     0    25   107   865 10726 11462 13481  9992 10397  9983 10783 11327 11609
ch   34:      0     0     0     0     0     0     0     0     0     0     0     0     0     0     0     0     0     0     0     0     7    82   632  5295  7132  9454  9052  8563  5712  5732  6646 17285
ch   35:      0     0     0     0     0     0     0     0     0     0     0     0     0     0     0     0     0     0     1     1    18   218  1325 11486 12541 11548 10404  5857  8025 11771  6383  8150
ch   36:      0     0     0     0     0     0     0     0     0     0     0     0     0     0     0     0     0     0     0     1    21   148  1095  6858 13115  9799 10516 11445  7725  9575  9921 14371
ch   37:      0     0     0     0     0     0     0     0     0     0     0     0     0     0     0     0     0     0     0     2    23   259  1988 11396 10909 13176 13384  8262 10212  6601  9947  8303
ch   38:      0     0     0     0     0     0     0     0     0     0     0     0     0     0     0     0     0     0     0     4    18   127   797  7074 15243  8608  8202 12143  3651  9278 13441 15048
ch   39:      0     0     0     0     0     0     0     0     0     0     0     0     0     0     0     0     0     0     0     2    30   209  1448 11583 14147 13001 12838  6717  8956 11045  6952 11314
ch   40:      0     0     0     0     0     0     0     0     0     0     0     0     0     0     0     0     0     0     0     0    15   215  1222  8581 16142 11811  7546 13884 11813 10207  8860  3356
ch   41:      0     0     0     0     0     0     0     0     0     0     0     0     0     0     0     0     0     0     0     2    32   307  1992 13898 12043 12320  8060 12446  7516  7789 11135  8544
ch   42:      0     0     0     0     0     0     0     0     0     0     0     0     0     0     0     0     0     0     0     0    21   150  1217  7048 12783  7445  7999 10440 13763  6245 11131 13537
ch   43:      0     0     0     0     0     0     0     0     0     0     0     0     0     0     0     0     0     0     0     5    45   362  2414 17418  7480  9621  6848  6923 10423 12155 11171  7689
ch   44:      0     0     0     0     0     0     0     0     0     0     0     0     0     0     0     0     0     0     0     0    12   222  1419 10778 14806  9745  9628 15822  6870 12528  8337  4218
ch   45:      0     0     0     0     0     0     0     0     0     0     0     0     0     0     0     0     0     0     0     2    40   283  2249 15257  9229 11086 10768 11988 12210 10237 13692 15961
ch   46:      0     0     0     0     0     0     0     0     0     0     0     0     0     0     0     0     0     0     0     0    10   152  1386  7679 14783  9192  9852 10918  9085  7916  7464 13985
ch   47:      0     0     0     0     0     0     0     0     0     0     0     0     0     0     0     0     0     0     0     5    45   279  2477 18522 12214  9784  9400 12964 10321 11115 12262  9924
ch   48:      0     0     0     0     0     0     0     0     0     0     0     0     0     0     0     0     0     0     0     3    30   294  1736 12178  8401 13480  9313 10798  7470  7523 13293  7631
ch   49:      0     0     0     0     0     0     0     0     0     0     0     0     0     0     0     0     0     0     0     5    33   331  2808 14898 11528  4692 10048  8129  9321 10044 13004 11535
ch   50:      0     0     0     0     0     0     0     0     0     0     0     0     0     0     0     0     0     0     0     1    15   201  1025 10115  6114 11509  9402 13555 11318 10292 11567  8408
ch   51:      0     0     0     0     0     0     0     0     0     0     0     0     0     0     0     0     0     0     1     1    44   303  2929 18328 14051  5740 10712  7905  8779  7914 11329 14573
ch   52:      0     0     0     0     0     0     0     0     0     0     0     0     0     0     0     0     0     0     1     2    31   386  1608 12560  9733  3173  7754 15218  7730 11775 14140  5091
ch   53:      0     0     0     0     0     0     0     0     0     0     0     0     0     0     0     0     0     0     1     3    50   433  2997 16457 12054  8063 11381 10552 15366 11427 11670  6792
ch   54:      0     0     0     0     0     0     0     0     0     0     0     0     0     0     0     0     0     0     0     4    14   215  1550 10894  5396 13979 10588 10888 10358  7801  7315 12039
ch   55:      0     0     0     0     0     0     0     0     0     0     0     0     0     0     0     0     0     0     0     3    59   380  2346 15619  9919  8942 14187 11701  9474  7044 13624  8770
ch   56:      0     0     0     0     0     0     0     0     0     0     0     0     0     0     0     0     0     0     0     1    26   340  2521 13359 14385  8350 12974 10585  5028 13356 10150  5750
ch   57:      0     0     0     0     0     0     0     0     0     0     0     0     0     0     0     0     0     0     1     4    46   321  2751 14248 11160 10588  6110  9104 12329 14399  9103  9931
ch   58:      0     0     0     0     0     0     0     0     0     0     0     0     0     0     0     0     0     0     0     3    33   237  2051 11504  6508  9192 11672  7395 11018 13571  9128  6915
ch   59:      0     0     0     0     0     0     0     0     0     0     0     0     0     0     0     0     0     0     0     3    64   455  3780 18346  9369  9864 10859  7849 11554  5990  9589 12657
ch   60:      0     0     0     0     0     0     0     0     0     0     0     0     0     0     0     0     0     0     0     4    39   374  2427 12953  5961 11170  9723 10425  8248  8932  7806 11857
ch   61:      0     0     0     0     0     0     0     0     0     0     0     0     0     0     0     0     0     0     0     5    57   430  2377  4842 12343  9796  9264 12434  9756  7983 11673  9442
ch   62:      0     0     0     0     0     0     0     0     0     0     0     0     0     0     0     0     0     0     0     0    22   203  1836 10876  3942 13730  5181  9504  7990  9308  8038 16174
ch   63:      0     0     0     0     0     0     0     0     0     0     0     0     0     0     0     0     0     0     0     2    32   420  2842 14887  9057 12906 12165  7912 13801  5250  9108  5006
ch   64:      0     0     0     0     0     0     0     0     0     0     0     0     0     0     0     0     0     0     0     3    35   363  3139 14162  6052 11551 11944 12304  8350 11786  7962 13172
ch   65:      0     0     0     0     0     0     0     0     0     0     0     0     0     0     0     0     0     0     0    10    59   560  3129  1627 14421  8223  7260  9047  9148  8931 11867  5625
ch   66:      0     0     0     0     0     0     0     0     0     0     0     0     0     0     0     0     0     0     0     7    30   265  2844 12709  5999  8791 16350 11806 10509  9664  8132  4605
ch   67:      0     0     0     0     0     0     0     0     0     0     0     0     0     0     0     0     0     0     0    10    57   564  3959  6612  9871  9783 11771  8262  9113  8869 10236  5624
ch   68:      0     0     0     0     0     0     0     0     0     0     0     0     0     0     0     0     0     0     0     3    30   483  3481 15700  9067  7697 10919  8581 11868  7662  7964  5836
ch   69:      0     0     0     0     0     0     0     0     0     0     0     0     0     0     0     0     0     0     0     4    58   394  2710 12102 10875 14955 18490  5812 11101  9142 12963 12343
ch   70:      0     0     0     0     0     0     0     0     0     0     0     0     0     0     0     0     0     0     0     3    48   307  2311 14219  4858 11987 10192  9973  9424 10065  8902 12227
ch   71:      0     0     0     0     0     0     0     0     0     0     0     0     0     0     0     0     0     0     0     4    45   462  4921  8626 14428  3083 12764  8959  8860 13271 10818 15490
ch   72:      0     0     0     0     0     0     0     0     0     0     0     0     0     0     0     0     0     0     1     1    26   330  2969 14805 14937  9668 14384  9477 12085  8637  6430 11417
ch   73:      0     0     0     0     0     0     0     0     0     0     0     0     0     0     0     0     0     0     0     8    93   620  3748 10210 11053  4793  9407 11571 11875  8894 10778 11294
ch   74:      0     0     0     0     0     0     0     0     0     0     0     0     0     0     0     0     0     0     0     2    38   362  2731 11477 13575  8731 10587 13875 10096  9176 12417 11727
ch   75:      0     0     0     0     0     0     0     0     0     0     0     0     0     0     0     0     0     0     0    15    97   878  4249 10810  7860 12349  9931 10260  7176 14406 13174  7138
ch   76:      0     0     0     0     0     0     0     0     0     0     0     0     0     0     0     0     0     0     0     1    61   387  3377 18265 11901 14028 14810 13444 14159 10187  8771  7553
ch   77:      0     0     0     0     0     0     0     0     0     0     0     0     0     0     0     0     0     0     2    11    72   540  4374  7504 12339  4922 15405 11351  5428  9933  9768  3223
ch   78:      0     0     0     0     0     0     0     0     0     0     0     0     0     0     0     0     0     0     1     6    47   402  2736 18451 13603  7407 16079 12315 15111  9993  6898 13142
ch   79:      0     0     0     0     0     0     0     0     0     0     0     0     0     0     0     0     0     0     0     8    80   575  5728 12576  9186  3287  9655 10941 10515 13950 11382  3304
ch   80:      0     0     0     0     0     0     0     0     0     0     0     0     0     0     0     0     0     0     0    10    64   396  3075 17326  8933 10428 12882 12779  9686  8157 11074 16431
ch   81:      0     0     0     0     0     0     0     0     0     0     0     0     0     0     0     0     0     0     0     9    74   540  4850  8140 10797 14890 10981 16269  8829 15095 10127  5752
ch   82:      0     0     0     0     0     0     0     0     0     0     0     0     0     0     0     0     0     0     0     3    38   381  2889 16540 13409  7159 11737 13228  9749  9040 10036  9350
ch   83:      0     0     0     0     0     0     0     0     0     0     0     0     0     0     0     0     0     0     0     7    79   490  4902 11582  8252  5116  6618  9865 12396 11797  6904 11533
ch   84:      0     0     0     0     0     0     0     0     0     0     0     0     0     0     0     0     0     0     0     1    30   412  3116 16604  8462 15237 10032  9375  9785  9459  8480 10188
ch   85:      0     0     0     0     0     0     0     0     0     0     0     0     0     0     0     0     0     0     1     3    93   867  4595  8407 11099 10768  9232 15022  8710  6089  6252  9238
ch   86:      0     0     0     0     0     0     0     0     0     0     0     0     0     0     0     0     0     0     0     2    30   351  2132 19287  7034 11435  9779 11195  9170  5942 12522 13415
ch   87:      0     0     0     0     0     0     0     0     0     0     0     0     0     0     0     0     0     0     0     2   102   734  4566 14827 11425  8960 10228 12255  6719  6773 10979  9902
ch   88:      0     0     0     0     0     0     0     0     0     0     0     0     0     0     0     0     0     0     1     5    39   318  3881 15256 10767 13329 12611  5554  9777  7963 10424  6097
ch   89:      0     0     0     0     0     0     0     0     0     0     0     0     0     0     0     0     0     0     2     7    78   661  5324  5354  9222  8226  7189 11967 13084 11855 13488 13617
ch   90:      0     0     0     0     0     0     0     0     0     0     0     0     0     0     0     0     0     0     0     5    53   345  3539 15758 12511  8007 10782  9618 14273  8362  8609  9822
ch   91:      0     0     0     0     0     0     0     0     0     0     0     0     0     0     0     0     0     0     0    11    73   749  6051 17118 10042  6185  9582  9484  6741 12637 12627 10706
ch   92:      0     0     0     0     0     0     0     0     0     0     0     0     0     0     0     0     0     0     0     3    47   346  3716  4821 12937  8339 11499 12662 13177 13863  7802  8019
ch   93:      0     0     0     0     0     0     0     0     0     0     0     0     0     0     0     0     0     0     0     5    74   590  4226 13546 11718 14048 10377 13580 11081 12857  6504 13315
ch   94:      0     0     0     0     0     0     0     0     0     0     0     0     0     0     0     0     0     0     1     6    46   368  4083 11820  5404  9592  8598  8795  6263 12446  9167 10625
ch   95:      0     0     0     0     0     0     0     0     0     0     0     0     0     0     0     0     0     0     0     7   109   934  6087 13245 10151 12114 10279 11906  7642 10124  7876  9733
ch   96:      0     0     0     0     0     0     0     0     0     0     0     0     0     0     0     0     0     0     0     0    42   344  3251 14967 10528 12166  9551 10314  5530 14747 12323 14246
ch   97:      0     0     0     0     0     0     0     0     0     0     0     0     0     0     0     0     0     0     0    14   110   740  5298  6097 10668 12400 12040  7993  9100 10321 14187 12082
ch   98:      0     0     0     0     0     0     0     0     0     0     0     0     0     0     0     0     0     1     1     2    19   411  2508  1243 12838  9208  7747  9094 13240  4979 13292 12902
ch   99:      0     0     0     0     0     0     0     0     0     0     0     0     0     0     0     0     0     2     2     5    78   920  6056 14024  6690  9799 11048  9210  8667  8827  8173  3435
ch  100:      0     0     0     0     0     0     0     0     0     0     0     0     0     0     0     0     0     0     2     6    44   559  4121 12469 11991  9562 13264 11233 14012 14787  9730  8597
ch  101:      0     0     0     0     0     0     0     0     0     0     0     0     0     0     0     0     0     0     0     8    79   669  5684  7429 14131  6449 11709 10141 11319  7420  6515 11929
ch  102:      0     0     0     0     0     0     0     0     0     0     0     0     0     0     0     0     0     0     0     7    30   505  4141 18245 11481 11328 11892 12818  5016 11373 13237 14103
ch  103:      0     0     0     0     0     0     0     0     0     0     0     0     0     0     0     0     0     0     0     7   105   876  4972  5080  9153 10926 12462  7204 12592 12381 10456  9185
ch  104:      0     0     0     0     0     0     0     0     0     0     0     0     0     0     0     0     0     0     0     4    43   454  3744  4180 13007 10829  8673 10135 10609  7449 13814  7671
ch  105:      0     0     0     0     0     0     0     0     0     0     0     0     0     0     0     0     0     0     1     4    67   580  4597 16505 15998  9942  9484 12051 14123 15136 10929 11836
ch  106:      0     0     0     0     0     0     0     0     0     0     0     0     0     0     0     0     0     0     0     3    35   580  3001  4581  8120 10435  6432  7429  7289 12537  8938  5692
ch  107:      0     0     0     0     0     0     0     0     0     0     0     0     0     0     0     0     0     0     0     6    63   577  5661  9263 10806 12527  8731 13557  5508 12033  8397 14559
ch  108:      0     0     0     0     0     0     0     0     0     0     0     0     0     0     0     0     0     0     0     1    37   616  3374  5506 11349 10512  3848  7107  7470  6040  9739  8471
ch  109:      0     0     0     0     0     0     0     0     0     0     0     0     0     0     0     0     0     0     0     0     0     0     0     0     0     0     0     0     0     0    84     0
ch  110:      0     0     0     0     0     0     0     0     0     0     0     1     9    35   167   618  2536  7176  4580  4567  8749 14362  6113 11013 12873 12559 13899  9683  7956  8453  9559  7892
ch  111:      0     0     0     0     0     0     0     0     0     0     0     0     0     0     0     0     0     0     1     9    67   735  4544  7346  8199 11197  7988 10900 10045 11977  3735 13463
ch  112:      0     0     0     0     0     0     0     0     0     0     0     0     0     0     0     0     0     0     0     4    50   392  3602 18600 10824 14047 13391  9881 10784 14211  7859  8153
ch  113:      0     0     0     0     0     0     0     0     0     0     0     0     0     0     0     0     0     0     1     7    80   690  4546  6507 10068  6112  9412 10458  9541 12532  9947  7451
ch  114:      0     0     0     0     0     0     0     0     0     0     0     0     0     0     0     0     0     0     0     2    27   483  3651  8027 10140 11697 11453 12425 12337  6442  7332  8107
ch  115:      0     0     0     0     0     0     0     0     0     0     0     0     0     0     0     0     0     0     0     8    54   671  5865  9737 10519  4129  7442 17186 13710 12174 10778 10924
ch  116:      0     0     0     0     0     0     0     0     0     0     0     0     0     0     0     0     0     0     0     2    41   521  4615  4179  5888  8892  6050 12960  9766 11701  7393  9512
ch  117:      0     0     0     0     0     0     0     0     0     0     0     0     0     0     0     0     0     0     0    13    79   761  4601 12124 10595 14375  9997 10527 11847  5741 12359 12219
ch  118:      0     0     0     0     0     0     0     0     0     0     0     0     0     0     0     0     0     0     0     0    23   380  2375  3642 14621  8719  9070  8821  6772 12401  7629  8805
ch  119:      0     0     0     0     0     0     0     0     0     0     0     0     0     0     0     0     0     0     1    10    65   783  5099 10158  9903 10228 13391  7945 13506 11433 12154  5469
ch  120:      0     0     0     0     0     0     0     0     0     0     0     0     0     0     0     0     0     0     0     5    54   461  3671  8348  7759 15716 11428  8802 12031 11247  9078  7850
ch  121:      0     0     0     0     0     0     0     0     0     0     0     0     0     0     0     0     0     0     0     7   105   716  5971 16064 12362  8965  8340 13831 12573 12605 11452 13675
ch  122:      0     0     0     0     0     0     0     0     0     0     0     0     0     0     0     0     0     0     0     3    38   364  3119 18217  5118 11812 13883 14149 12871 14154  6096  9307
ch  123:      0     0     0     0     0     0     0     0     0     0     0     0     0     0     0     0     0     0     0     8   108  1042  8713  5508  7519  9391  9289 10495  6799  8388  7258  6995
ch  124:      0     0     0     0     0     0     0     0     0     0     0     0     0     0     0     0     0     0     1     7    40   646  3686  5066  7696 12917  6250 10618 11603  8700  9519  6464
ch  125:      0     0     0     0     0     0     0     0     0     0     0     0     0     0     0     0     0     0     0    12   120  1027  7864 15448  7675  6394 14592  6286  8965 11129  8790  8792
ch  126:      0     0     0     0     0     0     0     0     0     0     0     0     0     0     0     0     0     0     1     7    71   898  5180  8805  6546  8897  6436 12821  8588  8650 14579 12750
ch  127:      0     0     0     0     0     0     0     0     0     0     0     0     0     0     0     0     0     1     3    56   599  4095  6181 14703  8300 10877 13453 12073  7595 10328 12054 13404
