ch    0:      0     0     0     0     0     0     0     0     0     0     0     0     0     0     0     0     0     0     0     0     0     1     8    79   595  6133 15188  6142  7027  5404 12151 12717
ch    1:      0     0     0     0     0     0     0     0     0     0     0     0     0     0     0     0     0     0     0     0     0     0     6    57   674  5232  8725  9815 10749  9711 10879 11479
ch    2:      0     0     0     0     0     0     0     0     0     0     0     0     0     0     0     0     0     0     0     0     0     0     8   158  1137  8193  4434  8879 10667  7983 10889 17290
ch    3:      0     0     0     0     0     0     0     0     0     0     0     0     0     0     0     0     0     0     0     0     0     0    11   170  1239  9836  8838  7337  6928  9009  8705 16202
ch    4:      0     0     0     0     0     0     0     0     0     0     0     0     0     0     0     0     0     0     0     0     0     0     6   135  1286 11520  7387  9534 13632  8117  8762 11013
ch    5:      0     0     0     0     0     0     0     0     0     0     0     0     0     0     0     0     0     0     0     0     1     1    13    91  2095 15102 11793 12841  7729 10368 11185  4213
ch    6:      0     0     0     0     0     0     0     0     0     0     0     0     0     0     0     0     0     0     0     0     0     1    12   224  1578 12128 13619 13617 10736  9058  8125 19139
ch    7:      0     0     0     0     0     0     0     0     0     0     0     0     0     0     0     0     0     0     0     0     0     1    15   213  3338  6691  9651 11251  5837  8784 13731 10503
ch    8:      0     0     0     0     0     0     0     0     0     0     0     0     0     0     0     0     0     0     0     0     0     2    14   388  2263 12496  9434 13478  6495 16574 11063  8929
ch    9:      0     0     0     0     0     0     0     0     0     0     0     0     0     0     0     0     0     0     0     0     0     1    21   287  2738  6336 10477 11722 10211  6425 13711 15410
ch   10:      0     0     0     0     0     0     0     0     0     0     0     0     0     0     0     0     0     0     0     0     0     3    20   348  2633  9782 13754 15826  8844 11776 13420  5333
ch   11:      0     0     0     0     0     0     0     0     0     0     0     0     0     0     0     0     0     0     0     0     0     3    40   435  3922  7939  7789  8687  5660  9986 13107 10063
ch   12:      0     0     0     0     0     0     0     0     0     0     0     0     0     0     0     0     0     0     0     0     0     2    29   324  3103 10265  8750  6846 10324 13213 14152  8781
ch   13:      0     0     0     0     0     0     0     0     0     0     0     0     0     0     0     0     0     0     0     0     0     2    26   348  2973  8812  9334  5099  8538  9263 13372 10798
ch   14:      0     0     0     0     0     0     0     0     0     0     0     0     0     0     0     0     0     0     0     0     0     4    21   368  3134  7869  7949  9831  4227  9779  9043  5638
ch   15:      0     0     0     0     0     0     0     0     0     0     0     0     0     0     0     0     0     0     0     0     0     2    43   467  5498 11188  8860 11128 13571  6479  8030 11905
ch   16:      0     0     0     0     0     0     0     0     0     0     0     0     0     0     0     0     0     0     0     0     0     0    46   647  3989  9862  7324  8898  8839 12815 15160 10909
ch   17:      0     0     0     0     0     0     0     0     0     0     0     0     0     0     0     0     0     0     0     0     0     3    42   438  5161  7857  4145 14047 15537  4573  7669 12188
ch   18:      0     0     0     0     0     0     0     0     0     0     0     0     0     0     0     0     0     0     0     0     0     7    49   489  5589 11675  6240 12042  9815  6739 12189 14717
ch   19:      0     0     0     0     0     0     0     0     0     0     0     0     0     0     0     0     0     0     0     0     0     3    41   551  6453 15653  8757 12396  9851 10777  8544 15462
ch   20:      0     0     0     0     0     0     0     0     0     0     0     0     0     0     0     0     0     0     0     0     0     3    54   677  4805  7362  9870  9244  9116  9354 13850 11791
ch   21:      0     0     0     0     0     0     0     0     0     0     0     0     0     0     0     0     0     0     0     0     0     2    44   535  7886 14630 14402  9461  8038  7860  8962 12372
ch   22:      0     0     0     0     0     0     0     0     0     0     0     0     0     0     0     0     0     0     0     0     0     3    37   743  7284  9553 11843 11004  4274 13706 11154  8293
ch   23:      0     0     0     0     0     0     0     0     0     0     0     0     0     0     0     0     0     0     0     0     0     1    60   621  6952  3996 13828 10837 10235  9677  5526 12962
ch   24:      0     0     0     0     0     0     0     0     0     0     0     0     0     0     0     0     0     0     0     0     0     3    84   697  7752  7282  5454 12164 11923  8222  9165 13840
ch   25:      0     0     0     0     0     0     0     0     0     0     0     0     0     0     0     0     0     0     0     0     0     1    50   750  6085 12756 13445 14324  9144 11974  7757  9337
ch   26:      0     0     0     0     0     0     0     0     0     0     0     0     0     0     0     0     0     0     0     0     1     2    53   851  7520  9469  3627  9410 11205 14346  8275  9502
ch   27:      0     0     0     0     0     0     0     0     0     0     0     0     0     0     0     0     0     0     0     0     0     2    57   806  7734  9882  7482 11587  7478 11596  9642  4415
ch   28:      0     0     0     0     0     0     0     0     0     0     0     0     0     0     0     0     0     0     0     0     0     4    54   879 10490  7720 13331  8483  7969 11315  6432 13225
ch   29:      0     0     0     0     0     0     0     0     0     0     0     0     0     0     0     0     0     0     0     0     1     3    74   877  9864 11992 12280 12929 13480  9634 10442 13024
ch   30:      0     0     0     0     0     0     0     0     0     0     0     0     0     0     0     0     0     0     0     0     0     1    46   977  9126 10422 11855  5405 12262 10899  9642 12455
ch   31:      0     0     0     0     0     0     0     0     0     0     0     0     0     0     0     0     0     0     0     0     0     3    51   684 10325  9684  6647 13252  5800 14250  8312 12123
ch   32:      0     0     0     0     0     0     0     0     0     0     0     0     0     0     0     0     0     0     0     0     0     2    75   972 10295  8650  8116 10000 10517 12263 13209 10865
ch   33:      0     0     0     0     0     0     0     0     0     0     0     0     0     0     0     0     0     0     0     0     0     3    75  1163 11279 15562  6159 13592 12868  8310 16046  9280
ch   34:      0     0     0     0     0     0     0     0     0     0     0     0     0     0     0     0     0     0     0     0     0     2    58  1305 10028  8161 11546  5172 10646 14591  8501 13670
ch   35:      0     0     0     0     0     0     0     0     0     0     0     0     0     0     0     0     0     0     0     0     0     3   118  1044 11163 10116 14010 13387 14267 11456 14656 11910
ch   36:      0     0     0     0     0     0     0     0     0     0     0     0     0     0     0     0     0     0     0     0     0     2    71   964 12133 15108 10599 11531 13206  8628 10934  6656
ch   37:      0     0     0     0     0     0     0     0     0     0     0     0     0     0     0     0     0     0     0     0     0     6    75  1253  9464  8670  6823 15010  9952  4375 10755 12073
ch   38:      0     0     0     0     0     0     0     0     0     0     0     0     0     0     0     0     0     0     0     0     1     7    93  1470 10320 14961  7967 14695  4943 10200  9236 10735
ch   39:      0     0     0     0     0     0     0     0     0     0     0     0     0     0     0     0     0     0     0     0     1     8    84   979 11087 12753  6499  6299 11895 11051 12694 10562
ch   40:      0     0     0     0     0     0     0     0     0     0     0     0     0     0     0     0     0     0     0     0     0     4    85  1025 12783  9946  9758  5976 11062  7152 13778 13953
ch   41:      0     0     0     0     0     0     0     0     0     0     0     0     0     0     0     0     0     0     0     0     1     8    92  1093 12155 11014 15770 10890 12501 13289  9320 13098
ch   42:      0     0     0     0     0     0     0     0     0     0     0     0     0     0     0     0     0     0     0     0     1     4    72  1421 11807  9681  8977  9320  7469  8621 15659 16101
ch   43:      0     0     0     0     0     0     0     0     0     0     0     0     0     0     0     0     0     0     0     0     0     7   108  1391 15029  8037 13110 13200  7614  8257  6786 14357
ch   44:      0     0     0     0     0     0     0     0     0     0     0     0     0     0     0     0     0     0     0     0     0     2    77  1485 13564  8037  9837  7224 12328 11641 11926 11921
ch   45:      0     0     0     0     0     0     0     0     0     0     0     0     0     0     0     0     0     0     0     0     0     3    81  1594 17982  7074  9134  9659  6197 14470 11263 10767
ch   46:      0     0     0     0     0     0     0     0     0     0     0     0     0     0     0     0     0     0     0     0     0     4    63  1201  9849  9418  8538  6296 11615  4490  8153  9051
ch   47:      0     0     0     0     0     0     0     0     0     0     0     0     0     0     0     0     0     0     0     0     0     5   145   936 10969  6089  8497 13592 11313 10134 15028 13065
ch   48:      0     0     0     0     0     0     0     0     0     0     0     0     0     0     0     0     0     0     0     0     0     2    90  2086 17102 10032 15505  8820 11304 10481 12375 13488
ch   49:      0     0     0     0     0     0     0     0     0     0     0     0     0     0     0     0     0     0     0     0     0     4   106  1686 14613 12435  7157 10089 11941 14877 13730  9584
ch   50:      0     0     0     0     0     0     0     0     0     0     0     0     0     0     0     0     0     0     0     0     0     5    87  1451 14436  9276 12363 12061  4729  8209  5004 14125
ch   51:      0     0     0     0     0     0     0     0     0     0     0     0     0     0     0     0     0     0     0     0     1     7   155  2092 18496  6072  6653  8364 14877  7018 15580 15764
ch   52:      0     0     0     0     0     0     0     0     0     0     0     0     0     0     0     0     0     0     0     0     0     3    69  1570 15815  7385 12529  7164  9996 10088 13869 11965
ch   53:      0     0     0     0     0     0     0     0     0     0     0     0     0     0     0     0     0     0     0     0     0     7   129  1720 17082  8334  9560 10820  7914  9312 11081 13424
ch   54:      0     0     0     0     0     0     0     0     0     0     0     0     0     0     0     0     0     0     0     0     1     4    81  1550 12801 15553 11684 10532 11120  9868  9389 11668
ch   55:      0     0     0     0     0     0     0     0     0     0     0     0     0     0     0     0     0     0     0     0     1    13   158  1616  4648 14558  6369 12701  7331  8105 11757 14571
ch   56:      0     0     0     0     0     0     0     0     0     0     0     0     0     0     0     0     0     0     0     0     0     1   163  1823 14070  5950  9742 12180  9744 12092  7897 10198
ch   57:      0     0     0     0     0     0     0     0     0     0     0     0     0     0     0     0     0     0     0     0     0     8   124  1927  5665 13175 11451  7700  6158 12429 13217 10489
ch   58:      0     0     0     0     0     0     0     0     0     0     0     0     0     0     0     0     0     0     0     0     1     6   115  1706  6819  6682 10183 11755  9069  7205 14229  7062
ch   59:      0     0     0     0     0     0     0     0     0     0     0     0     0     0     0     0     0     0     0     0     0     6   153  1773  8802  9703 11876  8780 11164 11108 11560  5801
ch   60:      0     0     0     0     0     0     0     0     0     0     0     0     0     0     0     0     0     0     0     0     0     7   170  2742  7217 10144 12672  8551 13017 10273 11689 10916
ch   61:      0     0     0     0     0     0     0     0     0     0     0     0     0     0     0     0     0     0     0     0     0     3   124  2204  5275 13771 11920 14505 13249 14744 11692  8733
ch   62:      0     0     0     0     0     0     0     0     0     0     0     0     0     0     0     0     0     0     0     0     0     6   118  1841  9846 11952  8594  5397  9488 14449 10133 13771
ch   63:      0     0     0     0     0     0     0     0     0     0     0     0     0     0     0     0     0     0     0     0     1    14   220  2399  9725 11730 10164 15520  9959  9140  8616 15418
ch   64:      0     0     0     0     0     0     0     0     0     0     0     0     0     0     0     0     0     0     0     0     0     6    89  1806  5352  9291  9387  9905 12531 10956 12128  9836
ch   65:      0     0     0     0     0     0     0     0     0     0     0     0     0     0     0     0     0     0     0     0     1    20   172  2282  6599 10603  8589 11465 11095 12033 10347 11739
ch   66:      0     0     0     0     0     0     0     0     0     0     0     0     0     0     0     0     0     0     0     0     1     5   119  2050 14852 14461  9254  7382  5202 12697  5722 15325
ch   67:      0     0     0     0     0     0     0     0     0     0     0     0     0     0     0     0     0     0     0     0     0     5   178  2549 12142 13683  9145  9597  9514 12287 11662 11135
ch   68:      0     0     0     0     0     0     0     0     0     0     0     0     0     0     0     0     0     0     0     0     0    10   188  2397  9292 15841 11057  9613  5879 12643  9370  5642
ch   69:      0     0     0     0     0     0     0     0     0     0     0     0     0     0     0     0     0     0     0     0     0     4   169  2622  6796  9490 12695  8739 11874 16085 13950  8068
ch   70:      0     0     0     0     0     0     0     0     0     0     0     0     0     0     0     0     0     0     0     0     0     3   129  2004 17788 13304  6297 14175 15038  9268 11466 16197
ch   71:      0     0     0     0     0     0     0     0     0     0     0     0     0     0     0     0     0     0     0     0     0     7   137  3246  9976 15796 13208 15065 11249 10667 10845  7670
ch   72:      0     0     0     0     0     0     0     0     0     0     0     0     0     0     0     0     0     0     0     0     0     4   167  2561  3163  9585 11232  5277  5687 10248  7451  3022
ch   73:      0     0     0     0     0     0     0     0     0     0     0     0     0     0     0     0     0     0     0     0     1    21   337  3149  7359  8960 10702  6917  8601  9022  8202 14610
ch   74:      0     0     0     0     0     0     0     0     0     0     0     0     0     0     0     0     0     0     0     0     0     6   227  3800 15928  9155 14998 10302  7881  7988 10795  8712
ch   75:      0     0     0     0     0     0     0     0     0     0     0     0     0     0     0     0     0     0     0     0     0     8   200  3718 10535  9613  6383 11758 13817 13738 14897 11695
ch   76:      0     0     0     0     0     0     0     0     0     0     0     0     0     0     0     0     0     0     0     0     1     7   211  2694 11046 13879  7099  8043 10022  5679 13024  8644
ch   77:      0     0     0     0     0     0     0     0     0     0     0     0     0     0     0     0     0     0     0     0     0    16   211  3622  8830 12633 11039  5970  9397  6678  6471 11757
ch   78:      0     0     0     0     0     0     0     0     0     0     0     0     0     0     0     0     0     0     0     0     0     8   240  3535  8893  8991 11253  9801  8972 10859 12218 12843
ch   79:      0     0     0     0     0     0     0     0     0     0     0     0     0     0     0     0     0     0     0     0     1    12   239  2540 16147  8446 12265  5700 14431 12402  9535  9224
ch   80:      0     0     0     0     0     0     0     0     0     0     0     0     0     0     0     0     0     0     0     0     0     8   293  2978 12403  8610 11273 11595  7914  9837 10436  6243
ch   81:      0     0     0     0     0     0     0     0     0     0     0     0     0     0     0     0     0     0     0     0     0    15   276  3364 13368  8975  8394 10012 11921  8898 13446  7089
ch   82:      0     0     0     0     0     0     0     0     0     0     0     0     0     0     0     0     0     0     0     0     0    13   263  3415 10718 11734  6519 12718 12979 12400 10659 15246
ch   83:      0     0     0     0     0     0     0     0     0     0     0     0     0     0     0     0     0     0     0     0     2    13   243  2830 15728 11472  6888  8342  7654 13255  2909  9660
ch   84:      0     0     0     0     0     0     0     0     0     0     0     0     0     0     0     0     0     0     0     0     1    18   236  3572 10687  3291  8830  9520 13775  8182  5859  4365
ch   85:      0     0     0     0     0     0     0     0     0     0     0     0     0     0     0     0     0     0     0     0     0    10   275  3723  7178  8869 12405 11582 11217  3981  8664 12590
ch   86:      0     0     0     0     0     0     0     0     0     0     0     0     0     0     0     0     0     0     0     0     0    10   292  3559  5039  6106 13631  5484  5983  9335  4771  4740
ch   87:      0     0     0     0     0     0     0     0     0     0     0     0     0     0     0     0     0     0     0     0     2    16   400  4020  6427  9282 12902  9624 10608 13530 13118 13876
ch   88:      0     0     0     0     0     0     0     0     0     0     0     0     0     0     0     0     0     0     0     0     0    19   287  4136  7689 13864 13690  5614  7712  7955  9064  3361
ch   89:      0     0     0     0     0     0     0     0     0     0     0     0     0     0     0     0     0     0     0     0     0    20   409  4014  6937 13350 12029  9380  9407  9845 10986  7878
ch   90:      0     0     0     0     0     0     0     0     0     0     0     0     0     0     0     0     0     0     0     0     1    17   343  4550  6116 13742  6942 13548 10723 12580 10169  7736
ch   91:      0     0     0     0     0     0     0     0     0     0     0     0     0     0     0     0     0     0     0     0     2    15   256  4656 14067  6882  7906 11327  9455 13149  8839 10821
ch   92:      0     0     0     0     0     0     0     0     0     0     0     0     0     0     0     0     0     0     0     0     2    11   270  3670  6367  5678 13000  8194  9311 11025 12488 13013
ch   93:      0     0     0     0     0     0     0     0     0     0     0     0     0     0     0     0     0     0     0     0     0     7   383  4537  7122 14947 12148  7601 13087  9211  9009  8161
ch   94:      0     0     0     0     0     0     0     0     0     0     0     0     0     0     0     0     0     0     0     0     0     8   266  6039 14193 10734 16610  9036  8960 14166  8391  7963
ch   95:      0     0     0     0     0     0     0     0     0     0     0     0     0     0     0     0     0     0     0     0     0    14   269  4345  6845  9420  7269  9846  8782 13389  7682  8909
ch   96:      0     0     0     0     0     0     0     0     0     0     0     0     0     0     0     0     0     0     0     0     0     6   299  3947 10259 12776  9874  8769  8232 13669  9121 12325
ch   97:      0     0     0     0     0     0     0     0     0     0     0     0     0     0     0     0     0     0     0     0     1    16   188  3901  6504 15336 14630 12712  9830  9524 13937  7009
ch   98:      0     0     0     0     0     0     0     0     0     0     0     0     0     0     0     0     0     0     0     0     0    19   290  4687 14684 16194 10736  8441 11940  6889 14249  7466
ch   99:      0     0     0     0     0     0     0     0     0     0     0     0     0     0     0     0     0     0     0     0     0    10   250  2826  6355  4196  9691 11220  9467  7815  6915 11762
ch  100:      0     0     0     0     0     0     0     0     0     0     0     0     0     0     0     0     0     0     0     0     0    16   260  3459 13450  9384 14194  7736 11079 10970 12896 10594
ch  101:      0     0     0     0     0     0     0     0     0     0     0     0     0     0     0     0     0     0     0     0     1    16   442  3927 12243 10309 13902 11441  4777 10449 12480 10998
ch  102:      0     0     0     0     0     0     0     0     0     0     0     0     0     0     0     0     0     0     0     0     0    17   330  4167 10185 11773  8003 11269  9485  9518 10406  9512
ch  103:      0     0     0     0     0     0     0     0     0     0     0     0     0     0     0     0     0     0     0     0     0    20   442  4144 14219  9011  6380 10034 12278  7418  9561 11486
ch  104:      0     0     0     0     0     0     0     0     0     0     0     0     0     0     0     0     0     0     0     0     2     8   245  3719 11475 15015 11867  9837  9383 12039  6565 10460
ch  105:      0     0     0     0     0     0     0     0     0     0     0     0     0     0     0     0     0     0     0     0     3    16   234  3662 11827 14759 13167 13003  7739 17119 14487  6542
ch  106:      0     0     0     0     0     0     0     0     0     0     0     0     0     0     0     0     0     0     0     0     0    17   250  4040 12316  6205 11012  6063  9973  7983 17222  9965
ch  107:      0     0     0     0     0     0     0     0     0     0     0     0     0     0     0     0     0     0     0     0     0    13   311  4427 15164 10988  8006 10066  4253  7080  9188 15322
ch  108:      0     0     0     0     0     0     0     0     0     0     0     0     0     0     0     0     0     0     0     0     0    15   222  3147 13498  9999  9747  8095  8645 13867 11704  8101
ch  109:      0     0     0     0     0     0     0     0     0     0     0     0     0     0     0     0     0     0     0     0     3    21   345  4866  8957 11368 17277 12598 11029 13843 12583 13149
ch  110:      0     0     0     0     0     0     0     0     0     0     0     0     0     0     0     0     0     0     0     0     0    12   379  3166 11896  9558 14372 15122  6884 13790 10327  6038
ch  111:      0     0     0     0     0     0     0     0     0     0     0     0     0     0     0     0     0     0     0     0     1    10   220  3370  7405  8538 12491  7861 11918 16126  9769 13267
ch  112:      0     0     0     0     0     0     0     0     0     0     0     0     0     0     0     0     0     0     0     0     0     8   189  3674  6164 16026  6913 11316 11863  9865 11904 14356
ch  113:      0     0     0     0     0     0     0     0     0     0     0     0     0     0     0     0     0     0     0     0     2    18   327  5424  9087 12919 12348  4459 12426 14491 11839 14681
ch  114:      0     0     0     0     0     0     0     0     0     0     0     0     0     0     0     0     0     0     0     0     2    22   213  4762 10619 10383 13452 12269  9590 11014 12433  9745
ch  115:      0     0     0     0     0     0     0     0     0     0     0     0     0     0     0     0     0     0     0     0     3    35   478  6481  5800  6559 11434 10661 13069 11394 13225 12857
ch  116:      0     0     0     0     0     0     0     0     0     0     0     0     0     0     0     0     0     0     0     0     2    18   356  4083 10658 10160  6982 12432 11157  9919  7108 11005
ch  117:      0     0     0     0     0     0     0     0     0     0     0     0     0     0     0     0     0     0     0     0     1    25   332  4510  8259  7482 11308  6886 11983 11021  9833  9432
ch  118:      0     0     0     0     0     0     0     0     0     0     0     0     0     0     0     0     0     0     0     0     0    25   297  3532 12414  7612  8446 13417  9229  8690 11639  9445
ch  119:      0     0     0     0     0     0     0     0     0     0     0     0     0     0     0     0     0     0     0     0     2    13   395  4380  7207  7766 12754  7819 11059 13478 11268 12325
ch  120:      0     0     0     0     0     0     0     0     0     0     0     0     0     0     0     0     0     0     0     0     0    16   291  5411  8508  7898 11640 12178 11818 11247 15223 11457
ch  121:      0     0     0     0     0     0     0     0     0     0     0     0     0     0     0     0     0     0     0     0     2    25   619  5700  6941  9845 16136  7640  3876  8296  4599  9584
ch  122:      0     0     0     0     0     0     0     0     0     0     0     0     0     0     0     0     0     0     0     0     0    11   347  4599  9846  8838  8986 14547  9913 11003  9065  9713
ch  123:      0     0     0     0     0     0     0     0     0     0     0     0     0     0     0     0     0     0     0     0     1    24   528  5609  9715  8874  7442  9712  4044  8296 11337  6804
ch  124:      0     0     0     0     0     0     0     0     0     0     0     0     0     0     0     0     0     0     0     0     1    29   643  7212 16048 11982  9766  6334 13158 10151  9854 10979
ch  125:      0     0     0     0     0     0     0     0     0     0     0     0     0     0     0     0     0     0     0     0     1    80  1219 10472  9846 12167 11626 12090 11579 14560  8706  7134
ch  126:      0     0     0     0     0     0     0     0     0     0     0     0     0     0     0     0     0     0     0     0     3    54   640  7341  6366 12432  7251 12311 12639 12890 11814  7182
ch  127:      0     0     0     0     0     0     0     0     0     0     0     0     0     0     0     0     0     0     0     2    26   344  4322 12034 10168 12272 12238  9929  7234 10183 10841 10072
