# ID XA-000-08-002-001-008-219-02
# Tag _trim_
# Date 240802_10:33:53
# Vref_p 57
# Vref_n 22
# Thr2_glb 36
# Vref_t 118
# Vref_t_range 1
# Pol 0
# ADC range 30-247
# FAST disc 30
ch:   0  110  111  109  110  107  119  120  106  109  105  115  109  122  117  109  108  116  111  118  108  115  102  116  115  121  118  107  116  107  119  117    2
ch:   1  109  121  108  115  117  119  115  116  126  117  109  118  125  122  109  124  123  118  115  115  115  123  121  110  117  117  115  120  120  122  135   41
ch:   2  118  121  102  114  105  104  111  122  115  120  110  123  122  109  115  124  114  122  109  106  116  108  126  110  111  116  110  117  125  119  115    8
ch:   3  126  123  125  115  106  118  123  132  122  125  110  123  120  109  115  115  124  119  121  122  114  120  116  125  119  117  121  127  126  120  119   56
ch:   4  124  122  110  115  105  118  119  116  105  107  105  126  119  118  124  106  116  109   99  106  107  116  117  104  109  110  114  116  115  108  117   27
ch:   5  131  108  116  122  120  121  119  118  123  119  126  122  113  106  121  123  121  130  116  136  107  124  116  117  109  116  117  115  115  124  133   41
ch:   6  123  117  116  113  111  116  105  120  116  106  118  123  124  120  121  117  120  106  108  108  116  111  113  109  110  115  123  125  115  121  124   25
ch:   7  105  116  120  124  115  122  107  111  115  122  116  120  115  116  118  121  117  134  121  130  130  115  120  120  104  119  119  122  127  135  127   47
ch:   8  115  122  115  130  108  110  123  121  106  114  111  126  110  114  117  106  117  115  120  105  116  104  111  118  116  123  104  120  109  117  117   19
ch:   9  116  107  109  122  119  124  132  116  109  113  122  130  115  125  115  135  105  117  117  120  124  120  118  134  121  122  119  119  123  137  131   47
ch:  10  105  122  106  121  126  119  120  116  111  109  107  105  107  113  124  123  105  108  118  116  109  110   -1  115  109  118  108  117  119  124  121   37
ch:  11  102  124  115  122  108  121  121  116  125  134  118  119  116  118  121  110  106  120  117  126  115  121  120  121  122  125  123  122  127  123  131   51
ch:  12  121  123  115  123  119  113  118  117  117  117  113  132  119  108  110  109  111  108  116  108  120  118  105  125  103  115  107  117  108  122  118   27
ch:  13  111  114  122  119  124  125  110  114  116  117  111  106  116  115  131  118  131  119  123  119  116  118  131  125  126  126  130  126  141  123  135   43
ch:  14  115  104  107  114  115  115  121  110  118  121  113  110  119  121  106  115  122  115  120  110  119  106  106  106  119  120  119  115  104  123  119   33
ch:  15  116  115  113  119  120  110  124  116  127  127  117  115  120  106  120  115  119  126  131  111  115  124  126  126  109  119  111  126  126  118  126   47
ch:  16  117  108  108  119  118  130  102  117  118  109  122  125  116  116  117  116  114  108  109  116  119  119  109  110  109  121  118  117  109  117  118   32
ch:  17  116  125  117  106  110  120  118  119  117  122  118  135  119  117  109  110  120  138  123  122  124  133  118  123  123  126  120  125  126  133  134   55
ch:  18  117  118  115  120  118  117  116  120  114   95  113  103  111  114  111  105  116  118  125  109  111  120  120  116  118  105  117  116  120  118  129   33
ch:  19  118  118  124  119  120  120  106  126  125  121  119  118  110  115  116  121  120  117  122  110  123  122  116  122  131  120  119  133  122  125  121   43
ch:  20  119  118  120  120  115  105  107  122  122  109  122  119  123  113  116  110  110  122  107  106  121  106  110  107  110  117  119  124  123  119  110   26
ch:  21  121  126  119  113  120  131  118  121  106  121  122  123  125  119  120  121  124  130  123  119  125  134  124  117  132  131  119  133  132  122  137   49
ch:  22  124  117  117  109  133  119  117  132  113  117  122  114  108  104  122  124  119  125  106  120  121  121  105  116  117  112  110  126  123  126  121   40
ch:  23  122  122  131   -1  123  118  122  122  116  122  124  120  119  117  122  118  130  111  122  123  117  125  120  110  119  133  133  126  139  138  127   46
ch:  24  117  117  107  111  115  122  115  123  123  122  116   99  105  104  108  116   98  109  116  110  110  102  110  123  120  109  111  107  118  126  117   37
ch:  25  125  119  120  118  122  113  120  125  108  125  124  117  121  123  120  115  120  122  119  122  131  118  120  122  122  118  130  126  122  138  123   56
ch:  26  111  127  110  106  116  115  117  113  120  118  107  111  119  133  115  119  119  110  116  117  117  117  123  104  110  115  113  131  133  117  126   24
ch:  27  126  115  118  117  126  121  134  131  125  123  116  110  115  132  120  118  121  120  107  121  121  123  117  122  114  132  130  137  135  121  139   28
ch:  28  120  126  121  130  121  108  124  122  125  115  122  122  118  110  110  110  108  120  121  108  126  108  111  118  111  114  125  126  125  124  121   36
ch:  29  121  119  123  132  119  123  125  118  118  116  124  123  114  117  115  132  124  127  123  108  124  118  119  123  120  132  132  116  122  123  124   37
ch:  30  121  117  118  113  121  121  107  120  130  116  108  116  107  118  122  115  121  105  109  119  116  106  117  105  118  110  119  118  117  110  117   36
ch:  31  105  124  124  123  120  126  124  123  121  119  135  110  120  135  132  124  119  123  132  125  132  122  122  122  136  123  132  132  126  124  133   56
ch:  32  113  117  117  111  115  106  121  104  120  119  110  115  108  120  119  118  118  118  110  121  107  124  115  117  109  118  115  114  118  125  120   46
ch:  33  115  120  123  105  125  116  124  103  122  117  121  122  113  139  117  126  117  121  120  126  118  126  126  116  130  119  123  121  134  131  133   43
ch:  34  132  116  118  111  129  121  118  123  117  121  120  107  108  118  117  118  121  120  107  122  108  115  129  119  117  108  103  119  122  122  120   33
ch:  35  122  116  124  126  110  122  126  124  123  126  123  119  133  126  111  116  133  116  118  110  135  126  116  120  123  129  125  123  123  124  136   45
ch:  36  124  121  123  120  117  122  115  109  105  117  111  106  117  110  119  109  122  105  112  122  116  115  113  118  122  126  116  110  116  121  122   33
ch:  37  125  124  132  121  117  108  132  127  121  121  119  138  123  121  132  118  139  121  126  122  118  124  123  124  122  132  134  124  125  132  138   44
ch:  38  125  121  124  119  119  116  121  118  115  125  116  117  115  116  108  107  118  118  116  116  123  117  108  123  118  117  116  123  123  132  124   40
ch:  39  118  121  116  121  123  135  119  117  121  122  118  134  115  121  116  105  125  137  106  122  115  126  119  124  126  132  121  126  131  124  133   47
ch:  40  119  117  112  102  117  134  124  121  125  119  115  118  121  125   95  128  120  120  108  120  110  115  118  102  115  115  105  118  133  118  110   44
ch:  41  121  123  125  117  115  119  120  126  118  127  116  126  130  110  131  125  120  122  125  123  120  136  124  132  124  124  123  121  121  137  131   54
ch:  42  115  124  114  132  124  122  133  119  114  108  124  125  118  117  119  117  115  108  114  125  120  107  107  107  116  118  126  109  126  123  125   46
ch:  43  119  120  124  123  114  121  119  126  121  130  127  118  124  124  121  116  121  124  122  125  117  133  124  117  115  123  132  133  121  135  134   39
ch:  44  120  120  116  120  121  122  111  111  120  126  116  108  107  116  118  131  116  120  115  116  111  106  121  122  123  119  120  121  121  115  120   43
ch:  45  119  122  126  123  119  117  116  121  123  126  135  127  116  125  134  123  135  125  127  132  124  133  126  134  132  127  132  121  123  137  138   56
ch:  46  111  118  120  121  120  118  102  119  125  108  132  126  124  108  120  116  121  119  121  123  106  117  115  123  120  110  123  119  132  121  118   32
ch:  47  119  126  122  119  116  116  132  121  123  135  124  131  126  121  120  119  133  118  133  127  131  114  137  120  125  133  131  124  136  135  137   56
ch:  48  116  121  120  121  120  125  116  118  120  125  115  116  108  125  122  117  116  120  117  109  116  120  118  123  118  125  119  110  123  133  121   28
ch:  49  126  117  123  124  124  126  108  118  108  111  132  125  124  124  123  138  123  130  110  134  133  119  126  137  131  119  127  134  138  133  122   42
ch:  50  115  107  117  123  108  125  115  118  118  131  117  110  130  119  117  127  117  125  119  123  116  117  117  117  120  122  118  121  119  121  117   35
ch:  51  118  123  119  130  131  122  109  124  123  122  115  123  120  125  138  134  117  121  134  131  126  125  130  136  130  121  137  138  122  136  143   56
ch:  52  135  118  132  117  121  118  109  115  116  125  120  118  124  126  117  108  121  110  119  132  120  105  110  120  120  120  124  126  121  126  131   31
ch:  53  126  111  122  109  120  120  117  119  120  123  134  134  127  127  147  131  131  135  114  120  134  130  123  127  134  131  121  124  136  141  137   56
ch:  54  119  119  124  124  108  120  109  120  121  113  120  121  122  104  109  116  124  109  114  116  121  118  124  119  124  132  110  126  117  116  132   36
ch:  55  122  126  122  131  126  121  116  126  124  133  138  121  125  126  120  134  116  118  122  124  133  118  118  123  133  130  130  132  131  142  136   43
ch:  56  107  122  122  115  115  110  118  107  115  120  122  106  118  115  110  116  116  121  116  114  109  110  123  108  115  120  117  120  117  118  124   31
ch:  57  121  119  117  124  124  120  120  116  121  131  131  123  116  123  136  125  137  118  127  122  119  134  131  121  120  120  139  134  150  140  127   47
ch:  58  121  118  115  118  124  116  125  126  107  123  117  110  125  115  107  122  123  116  109  122  111  114  105  116  118  117  126  120  123  124  122   32
ch:  59  113  121  123  120  126  119  127  125  123  131  133  121  137  117  134  131  124  118  121  123  120  140  132  125  126  118  123  140  126  131  135   41
ch:  60  124  110  119  130  111  121  110  124  106  114  117  121  115  125  116  115  105  118  131  106  114  125  122  122  119  119  109  130  125  125  123   33
ch:  61  124  118  116  123  118  117  131  116  125  132  121  123  107  127  123  125  123  121  124  123  120  125  125  124  126  131  126  125  135  132  125   43
ch:  62  101  119  121  121  110  119  119  118  107  118  110  116  119  110  121  127  113  124  121  116  119  119  108  120  120  108  111  118  117  120  115   27
ch:  63  131  120  108  131  137  124  122  126  118  125  122  126  125  124  118  123  130  115  122  126  119  131  127  130  121  126  127  126  131  126  131   49
ch:  64  124  129  117  124  116  122  119  122  120  120  120  121  130  120  107  118  122  123  111  115  136  122  124  124  124  126  120  123  134  121  125   38
ch:  65  135  121  130  115  116  120  115  124  124  123  123  119  125  118  132  126  132  116  122  119  120  123  123  127  138  130  119  132  131  141  134   50
ch:  66  127  108  119  110  132  118  122  117  119  115   -1  111  117  119  116  126  108  107  115  117  126  108  113  112  118  134  115  123  116  116  132   24
ch:  67  125  124  122  124  114  126  122  119  133  125  125  131  119  129  119  116  135  119  124  120  125  118  125  121  125  123  135  138  131  137  136   53
ch:  68  114  130  108  119  119  121  120  118  125  117  123  116  130  132  116  115  117  120  115  124  119  126  123  117  116  124  113  127  131  125  124   21
ch:  69  131  123  132  114  116  115  122  116  110  125  115  118  117  131  121  120  123  116  119  120  126  122  131  120  136  124  126  133  123  127  137   37
ch:  70  115  124  123  127  125  123  132  118  122  120  119  121  120  121  109  113  118  106  119  116  118  119  119  121  120  126  120  121  138  119  131   24
ch:  71  118  125  130  122  126  131  119  126  116  117  127  121  133  127  124  123  121  116  123  124  121  125  127  131  124  135  135  142  123  140  132   42
ch:  72  122  117  116  125  118  117  130  120  110  121  107  109  120  123  126  119  121  114  116  107  116  119  119  122  118  130  123  116  131  130  137   27
ch:  73  117  122  122  131  119  122  126  115  120  131  132  120  126  123  125  120  124  133  137  136  126  134  136  135  125  135  122  137  126  131  123   43
ch:  74  119  121  116  124  117  120  123  108  105  125  114  119  107  114  121  102  116  121  108  121  111  107  111  115  123  115  121  125  127  125  126   33
ch:  75  110  120  120  121  125  117  127  119  124  116  131  123  126  122  126  126  134  124  130  123  124  140  119  133  133  121  115  122  131  135  133   43
ch:  76  121  123  116  131  121  116  114  118  117  123  109  114  122  116  109  125  121  121  112  118  116  110  105  115  123  116  132  116  125  116  133   31
ch:  77  121  121  119  131  114  119  115  111  131  123  123  116  123  111  120  119  121  120  121  124  138  139  126  124  125  138  134  132  129  131  136   33
ch:  78  119  123  120  120  115  119  120  110  114  121  107  107  116  123  109  117  118  125  105  108  120  105  118  115  120  108  110  125  127   -1  131   22
ch:  79  126  135  116  134  125  116  125  126  120  135  120  125  125  126  127  124  122  131  124  125  130  134  134  139  125  126  124  136  145  133  139   43
ch:  80  135  118  130  117  123  122  122  115  109  114  120  132  108  120  104  121  117  123  107  106  104  105  119   -1  104  110  116  114  118  119  125   38
ch:  81  118  120  118  111  125  129  126  115  136  121  136  118  127  123  126  119  124  121  130  133  122  126  119  126  133  123  133  137  136  135  140   56
ch:  82  121  116  122  126  120  104  101  123  118  114  121  127  125  108  108  121  118  117  119  119  121  126  115  118  127  125  116  121  123  141  147   32
ch:  83  119  118  117  122  120  117  124  121  122  125  123  122  118  123  122  123  131  122  107  117  125  125  122  125  122  132  133  132  135  131  137   43
ch:  84  116  101  109  111  109  115  120  121  116  116  110  119  115  117  123  107  106  106  121  114  103  107  110  116  126  123  116  108  125  120  123   31
ch:  85  124  126  124  122  124  131  132  122  116  119  121  122  122  119  132  123  138  123  123  123  125  121  125  117  145  117  135  135  131  135  132   40
ch:  86  118  119  124  115  119  110  123  126  119  118  119  125  115  114  117  116  121  109  118  118  107  118  121  110  124  117  109  114  123  122  123   20
ch:  87  117  122  118  112  123  119  120  124  123  125  121  124  116  119  129  125  109  131   -1  137  132  126  121  129  129  138  124  137  130  132  139   36
ch:  88  111  129  120  115  117  104  115  118  107  119  115  125  133  123  122  116  124  124  115  110  108  116  122  126  120  117  124  123  117  125  119   39
ch:  89  119  124  117  120  131  116  124  136  124  127  122  119  116  118  119  123  116  124  120  116  131  124  131  125  127  143  139  134  117  133  131   45
ch:  90  117  121  117  118  116  112  122  126  111  118  119  117  120  104  122  108  114  110  116  110  118  115  120  121  126  109  110  125  116  123  123   38
ch:  91  124  116  123  110  131  118  136  123  113  118  120  120  133  118  120  117  121  122  126  118  125  130  124  119  133  125  129  125  134  132  135   45
ch:  92  108  110  112  131  108  125  119  118  109  125  117  131  117  120  115  120  103  110  133  116  118  108  130  120  125  124  121  119  133  131  133   38
ch:  93  131  117  117  124  120  118  117  117  122  116  129  125  124  123  116  117  126  122  130   -1  131  122  131  126  125  132  131  131  124  140  151   56
ch:  94  122  117  123  115  117  102  123  125  103  108  118  113  123  123  117  118  110  127  115  122  125  115  121  123  121  124  110  114  111  117  124   36
ch:  95  120  122  112  115  110  131  127  126  126  115  133  116  129  138  133  130  130  124  118  129  119  123  131  141  118  123  136  126  146  136  139   41
ch:  96  121  120  106  121  116  118  122  120  110  117  106  120  111  122  110  120  127  107  115  110  126  115  116  120  119  132  117  116  130  124  124   32
ch:  97  118  131  118  118  121  136  107  120  119  116  120  121  124  121  120  120  122  130  127  115  120  121  122  125  125  131  134  133  131  134  141   44
ch:  98  120  131  117  107  119  119  118  125  110  116  120  117  115  105  119  114  121  110  116  119  117  121  109  105  131  123  122  124  109  123  125   40
ch:  99  123  135  120  121  125  125  122  122  123  120  118  130  121  131  119  129  120  122  126  133  118  116  138  140  123  115  132  133  130  130  132   43
ch: 100  124  119  116  120  127  119  116  118  124  116  118  123  121  122  111  108  115  116  119  116  116  109  111  122  130  106  118  116  117  123  131   40
ch: 101  126  108  123  125  125  119  122  122  119  114  121  121  124  124  109  123  133  123  122  116  118  138  123  124  123  134  138  139  123  139  147   47
ch: 102  106  122  108  113  112  108  117  118  105  116  118  115  105  107  109  109  110  120  109  115  117  106  106  108  116  110  120  121  121  121  126   18
ch: 103  117  112  120  119  117  126  121  122  121  115  114  116  133  122  119  125  116  122  122  117  121  118  110  116  116  133  121  130  135  130  134   50
ch: 104  117  121  118  116  108  117  123  120  116  111  106  115  118  114  121  120  116  105  124  124  124  114  118  115  125  111  106  122  118  121  116   33
ch: 105  120  124  119  116  114  126  132  120  118  133  123  108  132  124  139  132  119  116  117  120  115  123  119  132  125  134  137  123  127  138  116   50
ch: 106  117  117  120  110  120  116  119  118  118  117  119  123  115  110  111  124  116  119  118  107  119  112  110  112  127  117  124  120  122  131  125   27
ch: 107  124  131  121  124  122  125  120  125  114  123  117  116  121  126  127  115  122  133  131  131  131  119  124  119  121  118  134  127  123  136  122   49
ch: 108  134  123  108  120  126  120  121  115  117  114  108  116  122  115  115  120  121  120  116  123  118  120  115  117  122  118  118  118  119  122  121   26
ch: 109  117  116  125  126  117  117  126  110  125  123  131  121  122  119  108  121  130  124  115  117  126  122  132  119  122  126  124  131  135  125  136   56
ch: 110  121  121  130  123  106  107  117  117  117  120  116  117  124  114  119  104  115  118  116  107  121  119  115  117  115  109  119  119  133  124  118   28
ch: 111  123  122  117  118  110  126  130  115  134  131  118  117  126  120  116  133  121  117  126  122  115  115  110  131  130  125  115  130  133  132  133   53
ch: 112  108  111  117  117  119  126  123  109  109  122  123  121  119  124  120  118  118  118  116  115  111  107  131  116  108  108  124  118  132  121  124   17
ch: 113  122  117  131  123  104  116  119  118  123  114  132  123  126  120  116  126  120  124  125  139  116  119  126  109  124  123  135  121  117  125  131   56
ch: 114  121  117  133  117  117  124  117  107  119  123  120  108  113  121  119  108  117  119  118  103  124  119  126  110  122  133  106  121  123  121  121   28
ch: 115  124  120  122  119  115  110  123  116  123  122  123  108  119  120  131  131  120  131  126  122  124  123  121  133  133  130  119  117  131  132  133   56
ch: 116  117  121  119  118  115  101  122  107  120  118  110  123  116  122  113  117  120  125  109  108  118  104  107  124  116  110  116  138  114  125  119   17
ch: 117  126  120  116  119  121  132  116  119  134  123  124  125  113  133  129  136  131  139  124  133  136  130  127  124  125  123  127  141  133  122  137   56
ch: 118  120  108  120  123  120  114  110  105  119  105  115  114  104  103  103  106  108  115  116  104  109  117  117  103  103  120  115  114  115  110  121   38
ch: 119  118  121  117  124  120  123  132  110  123  123  121  117  121  126  121  131  126  119  122  134  125  135  123  131  119  111  122  149  126  132  138   56
ch: 120  110  110  120  120  120  115  122  117  119  116  124  133  122  117  124  109  121  118  110  121  109  120  117  117  114  111  122  107  112  116  125   40
ch: 121  116  119  121  121  114  124  120  132  132  126  121  129  121  120  122  108  106  130  115  117  123  118  132  115  125  126  123  120  123  142  121   56
ch: 122  117  117  116  116  108  118  116  117  120  105  116  108  116  115  106  106  122  126  110  109  117  118  118  102  107  110  109  114  115  113  121   25
ch: 123  121  118  132  119  116  123  121  118  125  114  110  115  109  117  116  122  122  126  120  124  109  121  119  117  136  115  126  133  122  133  125   51
ch: 124  125   98  121  118  119  121  122  121  102  114  111  124  123  123  106  116  109  122  115  121  117  118  114  119  117  110  121  113  117  120  120    9
ch: 125  124  107  124  122  120  117  117  113  113  126  110  116  132  115  116  131  130  136  118  126  127  122  131  109  131  119  135  135  133  125  124   32
ch: 126  117  117  118  114  121  121  105  115  119  123  109  116  107  106  118  117  105  121  122  116  130  119  108   -1  110  105  115  119  116  121  116   34
ch: 127  120  118  119  110  135  131  115  124  108  132  124  114  125  125  136  121  120  122  121  125  119  117  107  114  119  126  122  125  135  127  132   32
