ch    0:      0     0     0     0     0     0     0     0     0     0     0     0     0     0     0     0     0     0     0     0     0     0     0    10   111  1351 10486 20767 19303 10986 23688   135
ch    1:      0     0     0     0     0     0     0     0     0     0     0     0     0     0     0     0     0     0     0     0     0     0     0     7   362  4160 27784 18221 14704 21845 24455   611
ch    2:      0     0     0     0     0     0     0     0     0     0     0     0     0     0     0     0     0     0     0     0     0     0     0    15   204  3440 23762  9553 16221 20215 21859   618
ch    3:      0     0     0     0     0     0     0     0     0     0     0     0     0     0     0     0     0     0     0     0     0     0     4    26   416  5834 12800 18451 15302 17109 20625  1917
ch    4:      0     0     0     0     0     0     0     0     0     0     0     0     0     0     0     0     0     0     0     0     0     1     1    10   184  4052 32308 10221 27104 20703 21053  1060
ch    5:      0     0     0     0     0     0     0     0     0     0     0     0     0     0     0     0     0     0     0     0     0     0     0    35   450  6431 13575 23113 24529 27649 22577  4510
ch    6:      0     0     0     0     0     0     0     0     0     0     0     0     0     0     0     0     0     0     0     0     0     0     0    28   530  4996 24501 19147 15958 22975 16056   874
ch    7:      0     0     0     0     0     0     0     0     0     0     0     0     0     0     0     0     0     0     0     0     0     0     3    36   622  9857 15629 23937 21606 21188 19445  3481
ch    8:      0     0     0     0     0     0     0     0     0     0     0     0     0     0     0     0     0     0     0     0     0     0     1    17   493  4951  4826 21338 20461 19067 20971  2057
ch    9:      0     0     0     0     0     0     0     0     0     0     0     0     0     0     0     0     0     0     0     0     0     0     0    28   722 11947 23460 29727 18948 21164 22695  6147
ch   10:      0     0     0     0     0     0     0     0     0     0     0     0     0     0     0     0     0     0     0     0     0     0     3    32   684  8413 26303 19976 23872 22045 21903  1873
ch   11:      0     0     0     0     0     0     0     0     0     0     0     0     0     0     0     0     0     0     0     0     0     0     3    29   831  9545  7902 29552 29906 19441 23241  5044
ch   12:      0     0     0     0     0     0     0     0     0     0     0     0     0     0     0     0     0     0     0     0     0     0     4    38   554  9133 20314 15829 13241 19774 15297  2630
ch   13:      0     0     0     0     0     0     0     0     0     0     0     0     0     0     0     0     0     0     0     0     0     0     1    69   965  9109 29362 22143 20275 22802 19089  5914
ch   14:      0     0     0     0     0     0     0     0     0     0     0     0     0     0     0     0     0     0     0     0     0     0     2    49   929 12045 17174 21392 19363 18603 25143  2512
ch   15:      0     0     0     0     0     0     0     0     0     0     0     0     0     0     0     0     0     0     0     0     0     0     3    83  1357 12438 11302 17182 21321 21044 21770  6242
ch   16:      0     0     0     0     0     0     0     0     0     0     0     0     0     0     0     0     0     0     0     0     0     0     4    54  1232 14580  9555 14651 13771 20895 16305  4042
ch   17:      0     0     0     0     0     0     0     0     0     0     0     0     0     0     0     0     0     0     0     0     0     0     1    63  1426 15559 28162 24684 17721 19236 15986  6502
ch   18:      0     0     0     0     0     0     0     0     0     0     0     0     0     0     0     0     0     0     0     0     0     0     1    83   997 14699 12399 16600 20624 28526 21102  5208
ch   19:      0     0     0     0     0     0     0     0     0     0     0     0     0     0     0     0     0     0     0     0     0     0     3    67  2038 28897 18398 19801 18203 14193 18512  9964
ch   20:      0     0     0     0     0     0     0     0     0     0     0     0     0     0     0     0     0     0     0     0     0     0     1    44  1189 15875 22712 20813 17376 24322 17045  4568
ch   21:      0     0     0     0     0     0     0     0     0     0     0     0     0     0     0     0     0     0     0     0     0     0     2    85  1666 16370 18437 19332 26300 12712 23940  6926
ch   22:      0     0     0     0     0     0     0     0     0     0     0     0     0     0     0     0     0     0     0     0     0     0     0    89  1234 15326 16282 23497 23893 17028  8939  5339
ch   23:      0     0     0     0     0     0     0     0     0     0     0     0     0     0     0     0     0     0     0     0     0     0     5    60  1714 24211 18484 18283 17923 21081 26567 10492
ch   24:      0     0     0     0     0     0     0     0     0     0     0     0     0     0     0     0     0     0     0     0     0     0     3    88  1279 17105 17972 23847 19294 19450 19035  7106
ch   25:      0     0     0     0     0     0     0     0     0     0     0     0     0     0     0     0     0     0     0     0     0     0     7   131  1263 26982 20491 12700 24538 24865 16977 14892
ch   26:      0     0     0     0     0     0     0     0     0     0     0     0     0     0     0     0     0     0     0     0     0     0     2    69  1299 22652 14642 14566 27307 21713 16263  5600
ch   27:      0     0     0     0     0     0     0     0     0     0     0     0     0     0     0     0     0     0     0     0     0     0     5    86  2124 16419 14934 17571 20520 21701 24676 15478
ch   28:      0     0     0     0     0     0     0     0     0     0     0     0     0     0     0     0     0     0     0     0     0     0     7    96  1482 18534  9867 19533 21395 20589 21715  5287
ch   29:      0     0     0     0     0     0     0     0     0     0     0     0     0     0     0     0     0     0     0     0     0     0     6   251  3504  9898 14444 18012 22328 24315 21444 14626
ch   30:      0     0     0     0     0     0     0     0     0     0     0     0     0     0     0     0     0     0     0     0     0     0     1    62  1597 28186 19264 20574 19052 21142 19995  4300
ch   31:      0     0     0     0     0     0     0     0     0     0     0     0     0     0     0     0     0     0     0     0     0     0     7   164  2044 32062 11217 17580 24230 24204 19813 17775
ch   32:      0     0     0     0     0     0     0     0     0     0     0     0     0     0     0     0     0     0     0     0     0     1    11   151  2893 33320 16893 24224 25347 17622 16545  6311
ch   33:      0     0     0     0     0     0     0     0     0     0     0     0     0     0     0     0     0     0     0     0     0     0    10   121  3146 34970 22463 23707 23926 23339 20987 23016
ch   34:      0     0     0     0     0     0     0     0     0     0     0     0     0     0     0     0     0     0     0     0     0     0     6    92  1868 31028 26023 20505 23830 19158 14912  5908
ch   35:      0     0     0     0     0     0     0     0     0     0     0     0     0     0     0     0     0     0     0     0     0     0     6   132  2186  6070 24041 24069 14417 20068 24086 16583
ch   36:      0     0     0     0     0     0     0     0     0     0     0     0     0     0     0     0     0     0     0     0     0     0     7   115  1990 32018  9651 19543 20947 16281 17357  7819
ch   37:      0     0     0     0     0     0     0     0     0     0     0     0     0     0     0     0     0     0     0     0     0     0     4   141  2737 34604 26691 16696 21746 10028 19349 11574
ch   38:      0     0     0     0     0     0     0     0     0     0     0     0     0     0     0     0     0     0     0     0     0     0     1   111  2046 23049 22390 17317 15864 22529 26208  6916
ch   39:      0     0     0     0     0     0     0     0     0     0     0     0     0     0     0     0     0     0     0     0     0     0     4   113  3016  7076 20361 28561 20556 17290 15588 16143
ch   40:      0     0     0     0     0     0     0     0     0     0     0     0     0     0     0     0     0     0     0     0     0     0     6   144  2146 31418 26640 28956 19345 18632 19085  6422
ch   41:      0     0     0     0     0     0     0     0     0     0     0     0     0     0     0     0     0     0     0     0     0     0    10   187  7153 12259 27185 24785 25485 21183 20386 24597
ch   42:      0     0     0     0     0     0     0     0     0     0     0     0     0     0     0     0     0     0     0     0     0     0     4   153  3288 38478 22196 20207 19357 10940 23299  9999
ch   43:      0     0     0     0     0     0     0     0     0     0     0     0     0     0     0     0     0     0     0     0     1     1     6   151  5010 31289 15382 20385 21941 25608 24486 12927
ch   44:      0     0     0     0     0     0     0     0     0     0     0     0     0     0     0     0     0     0     0     0     0     0     7   151  2233 31551 26474 18809 23393 26417 17832  9791
ch   45:      0     0     0     0     0     0     0     0     0     0     0     0     0     0     0     0     0     0     0     0     0     0     6   194  2792 19958 20138 18444 18358 18715 21107 23195
ch   46:      0     0     0     0     0     0     0     0     0     0     0     0     0     0     0     0     0     0     0     0     1    12   243  1960 21598 22744 26459 19803 20441 18694 19130 19899
ch   47:      0     0     0     0     0     0     0     0     0     0     0     0     0     0     0     0     0     0     0     0     0     0     9   165  3704 31465 21287 16347 20368 17091 21457 21602
ch   48:      0     0     0     0     0     0     0     0     0     0     0     0     0     0     0     0     0     0     0     0     0     1     6   264  3318 14686 14683 25810 20647 22617 22050  9945
ch   49:      0     0     0     0     0     0     0     0     0     0     0     0     0     0     0     0     0     0     0     0     0     0    12   294  3835 22584 13355 25217 22076 19619 18355 23845
ch   50:      0     0     0     0     0     0     0     0     0     0     0     0     0     0     0     0     0     0     0     0     0     2    14   287  4594  6453 29706 16447 20498 21925 21904  9930
ch   51:      0     0     0     0     0     0     0     0     0     0     0     0     0     0     0     0     0     0     0     0     0     0    24   317  5524 18668 25120 21839 21040 15289 19340 17087
ch   52:      0     0     0     0     0     0     0     0     0     0     0     0     0     0     0     0     0     0     0     0     0     0    15   302  3972 20971 19932 18636 16867 27894 31818 17873
ch   53:      0     0     0     0     0     0     0     0     0     0     0     0     0     0     0     0     0     0     0     0     0     1    19   403  4653 12772 21155 19786 20649 23495 18110 37462
ch   54:      0     0     0     0     0     0     0     0     0     0     0     0     0     0     0     0     0     0     0     0     0     0     0     0     0     0     0     0     0     0     0     0
ch   55:      0     0     0     0     0     0     0     0     0     0     0     0     0     0     0     0     0     0     0     0     0     0    16   372  4948  9436 22148 21933 21694 21233 13499 34566
ch   56:      0     0     0     0     0     0     0     0     0     0     0     0     0     0     0     0     0     0     0     0     0   182    13   212  3511 19124 15817 15810 26132 17856 17797 12215
ch   57:      0     0     0     0     0     0     0     0     0     0     0     0     0     0     0     0     0     0     0     0     0     1    24   348  7249 36162 25402 23462 21154 26641 18528 20384
ch   58:      0     0     0     0     0     0     0     0     0     0     0     0     0     0     0     0     0     0     0     0     0     1    19   329  5578 14153 16336 21451 24059 15880 15930 14569
ch   59:      0     0     0     0     0     0     0     0     0     0     0     0     0     0     0     0     0     0     0     0     0     0    11   465  6490 31691 15255 25805 29380 23929 15677 32994
ch   60:      0     0     0     0     0     0     0     0     0     0     0     0     0     0     0     0     0     0     0     0     0     0    16   257  3631 16896 18976 22931 16821 27126 22052 16100
ch   61:      0     0     0     0     0     0     0     0     0     0     0     0     0     0     0     0     0     0     0     0     0     1    10   255  5266 11660 23160 25437 28381 16738 20248 22890
ch   62:      0     0     0     0     0     0     0     0     0     0     0     0     0     0     0     0     0     0     0     0     0     0     9   192  4766 12815 15990 21330 15245 21787 25451 14725
ch   63:      0     0     0     0     0     0     0     0     0     0     0     0     0     0     0     0     0     0     0     0     0     0     6   161  3879  7974 22337 21791 17256 20615 18812 24983
ch   64:      0     0     0     0     0     0     0     0     0     0     0     0     0     0     0     0     0     0     0     0     0     0    17   206  4646 29538 20933 10762 21760 19192 14732 12647
ch   65:      0     0     0     0     0     0     0     0     0     0     0     0     0     0     0     0     0     0     0     0     0     0    19   391  3817  5174 17950 26507 16730 30417 16477 35965
ch   66:      0     0     0     0     0     0     0     0     0     0     0     0     0     0     0     0     0     0     0     0     0     0     7   378  4487 25280 27329 23535 21355 16817 13194 15455
ch   67:      0     0     0     0     0     0     0     0     0     0     0     0     0     0     0     0     0     0     0     0     0     0    16   228  4194 10908 20082 19175 18509 24033 23897 22760
ch   68:      0     0     0     0     0     0     0     0     0     0     0     0     0     0     0     0     0     0     0     0     0     1     7   216  4061  8767 17175 18096 23744 16684 14055 18806
ch   69:      0     0     0     0     0     0     0     0     0     0     0     0     0     0     0     0     0     0     0     0     0     1    11   315  3858 16478 11001 28834 26760 17683 22034 31793
ch   70:      0     0     0     0     0     0     0     0     0     0     0     0     0     0     0     0     0     0     0     0     0     0    18   303  5209 27016 26622 19765 16497 19129 21219 13500
ch   71:      0     0     0     0     0     0     0     0     0     0     0     0     0     0     0     0     0     0     0     0     0     0    31   540  7810 14454 22825 24515 22198 25789 19162 23597
ch   72:      0     0     0     0     0     0     0     0     0     0     0     0     0     0     0     0     0     0     0     0     0     0     8   271  5058  8639 23051 24813 22175 23330 22106 16940
ch   73:      0     0     0     0     0     0     0     0     0     0     0     0     0     0     0     0     0     0     0     0     0     0    27   256  6231  7024 22999 20283 25323 15659 23300  8112
ch   74:      0     0     0     0     0     0     0     0     0     0     0     0     0     0     0     0     0     0     0     0     0     0     6   184  3440 23123 17224 21678 20193 28017 20597 19273
ch   75:      0     0     0     0     0     0     0     0     0     0     0     0     0     0     0     0     0     0     0     0     0     1    11   432  8088  7661 20601 17380 22305 26459 19109 28046
ch   76:      0     0     0     0     0     0     0     0     0     0     0     0     0     0     0     0     0     0     0     0     0     1    10   170  4066 23796 20163 17851 19253 24507 16433 12030
ch   77:      0     0     0     0     0     0     0     0     0     0     0     0     0     0     0     0     0     0     0     0     0     0    22   361  5693 31105 17567 14293 19865 19364 21968 24335
ch   78:      0     0     0     0     0     0     0     0     0     0     0     0     0     0     0     0     0     0     0     0     0     0    15   331  7030 34075 12323 21976 18566 27297 19975 23294
ch   79:      0     0     0     0     0     0     0     0     0     0     0     0     0     0     0     0     0     0     0     0     0     0    22   393  6496 32172 15172 22334 18539 25704 14673 36206
ch   80:      0     0     0     0     0     0     0     0     0     0     0     0     0     0     0     0     0     0     0     0     0     0    13   288  5489  9865 19444 16407 23676 22643 20836 18802
ch   81:      0     0     0     0     0     0     0     0     0     0     0     0     0     0     0     0     0     0     0     0     0     0    19   312  7269 21824 17132 16465 19028 17910 22773 35935
ch   82:      0     0     0     0     0     0     0     0     0     0     0     0     0     0     0     0     0     0     0     0     0     1    12   212  3320  3379 19198 18882 16507 18896 16595 18203
ch   83:      0     0     0     0     0     0     0     0     0     0     0     0     0     0     0     0     0     0     0     0     0     0    15   336  5168 33593 18486 12603 25803 21755 18514  9092
ch   84:      0     0     0     0     0     0     0     0     0     0     0     0     0     0     0     0     0     0     0     0     0     0     7   215  4167 30524 17672 21533 19451 17900 21595 26900
ch   85:      0     0     0     0     0     0     0     0     0     0     0     0     0     0     0     0     0     0     0     0     0     0    19   352  5945 20505 18955 26743 19134 17595 18670  9919
ch   86:      0     0     0     0     0     0     0     0     0     0     0     0     0     0     0     0     0     0     0     0     0     0     5   281  6324 27929 21287 13426 20374 14992 22262 28935
ch   87:      0     0     0     0     0     0     0     0     0     0     0     0     0     0     0     0     0     0     0     0     0     1    19   432  7463 24374 18342 20735 18740 16705 24795 26882
ch   88:      0     0     0     0     0     0     0     0     0     0     0     0     0     0     0     0     0     0     0     0     0     0    11   192  3883 35210 21669 21037 21139 21068 23821 29362
ch   89:      0     0     0     0     0     0     0     0     0     0     0     0     0     0     0     0     0     0     0     0     0     0    14   242  4599 23469 15846 15558 20200 13256 18419  7872
ch   90:      0     0     0     0     0     0     0     0     0     0     0     0     0     0     0     0     0     0     0     0     0     1    21   325  4065 30274 13562 19752 18430 16679 18927 30537
ch   91:      0     0     0     0     0     0     0     0     0     0     0     0     0     0     0     0     0     0     0     0     0     0    10   291  4545 25216 20446 19482 12922 16033 18824 35304
ch   92:      0     0     0     0     0     0     0     0     0     0     0     0     0     0     0     0     0     0     0     0     0     0     6   180  4345 12458 25603 18789 22355 15979 21876 26546
ch   93:      0     0     0     0     0     0     0     0     0     0     0     0     0     0     0     0     0     0     0     0     0     0     8   291  5700 30406 22301 15452 18640 21668 19153 12881
ch   94:      0     0     0     0     0     0     0     0     0     0     0     0     0     0     0     0     0     0     0     0     0     0    11   157  4514 16018 21859 18463 20555 17673 15209 35295
ch   95:      0     0     0     0     0     0     0     0     0     0     0     0     0     0     0     0     0     0     0     0     0     0     6   234  4376 31202 22363 24624 16772 19663 24166 12585
ch   96:      0     0     0     0     0     0     0     0     0     0     0     0     0     0     0     0     0     0     0     0     0     0     5   148  1787  7368 29440 23183 18205 27806 24253 31480
ch   97:      0     0     0     0     0     0     0     0     0     0     0     0     0     0     0     0     0     0     0     0     0     0    11   230  5422 26176 13978 18713 25477 17903 23561  1394
ch   98:      0     0     0     0     0     0     0     0     0     0     0     0     0     0     0     0     0     0     0     0     0     1    11   214  3985 27444 17171 18286 25314 21206 17855 24036
ch   99:      0     0     0     0     0     0     0     0     0     0     0     0     0     0     0     0     0     0     0     0     0     1    18   370  6825  8943 19987 18600 15398 25167 17135  3210
ch  100:      0     0     0     0     0     0     0     0     0     0     0     0     0     0     0     0     0     0     0     0     0     0     7   442  3837 23924 24441 25125 20004 21150 21662 33183
ch  101:      0     0     0     0     0     0     0     0     0     0     0     0     0     0     0     0     0     0     0     0     0     0    17   342  4262 32725 19884 24853 19668 20750 25972  6634
ch  102:      0     0     0     0     0     0     0     0     0     0     0     0     0     0     0     0     0     0     0     0     0     0    11   225  2935 32020 28193 18797 21529 25216 21776 34437
ch  103:      0     0     0     0     0     0     0     0     0     0     0     0     0     0     0     0     0     0     0     0     0     0     7   246  3487  6800 22220 21229 23711 23504 16252  2955
ch  104:      0     0     0     0     0     0     0     0     0     0     0     0     0     0     0     0     0     0     0     0     0     0     7   151  4879 19934 16996 23042 18569 26174 23282 31620
ch  105:      0     0     0     0     0     0     0     0     0     0     0     0     0     0     0     0     0     0     0     0     0     1     6   279  6798 12429 17333 19147 20897 21005 21464 11958
ch  106:      0     0     0     0     0     0     0     0     0     0     0     0     0     0     0     0     0     0     0     0     0     0    11   303  3968 17900 16038 18039 21747 26294 24788  4770
ch  107:      0     0     0     0     0     0     0     0     0     0     0     0     0     0     0     0     0     0     0     0     0     1     7   378  4732 30663 22299 24425 19815 18749 20078 24627
ch  108:      0     0     0     0     0     0     0     0     0     0     0     0     0     0     0     0     0     0     0     0     0     0     9   103  3169 31280 31416 20790 21672 23804 18322 35999
ch  109:      0     0     0     0     0     0     0     0     0     0     0     0     0     0     0     0     0     0     0     0     0     0     9   192  4318 35508 21324 18628 19443 21916 19926  2975
ch  110:      0     0     0     0     0     0     0     0     0     0     0     0     0     0     0     0     0     0     0     0     0     0     1   180  2944  9737 22022 14154 21243 20945 20330 24099
ch  111:      0     0     0     0     0     0     0     0     0     0     0     0     0     0     0     0     0     0     0     0     0     0     6   268  4734 33740 20920 19855 21713 19264 25664 26942
ch  112:      0     0     0     0     0     0     0     0     0     0     0     0     0     0     0     0     0     0     0     0     0     0     8   110  3630 13634 21498 20507 20490 21640 22817 35333
ch  113:      0     0     0     0     0     0     0     0     0     0     0     0     0     0     0     0     0     0     0     0     0     0     4   166  4405 34476 18400 21773 17272 25044 20088 25139
ch  114:      0     0     0     0     0     0     0     0     0     0     0     0     0     0     0     0     0     0     0     0     0     0     5   235  5998 12386 21189 25728 23558 21641 23290 34034
ch  115:      0     0     0     0     0     0     0     0     0     0     0     0     0     0     0     0     0     0     0     0     0     0    11   219  5450 32775 19383 21345 19373 17431 20304 10732
ch  116:      0     0     0     0     0     0     0     0     0     0     0     0     0     0     0     0     0     0     0     0     0     0     6   163  2403  8592 21144 18965 24978 20656 17325  3451
ch  117:      0     0     0     0     0     0     0     0     0     0     0     0     0     0     0     0     0     0     0     0     0     0     8   247  3803 30738 21413 18347 26274 24492 19920 30531
ch  118:      0     0     0     0     0     0     0     0     0     0     0     0     0     0     0     0     0     0     0     0     0     0     6   208  4937  4693 17651 24112 17794 17177 26814 11320
ch  119:      0     0     0     0     0     0     0     0     0     0     0     0     0     0     0     0     0     0     0     0     0     0     4   145  4735  8260 19240 20759 21815 23180 20248 18254
ch  120:      0     0     0     0     0     0     0     0     0     0     0     0     0     0     0     0     0     0     0     0     0     0     4   137  3624  9284 25965 21378 19586 23684 16450  2349
ch  121:      0     0     0     0     0     0     0     0     0     0     0     0     0     0     0     0     0     0     0     0     0     1     8   220  3905 23670 17321 26725 16043 20299 16717 14858
ch  122:      0     0     0     0     0     0     0     0     0     0     0     0     0     0     0     0     0     0     0     0     0     0    10   159  3213  9222 23422 10932 16897 24305 20844 32690
ch  123:      0     0     0     0     0     0     0     0     0     0     0     0     0     0     0     0     0     0     0     0     0     0     2   117  4263 31957 21781 18906 17200 23103 20429 17600
ch  124:      0     0     0     0     0     0     0     0     0     0     0     0     0     0     0     0     0     0     0     0     0     1    12   326  4881 20432 18966 10916 19820 24885 17169 28096
ch  125:      0     0     0     0     0     0     0     0     0     0     0     0     0     0     0     0     0     0     0     0     0     0    10   154  3753 20509 24408 18057 21539 16007 22172 10129
ch  126:      0     0     0     0     0     0     0     0     0     0     0     0     0     0     0     0     0     0     0     0     0     1     9   180  3585 36453 20783 18566 17180 23458 21579  9052
ch  127:      0     0     0     0     0     0     0     0     0     0     0     0     0     0     0     0     0     0     0     0     0     0     4   235  3302 25467 19830 13721 25568 18614 15468 17042
