ch    0:      0     0     0     0     0     0     0     0     0     0     0     0     0     0     0     0     0     0     0     0     0     0     0     0     0     7   257  4176 11523  9926 11670  6959
ch    1:      0     0     0     0     0     0     0     0     0     0     0     0     0     0     0     0     0     0     0     0     0     0     0     0     0     2   143  5550 13813  9239 12311   607
ch    2:      0     0     0     0     0     0     0     0     0     0     0     0     0     0     0     0     0     0     0     0     0     0     0     0     0    16   665 11361  7499 11005 11431     0
ch    3:      0     0     0     0     0     0     0     0     0     0     0     0     0     0     0     0     0     0     0     0     0     0     0     0     0     0   368  9408 11762  9881 13464  1170
ch    4:      0     0     0     0     0     0     0     0     0     0     0     0     0     0     0     0     0     0     0     0     0     0     0     6    15    41   371 13921 14065 11220 13346   153
ch    5:      0     0     0     0     0     0     0     0     0     0     0     0     0     0     0     0     0     0     0     0     0     0     0     2     5    15   553 10278 11028  8504  9132  1114
ch    6:      0     0     0     0     0     0     0     0     0     0     0     0     0     0     0     0     0     0     0     0     0     0     0     5    13    40   506 13774  9157  9960  6698   686
ch    7:      0     0     0     0     0     0     0     0     0     0     0     0     0     0     0     0     0     0     0     0     0     0     0     0     2    17   283 10186 15575 14115  8769   874
ch    8:      0     0     0     0     0     0     0     0     0     0     0     0     0     0     0     0     0     0     0     0     0     0     0     3    10    53   606 15060 12079  8682 12346  1009
ch    9:      0     0     0     0     0     0     0     0     0     0     0     0     0     0     0     0     0     0    27    29    40    60    74    87   119   167   514 17086  9023  8785 11482  1847
ch   10:      0     0     0     0     0     0     0     1     2     4     5     6    10    13    21    19    23    35    40    61    70    75    89   120   182   308  1079  9909 10787 11263  9951  1478
ch   11:      0     0     0     0     0     0     0     0     0     0     0     1     4     5     8    12    19    23    26    33    43    64    70    96   132   222   872  4845  6451  9304  8649  1331
ch   12:      0     0     0     0     0     0     0     1     2     3     7     9    11    16    21    23    27    35    44    58    77    92   120   151   237   407  2061 10767 13720  9452 10562  2134
ch   13:      0     0     0     0     0     0     0     0     0     0     0     1     4     4     5    11    18    20    28    36    47    58    83   100   146   259   778  4300 14962  9008  7010  3008
ch   14:      0     0     0     0     0     0     0     1     2     2     5     7     8    11    21    24    30    32    42    62    73    98   119   153   252   453  2128 11115 12150  9308  6231  2043
ch   15:      0     0     0     0     0     0     0     0     0     0     0     0     2     6     8    10    18    20    25    35    48    64    70   106   176   300   801 10281 10697  6747 10599  2880
ch   16:      0     0     0     0     0     0     0     0     1     5     6     7    10    14    21    23    31    34    53    55    74   100   122   163   276   465  1665 10985 13246  8706  9188  2623
ch   17:      0     0     0     0     0     0     0     0     0     0     0     1     2     3    11    11    16    20    26    34    48    61    84    99   155   263   853  4282 11889 11344 11480  4430
ch   18:      0     0     0     0     0     0     0     1     1     2     6     8     8    13    18    21    28    30    43    52    72    92   116   151   258   468  1306  9276 15275  9946  5460  3113
ch   19:      0     0     0     0     0     0     0     0     0     0     1     2     2     3     7    10    18    21    21    34    45    62    78   106   145   284   846  9248  9731 12529 10915  3610
ch   20:      0     0     0     0     0     0     0     1     2     3     5     6     9    15    19    25    31    35    44    62    76    94   122   167   250   491  1569 16811 12064  7044  5647  3700
ch   21:      0     0     0     0     0     0     0     0     0     0     0     1     2     3     8    12    17    20    26    31    50    64    78    98   144   240  1726  8936 10490  7407  9731  4664
ch   22:      0     0     0     0     0     0     0     0     2     3     6     6     9    14    19    24    30    36    42    60    80    96   131   189   272   487  2567  9930 14554 13439 13394  3942
ch   23:      0     0     0     0     0     0     0     0     0     0     1     1     2     4     8    12    16    24    24    38    51    68    77   109   156   299  1513 11289  9182  5417 12145  3784
ch   24:      0     0     0     0     0     0     0     1     2     4     8     9     8    12    19    22    26    35    47    65    77    92   122   158   258   504  3157 13666  6820  7946  9801  3608
ch   25:      0     0     0     0     0     0     0     0     0     0     0     1     2     6     9    13    17    21    23    38    50    65    88   113   167   298  2736  6035 10444  8893 10034  6170
ch   26:      0     0     0     0     0     0     0     0     1     2     3     7    11    15    20    23    25    37    46    62    79    96   121   173   256   461  1731  7853 10788 10377  6219  4325
ch   27:      0     0     0     0     0     0     0     0     0     0     0     1     2     3     7    12    15    21    26    35    53    67    86   104   150   255  2393 15696 10715  9194 11781  4973
ch   28:      0     0     0     0     0     0     0     0     1     3     5     6     8    12    20    22    28    31    41    60    78    93   124   156   267   439  2500  6561 10536  6693 10485  4885
ch   29:      0     0     0     0     0     0     0     0     0     0     0     1     4     6     8    10    18    21    24    38    50    61    79   108   179   287  1811 15203  9727 10791 14454  7418
ch   30:      0     0     0     0     0     0     0     0     1     2     6     6    10    16    18    21    24    35    42    58    82    98   121   186   317   553  3495 15364  8213  6334 14259  5410
ch   31:      0     0     0     0     0     0     0     0     0     0     0     1     2     6     7    13    17    21    27    39    49    72    86   116   180   369  2005 17397 12041 12114  8649  5780
ch   32:      0     0     0     0     0     0     1     1     1     2     6     6    10    15    19    20    26    37    44    56    85   106   135   183   311   808  3867 15092 10637  9212 10810  5041
ch   33:      0     0     0     0     0     0     0     0     0     0     0     1     2     5     7    11    15    19    25    40    53    69    83   125   214   453  2925  6781 14842 12932 12176  8474
ch   34:      0     0     0     0     0     0     0     0     2     4     6     7    10    13    16    23    26    36    50    69    84   101   151   234   421   809  3610  8978 14102  8825  9706  5143
ch   35:      0     0     0     0     0     0     0     0     0     0     0     1     2     6     9    14    18    19    29    35    48    73    84   135   232   519  3901 10290  8980 11544  8038  7575
ch   36:      0     0     0     0     0     0     0     0     0     2     4     7     9    16    17    23    33    41    49    62    84   115   158   244   448   808  3501 13454  8635  8204  9000  5140
ch   37:      0     0     0     0     0     0     0     0     0     0     0     1     2     3     8    13    17    19    26    36    59    78    89   139   214   501  3046  9527 11357 13117  9825  7163
ch   38:      0     0     0     0     0     0     0     0     2     2     3     7     9    14    19    21    32    36    42    58    88   114   166   239   459   770  4953  6283 10194 13944 12735  5739
ch   39:      0     0     0     0     0     0     0     0     0     0     0     0     3     4     9    12    19    25    26    35    47    72    87   149   242   498  3441 12552 14579  9556 12258  8564
ch   40:      0     0     0     0     0     0     0     1     2     3     5     8    11    16    19    17    25    36    54    62    89   105   154   227   441   869  4847  8769  6893 15590 13071  6962
ch   41:      0     0     0     0     0     0     0     0     0     0     0     0     1     6    10    11    16    21    26    36    52    76    93   142   263   559  5535 10970 11587 11907  6929  5028
ch   42:      0     0     0     0     0     0     0     1     1     3     6     7    10    14    18    23    26    34    46    66    82   105   160   248   453   915  5740 11681  7962  8156  7066  7622
ch   43:      0     0     0     0     0     0     0     0     0     0     0     0     4     4    10    11    17    21    30    40    54    70    89   151   259   544  2749  7429  9925 10371 10596 10399
ch   44:      0     0     0     0     0     0     0     0     0     2     5     7     9    13    18    26    27    35    49    62    89   115   165   263   404   908  7264 10077 15648 11673  7095  8398
ch   45:      0     0     0     0     0     0     0     0     0     0     0     2     3     6     8    13    17    22    29    37    54    71    92   139   265   483  3527 11826 11840 13706 10544 11164
ch   46:      0     0     0     0     0     0     0     2     3     3     4     9    11    13    21    24    28    38    46    65    85   105   155   239   475   861  5687 13300 11050 11482  9699  5274
ch   47:      0     0     0     0     0     0     0     0     0     0     1     1     3     5     9    12    18    23    33    41    57    78    92   134   231   512  3969 13636 10051 11598  6675  8952
ch   48:      0     0     0     0     0     0     0     1     1     3     4     7    10    14    15    22    29    37    50    62    86   112   148   255   448   980  5768 11134  5574 12571  9637  8698
ch   49:      0     0     0     0     0     0     0     0     0     0     1     1     3     7     9    14    18    23    26    37    56    71    96   139   265   529  3490 13662 11884  8511  6164 11150
ch   50:      0     0     0     0     0     0     1     1     2     4     6     9    12    14    20    21    26    37    52    74    87   121   169   261   494  1031  5651  9091  5188  7426  7724  7203
ch   51:      0     0     0     0     0     0     0     0     0     0     0     1     4     8     9    13    19    22    25    36    62    71    89   139   285   608  4553 10008 11611  7272  7822  7367
ch   52:      0     0     0     0     0     0     1     1     3     3     6     8    11    13    21    24    31    34    49    73    90   115   158   263   508  1157 10050 10229  8258  6070 10286 12580
ch   53:      0     0     0     0     0     0     0     0     0     0     0     0     2     4     7    12    15    22    26    38    53    75   105   159   288   639  4005  6394  6398  4764  7823 10662
ch   54:      0     0     0     0     0     0     0     0     0     4     6     7     8    12    20    19    26    35    47    65    87   130   177   290   576   971  8999 11024 12611  9507 13167  7496
ch   55:      0     0     0     0     0     0     0     0     0     0     0     1     4     4     9    14    18    21    29    35    66    85   114   179   298   706  7980 15187 12767 10127  7882  5996
ch   56:      0     0     0     0     0     0     0     0     4     4     4     8    11    33    41    45    65    80   115   137   159   218   265   407   640  1242  7841  4929  6961 12891 15402 10274
ch   57:      0     0     0     0     0     0     0     0     3     4     9    14    14    18    19    26    30    48    58    76    97   144   181   247   394   726  4725  9674  8997 12182 12389 12209
ch   58:      0     0     2     6     9    11    12    12    16    17    20    23    25    36    42    58    65    81   103   129   160   208   278   426   693  1366  8185  9922 11269  9815 11568 10268
ch   59:      0     0     0     0     0     0     0     0     3     5     8    10    17    22    27    30    36    45    58    79   118   139   177   263   411   852  7946  6504 14271  9189 14327 10864
ch   60:      0     0     3     6     8     9     9    12    14    19    22    24    25    32    44    57    68    79   107   134   173   214   286   425   679  1748  7181 10199  3160  8191  7469  9699
ch   61:      0     0     0     0     0     0     0     1     2     6     8    13    16    17    22    28    37    45    60    82   112   135   174   244   420   811  5823 15094  8745 11132  4407 11621
ch   62:      0     0     2     4     5     8    10    14    14    17    20    24    28    35    46    51    67    82   102   135   173   218   289   409   726  1288  9510  4531 12993 13393  9453  8158
ch   63:      0     0     0     0     0     0     1     1     5     8    11    13    15    20    25    31    39    46    59    80   113   134   171   250   431   852  7074  8172  5840 10230  7203 12927
ch   64:      1     1     2     6     7    11    12    13    16    18    21    26    26    33    46    54    74    80   102   133   167   215   272   433   706  1482 11161 10910 13606 11348 13753 11920
ch   65:      0     0     0     0     0     0     0     0     4     6     9    13    15    18    26    31    40    48    65    86   105   143   171   250   450   784  7237 12592 11374 12291  7764 13913
ch   66:      0     2     3     7     9    10    11    13    14    17    20    21    28    40    45    56    65    81   107   132   177   218   285   413   707  1310  8858  8079  9053 12079  7043  8610
ch   67:      0     0     0     0     0     0     0     2     3     7    10    11    15    19    22    28    35    48    56    74   108   136   184   271   417   820  6966  8909 13531  7753 11924 10271
ch   68:      0     0     1     4     8    10    11    14    15    18    20    23    31    39    46    54    61    86   111   144   167   205   283   411   730  1421  7207  9541  6706  9978 10786 10987
ch   69:      0     0     0     0     0     0     1     2     4     6    10    14    15    21    25    30    36    43    55    79   105   139   181   251   404   914  6802 11217  8751 10193  7896 12484
ch   70:      0     1     4     6     8     9    10    11    12    20    22    24    26    34    42    55    73    82    97   131   180   208   277   425   711  1342  7598  8364 12652  7824  9089  8551
ch   71:      0     0     0     0     0     0     0     0     1     8     9    11    17    20    25    31    35    49    63    79   103   138   176   250   414   851  6710  5073 11370  7863  9025 16683
ch   72:      0     0     0     3     7    10    10    12    15    19    20    23    27    32    41    54    62    79   100   134   171   198   281   404   651  1375  7362 12998 10205  9854  8550 10283
ch   73:      0     0     0     0     0     0     0     0     4     6     8    11    15    21    21    28    35    51    57    78   104   143   189   247   414   795  5775 14447  7139  9617 10736 11268
ch   74:      0     0     3     6     7     9     9    12    14    17    19    21    27    35    45    49    68    85   100   133   168   192   274   440   702  1413  8972 12525  6821  9493 10390  8705
ch   75:      0     0     0     0     0     0     1     2     3     4     8    10    15    18    25    32    39    45    59    73   109   140   178   249   439   808  6606 10959 12088  6712  9295 10600
ch   76:      0     1     2     5     8     9    11    11    13    18    20    23    29    35    39    49    60    84   101   141   172   211   299   406   693  1312  7985  9710 10250 10253 10825 17506
ch   77:      0     0     0     0     0     0     0     0     2     6     9    14    17    21    25    28    37    49    59    80   110   139   186   272   427   724  6503  6114 10587 11855 13736 10790
ch   78:      1     1     1     2     6     9    10    11    13    19    21    24    28    34    43    47    65    76   100   134   165   197   276   452   690  1224  6677 11663 11974  7965  8305 12474
ch   79:      0     0     0     0     0     0     0     0     4     8    11    12    17    20    25    31    37    49    58    80   109   139   185   270   410   791  6664  7906 10063 11247 10916 16454
ch   80:      0     1     2     5     7    10    10    13    15    18    21    23    27    38    41    50    64    88   104   134   168   208   281   378   621  1239  6641 12289  9268  7637  9757 15117
ch   81:      0     0     0     0     0     0     0     1     2     7     8    13    16    20    26    30    38    46    57    79   105   138   176   250   386   727  5939  7702  6478 11117 10608 10680
ch   82:      0     0     2     5     8     9     9    11    14    18    21    23    23    30    44    50    70    79   103   135   171   209   287   442   682  1354  5433  9026  9514 11646 13429 15212
ch   83:      0     0     0     0     0     0     0     0     3     7     9    12    17    22    26    31    36    45    58    80   100   125   174   258   385   835  4844 11490 14036 13861  9674  8432
ch   84:      0     2     4     6     8     9    10    12    16    17    20    23    29    36    45    53    64    79    96   124   176   209   282   416   714  1481 10008 13048  7421  7113  7157 12193
ch   85:      0     0     0     0     0     0     0     0     3     5     9    11    16    20    26    36    38    47    63    82   112   142   172   235   424   840  5761 16298 10138 14160 10088 11222
ch   86:      0     1     1     5     7     9    10    11    15    17    20    23    29    35    43    50    62    78    94   138   150   211   268   384   661  1211  6503 17376  8177  5401  9371  7687
ch   87:      0     0     0     0     0     0     0     1     3     5    10    14    17    21    26    28    38    43    64    75   106   140   187   256   445   966  6903 11024 14621 10586 12280 13951
ch   88:      0     0     1     3     6     8    10    12    14    16    20    25    32    37    43    55    67    84   110   143   181   217   336   471   754  1457  7834 11711 12601  9438  6166 10404
ch   89:      0     0     0     0     0     0     0     0     1     6     9    11    16    19    23    28    37    44    55    80   104   156   191   273   491   909  7332  9550  8211 15799  4724 11410
ch   90:      0     0     0     3     8     9    12    13    14    17    20    25    27    43    45    61    80   106   134   165   198   261   331   504   814  1699  8941  5765 10267  6321  7750 12329
ch   91:      0     0     0     0     0     0     0     0     3     8     9    14    16    19    25    32    41    49    72    99   136   181   233   324   508   974  7032  6910  9428  8129 12267 10024
ch   92:      0     0     1     6     8     8    10    14    15    17    21    24    32    42    50    63    76   103   135   176   195   276   371   551   916  1600 11394 12442 11078  8892  7803 14013
ch   93:      0     0     0     0     0     0     0     1     3     7    10    11    15    19    27    30    42    59    66    96   131   174   223   323   540   897  7176  7480  8522 13657 10635 13553
ch   94:      0     1     2     4     7     9    11    11    13    17    20    22    26    37    49    64    79    98   123   178   208   267   369   562   880  1670  8537  5406 10161 14642 10760 12070
ch   95:      0     0     0     0     0     0     0     1     4     7    11    15    16    21    27    31    40    51    66   107   145   190   230   339   580  1029 11600 11089  5502  8143 10979 10855
ch   96:      0     0     8     5     8     8    11    12    13    17    19    23    27    42    51    66    82   104   139   178   221   274   372   564   908  1620  7833 12135 10109  9063  8974 10894
ch   97:      0     0     0     0     0     0     1     2     3     7     9    15    19    20    27    32    37    51    76    99   142   176   244   317   564  1137  7804  8097 11687  9827 15671 16966
ch   98:      0     0     2     4     7     9    12    14    16    17    22    26    28    43    55    66    81   102   146   177   215   275   391   587   945  1808 13364 12350 12259  4470 12370 15274
ch   99:      0     0     0     0     0     0     0     0     3     6    10    10    13    19    27    33    42    51    68    98   132   185   246   346   543   983  7281  7727 11409 11395  6247  9774
ch  100:      0     3     4     6     8    11    11    13    15    19    23    25    31    38    57    67    85   108   140   178   223   270   395   568   985  1903 13062 10096 15469  9058 13181  3697
ch  101:      0     0     0     0     0     0     0     0     1     5    10    12    16    20    23    30    45    55    65    98   144   179   213   351   520   968  5845  6424 13928 11137 12252  9085
ch  102:      0     2     2     8     8     9    11    13    13    17    21    24    30    40    54    71    89   111   129   175   237   311   398   575  1021  1780  8826  9333 12792  8511  6313 15662
ch  103:      0     0     0     0     0     0     0     1     3     6    12    13    17    18    24    32    37    53    75   110   147   188   257   343   566  1006 13052 10269 16760 10489  9017 11652
ch  104:      0     1     2     5     7    10    13    13    16    20    24    24    31    43    54    67    85   112   141   191   230   285   403   565   992  1983  8984  8078 15735  9270  9875 16869
ch  105:      0     0     0     0     0     0     0     2     4     5    10    11    17    21    24    32    40    57    72   102   139   186   237   332   586   964  9002 12038  7944  7725 10599 13223
ch  106:      0     0     2     4     7     8     9    12    15    17    20    25    35    44    54    74    80   116   138   176   221   295   372   570   937  1842 11417  9745 11054 10720 12025 15102
ch  107:      0     0     0     0     0     0     0     1     3     7     9    12    15    19    25    35    43    51    72   106   139   191   236   329   530  1089  8258 10122  8132 12035 10896 15056
ch  108:      0     2     5     7     9    11    12    13    14    17    21    29    34    44    54    71    87   116   140   179   232   313   384   582   972  1988 11509 11469  7240 13529  9851 14454
ch  109:      0     0     0     0     0     0     0     0     3     6    10    14    18    21    27    30    40    52    73   103   146   186   233   346   580  1115  9570  8204 10650  8905 12561 17018
ch  110:      0     1     2     6     8     9    10    11    15    17    21    24    30    38    53    65    79   115   144   181   219   293   404   569   957  1752 14528  5614  6437  7762 14210 17161
ch  111:      0     0     0     0     0     0     0     0     2     7     9    14    14    18    23    31    42    58    74   105   141   178   238   350   565  1057 13811 10725  5539 11418 11669 11857
ch  112:      0     1     3     5     6     8    11    14    17    19    21    23    29    41    52    67    87   118   147   175   218   289   385   572   872  1890 13499 12111  9710  8785  7580 19221
ch  113:      0     0     0     0     0     0     0     0     2     6     8    12    15    21    24    33    39    52    71    96   139   181   236   352   552  1138  7810 13162  8875 15102 14004 14532
ch  114:      0     2     2     6     9    10    11    13    19    20    21    25    30    41    57    71    86   110   143   187   229   289   400   592  1015  1906 12114  7085 10413  8611 13882 14968
ch  115:      0     0     0     0     0     0     1     2     4     6     9    12    15    19    23    34    42    53    72    99   146   180   234   326   572  1234 10766  9495 14274 13514  9518 10594
ch  116:      0     2     4     6     7    10    11    14    17    19    22    27    32    41    52    71    83   110   137   173   241   299   409   580   985  1989 10935 10093  8801  7468 11759 16460
ch  117:      0     0     0     0     0     0     0     0     1     6     8    10    13    21    28    31    40    56    67   101   144   180   234   342   572  1035 14161  7875  7028 10354 12722 12637
ch  118:      0     1     3     6     8    10    11    13    15    17    20    29    34    45    58    68    82   104   150   188   229   286   408   584   938  2019 11037  7387 13556  9243 14034 12697
ch  119:      0     0     0     0     0     0     0     0     3     6    11    11    16    17    25    35    46    52    72   106   133   172   225   342   581  1066  8989  8999 15463  9734 11186  9759
ch  120:      0     1     4     6     8     9    11    14    15    15    22    24    34    43    52    65    82   108   143   174   206   293   403   594   952  2009 16959  5413 11630  9513  9814 12879
ch  121:      0     0     0     0     0     0     0     0     5     7    10    11    12    17    23    31    41    50    74    99   136   184   221   346   594  1090 18071  6480  7846 12082 10313 10385
ch  122:      0     2     5     7     9    11    11    12    16    19    21    26    33    38    52    72    90   110   152   192   218   276   425   601  1004  2043 13039 14543 13156  9504 14314  8407
ch  123:      0     0     0     0     0     0     0     0     2    10     9    10    16    17    25    32    43    47    67    95   137   181   236   310   587  1223 10982 14051  8136 10871  9000 15028
ch  124:      5     9    10    12    13    14    15    18    23    29    31    40    52    63    83   104   132   158   199   246   312   401   562   874  1313  3837  6413 10772 15469 10971  7457 10756
ch  125:      0     0     0     0     0     0     0     1     2     5     8    12    15    22    23    34    49    57    80   112   147   179   262   383   641  1130  4299  5644  6299  8705 15094  7510
ch  126:      6     7    11    12    15    16    19    25    25    28    33    48    64    88    95   109   140   176   206   269   327   463   658   960  1583  3485  7443  9369 10669  6297  6342  1223
ch  127:      0     0     0     0     0     2     5     8    10    13    17    20    26    35    41    48    65    88   114   155   190   233   348   542   953  2743 11176 13382 10766 12034  6697 11443
