ch    0:      0     0     0     0     0     0     0     0     0     0     0     0     0     0     0     0     0     0     0     0     0     0    37   275  2610 15957 10071  8654 10619 11680  8635  8150
ch    1:      0     0     0     0     0     0     0     0     0     0     0     0     0     0     0     0     0     0     0     0     0     3    22   376  2119 13592  9419 11318  3891 11936  4171 13933
ch    2:      0     0     0     0     0     0     0     0     0     0     0     0     0     0     0     0     0     0     0     0     1     8   106  1047  6331 13220 14117  9355 11651 16222  9792 13393
ch    3:      0     0     0     0     0     0     0     0     0     0     0     0     0     0     0     0     0     0     0     0     0     7   131  1032  6150  9913  4893 11407 11759  7176  8212 11410
ch    4:      0     0     0     0     0     0     0     0     0     0     0     0     0     0     0     0     0     0     0     0     0    12    50   781  5627 11126  6678  9977 11975 12786 10172 10968
ch    5:      0     0     0     0     0     0     0     0     0     0     0     0     0     0     0     0     0     0     0     0     1     8   103  1104  6210  8273 11694 14896  8135  5818 14800  8621
ch    6:      0     0     0     0     0     0     0     0     0     0     0     0     0     0     0     0     0     0     0     0     0     2    41   975  8002 11636  8468 10829  9017 12016 10846 11410
ch    7:      0     0     0     0     0     0     0     0     0     0     0     0     0     0     0     0     0     0     0     0     0    14   114  1195 13355  8713 10078 10533  8900 13162  9738 14589
ch    8:      0     0     0     0     0     0     0     0     0     0     0     0     0     0     0     0     0     0     0     0     2    15   170  1271  7208 10150 11839  9415 13078 13111 10641  9014
ch    9:      0     0     0     0     0     0     0     0     0     0     0     0     0     0     0     0     0     0     0     0     6    22   188  1875 13142 11799  4723  9355  4233  5604 10869 12819
ch   10:      0     0     0     0     0     0     0     0     0     0     0     0     0     0     0     0     0     0     0     0     2    14   217  2021  9582  5864  5867  7968 14028 12782 11385 12090
ch   11:      0     0     0     0     0     0     0     0     0     0     0     0     0     0     0     0     0     0     0     0     3    23   272  2765 14269  8425  7575 10436 12943  7451 11001  6752
ch   12:      0     0     0     0     0     0     0     0     0     0     0     0     0     0     0     0     0     0     0     0     2    14   135   923 12436  8176  8126 11718 10203 12553 13247  7585
ch   13:      0     0     0     0     0     0     0     0     0     0     0     0     0     0     0     0     0     0     0     0     1    21   226  1440 14210 11482  9382 13915  6946 15101  6858  5493
ch   14:      0     0     0     0     0     0     0     0     0     0     0     0     0     0     0     0     0     0     0     0     3    19   228  1948 11590  9156 11990  9263 12009  8416  9014  9615
ch   15:      0     0     0     0     0     0     0     0     0     0     0     0     0     0     0     0     0     0     0     0     1    22   263  2379 15712  6494 15716  5903 11727  8454  8811  9279
ch   16:      0     0     0     0     0     0     0     0     0     0     0     0     0     0     0     0     0     0     0     0     3    14   186  1789 12503 10918 12621  7692  8461 12989 15070  4908
ch   17:      0     0     0     0     0     0     0     0     0     0     0     0     0     0     0     0     0     0     0     0     0     0     1    22   344  6008  6348  8820  9343  7387 12630  9974
ch   18:      0     0     0     0     0     0     0     0     0     0     0     0     0     0     0     0     0     0     0     0     0     0     2    33   363  7123  9061  6289 10300 10394 14676  7766
ch   19:      0     0     0     0     0     0     0     0     0     0     0     0     0     0     0     0     0     0     0     0     0     0     0    23   443  8085  9092  8867  9086 13385 15322 11121
ch   20:      0     0     0     0     0     0     0     0     0     0     0     0     0     0     0     0     0     0     0     0     0     0     6    35   457  5844 12775  9138  6214 10049 14164 10892
ch   21:      0     0     0     0     0     0     0     0     0     0     0     0     0     0     0     0     0     0     0     0     0     0     0    29   385  6528 11286 15790  7315  8223 12104  6473
ch   22:      0     0     0     0     0     0     0     0     0     0     0     0     0     0     0     0     0     0     0     0     0     0     1    30   386  4385 13303  8013  6342 10808  5445 10968
ch   23:      0     0     0     0     0     0     0     0     0     0     0     0     0     0     0     0     0     0     0     0     0     0     2    41   453  8406 16534 12483  6800  9529  6867 12470
ch   24:      0     0     0     0     0     0     0     0     0     0     0     0     0     0     0     0     0     0     0     0     0     0     2    15   333  5320  8730  6639 10877  7547 12691 11968
ch   25:      0     0     0     0     0     0     0     0     0     0     0     0     0     0     0     0     0     0     0     0     0     0     0    19   583  8021 12776 10759 15583  8710 13676  9415
ch   26:      0     0     0     0     0     0     0     0     0     0     0     0     0     0     0     0     0     0     0     0     0     0     0    14   405  7041 13868  7155  7865  5465 14828 14964
ch   27:      0     0     0     0     0     0     0     0     0     0     0     0     0     0     0     0     0     0     0     0     0     0     0    33   658  6344 11872 11854  6493 12370 12720 14323
ch   28:      0     0     0     0     0     0     0     0     0     0     0     0     0     0     0     0     0     0     0     0     0     0     1    12   456  5453  7589 13573 10443  9607  8518  6505
ch   29:      0     0     0     0     0     0     0     0     0     0     0     0     0     0     0     0     0     0     0     0     0     0     1    25   499  7489 17373 12169  7218 11195  8496  8767
ch   30:      0     0     0     0     0     0     0     0     0     0     0     0     0     0     0     0     0     0     0     0     0     0     0    18   306  6122  9024  8208  9503 11401 10447  6740
ch   31:      0     0     0     0     0     0     0     0     0     0     0     0     0     0     0     0     0     0     0     0     0     0     2    45   691 10898  7237  7086  9621 14770 12090  9440
ch   32:      0     0     0     0     0     0     0     0     0     0     0     0     0     0     0     0     0     0     0     0     0     0     0    37   322  4649 15028 16820 11217 11096  6303  2679
ch   33:      0     0     0     0     0     0     0     0     0     0     0     0     0     0     0     0     0     0     0     0     0     0     1    31   355  7381  7166 15419  4846 10629 11251  9444
ch   34:      0     0     0     0     0     0     0     0     0     0     0     0     0     0     0     0     0     0     0     0     0     0     1    19   338  7761 10398  8847  6760  8129 11389  3833
ch   35:      0     0     0     0     0     0     0     0     0     0     0     0     0     0     0     0     0     0     0     0     0     0     3    43   529 10042 12204 13273 12193 14170 10928  7542
ch   36:      0     0     0     0     0     0     0     0     0     0     0     0     0     0     0     0     0     0     0     0     0     0     1    28   474  9426 12297  7258 11233 14017 10682 12198
ch   37:      0     0     0     0     0     0     0     0     0     0     0     0     0     0     0     0     0     0     0     0     0     0     3    27   577 10993  8364  7001  9875 10586 15438 11086
ch   38:      0     0     0     0     0     0     0     0     0     0     0     0     0     0     0     0     0     0     0     0     0     0     0    26   438  8058  7658 12212  9733  9156  8732 12731
ch   39:      0     0     0     0     0     0     0     0     0     0     0     0     0     0     0     0     0     0     0     0     0     0     1    46   925 12099 14710  7286 13969 10720 14565  7219
ch   40:      0     0     0     0     0     0     0     0     0     0     0     0     0     0     0     0     0     0     0     0     0     0     0    27   718  8649 10154 10298  9776 12495 13705 14573
ch   41:      0     0     0     0     0     0     0     0     0     0     0     0     0     0     0     0     0     0     0     0     0     0     1    33   625 12973 15249  8739 12607  6691  9078 10010
ch   42:      0     0     0     0     0     0     0     0     0     0     0     0     0     0     0     0     0     0     0     0     0     0     0    25   472 12001  6004 13148 12975 10410  8207 10917
ch   43:      0     0     0     0     0     0     0     0     0     0     0     0     0     0     0     0     0     0     0     0     0     0     0    17   895  9760 16613 14570  8517  7274  6488  7946
ch   44:      0     0     0     0     0     0     0     0     0     0     0     0     0     0     0     0     0     0     0     0     0     0     0    24   527  9726 16997  9191 11731 15278 13613 16274
ch   45:      0     0     0     0     0     0     0     0     0     0     0     0     0     0     0     0     0     0     0     0     0     0     1    21   666 12659  7805 10614 12479  9069  9633 10247
ch   46:      0     0     0     0     0     0     0     0     0     0     0     0     0     0     0     0     0     0     0     0     0     0     0    29   436 10497  7412 13229  8673  9813  7871 13749
ch   47:      0     0     0     0     0     0     0     0     0     0     0     0     0     0     0     0     0     0     0     0     0     0     2    29   657 15870  9557  7780  9692 10606  9365  7759
ch   48:      0     0     0     0     0     0     0     0     0     0     0     0     0     0     0     0     0     0     0     0     0     0     0    25   501 10816  6477 11652 10362 12918  9193 10732
ch   49:      0     0     0     0     0     0     0     0     0     0     0     0     0     0     0     0     0     0     0     0     0     0     0    32   910  9606  7441 10574 12536  9975  8313  3760
ch   50:      0     0     0     0     0     0     0     0     0     0     0     0     0     0     0     0     0     0     0     0     0     0     0    20   564 14472 14942 12482  6534 11159 10170 12947
ch   51:      0     0     0     0     0     0     0     0     0     0     0     0     0     0     0     0     0     0     0     0     0     0     0    37   773  4129 11037 12779 14446  9036  6886 14202
ch   52:      0     0     0     0     0     0     0     0     0     0     0     0     0     0     0     0     0     0     0     0     0     0     0    26   419  7045 18237  9050 12259  7422  5706 11037
ch   53:      0     0     0     0     0     0     0     0     0     0     0     0     0     0     0     0     0     0     0     0     0     0     1    29   785 11814  7797 10314  9728  8064 11671 12561
ch   54:      0     0     0     0     0     0     0     0     0     0     0     0     0     0     0     0     0     0     0     0     0     0     0    29   766 15903 11405 11272  8643 10228  8428  9494
ch   55:      0     0     0     0     0     0     0     0     0     0     0     0     0     0     0     0     0     0     0     0     0     0     2    35   961 15022 12139 10223 11727  8250  8412  8472
ch   56:      0     0     0     0     0     0     0     0     0     0     0     0     0     0     0     0     0     0     0     0     0     0     1    35   623 11113 15873 11462  9897  6831 13862 12172
ch   57:      0     0     0     0     0     0     0     0     0     0     0     0     0     0     0     0     0     0     0     0     0     0     0    52  1132 17982 10264 15063 13431  7200 13229 10922
ch   58:      0     0     0     0     0     0     0     0     0     0     0     0     0     0     0     0     0     0     0     0     0     0     1    18   548 13642  7829 12016  5903  8947  7102 10776
ch   59:      0     0     0     0     0     0     0     0     0     0     0     0     0     0     0     0     0     0     0     0     0     0     3    48  1201  6263  5560  5602 11624 15343 12220  7195
ch   60:      0     0     0     0     0     0     0     0     0     0     0     0     0     0     0     0     0     0     0     0     0     0     1    44   778 17243 10590 10856  6275 14318 11855  6772
ch   61:      0     0     0     0     0     0     0     0     0     0     0     0     0     0     0     0     0     0     0     0     0     0     0    46  1088 17701 14316  8503  7223  5696 10368 15571
ch   62:      0     0     0     0     0     0     0     0     0     0     0     0     0     0     0     0     0     0     0     0     0     0     2    41   767 13684 13516 12078 10061 11736 11381  6529
ch   63:      0     0     0     0     0     0     0     0     0     0     0     0     0     0     0     0     0     0     0     0     0     0     4    93  1400  8596 13901 13346 10814  7503  4645 12946
ch   64:      0     0     0     0     0     0     0     0     0     0     0     0     0     0     0     0     0     0     0     0     0     0     3    54   629 16477  9504 11429 12505  6645  8976  6909
ch   65:      0     0     0     0     0     0     0     0     0     0     0     0     0     0     0     0     0     0     0     0     0     0     1    50  1090 12688  6682 11200  9752 10435  8764 13122
ch   66:      0     0     0     0     0     0     0     0     0     0     0     0     0     0     0     0     0     0     0     0     0     0     0    26   771 16874  9188  8273  4676  6782 12680  6964
ch   67:      0     0     0     0     0     0     0     0     0     0     0     0     0     0     0     0     0     0     0     0     0     0     3    60  1372  8832  9802 10538 10590  8259 14471  9181
ch   68:      0     0     0     0     0     0     0     0     0     0     0     0     0     0     0     0     0     0     0     0     0     0     0    39  1051 15775 11828 11123 11446 13099  6494 15664
ch   69:      0     0     0     0     0     0     0     0     0     0     0     0     0     0     0     0     0     0     0     0     0     0     3    84  1071  6290  9519  9898 11389 14408 14041 13465
ch   70:      0     0     0     0     0     0     0     0     0     0     0     0     0     0     0     0     0     0     0     0     0     0     0    29   943 17935 13519  7947  6352 13492 12123  3933
ch   71:      0     0     0     0     0     0     0     0     0     0     0     0     0     0     0     0     0     0     0     0     0     0     1    83  1701 12847  5759  9795 10645  9521 11088 11208
ch   72:      0     0     0     0     0     0     0     0     0     0     0     0     0     0     0     0     0     0     0     0     0     0     1    42   784 11419 10816  7236  5534  9009 12226  5429
ch   73:      0     0     0     0     0     0     0     0     0     0     0     0     0     0     0     0     0     0     0     0     0     0     3    81  2446 10417 11346 10933  7965 12984 15640  8710
ch   74:      0     0     0     0     0     0     0     0     0     0     0     0     0     0     0     0     0     0     0     0     0     0     1    41   630  5069  9222 14103  9333  9487  2620  8370
ch   75:      0     0     0     0     0     0     0     0     0     0     0     0     0     0     0     0     0     0     0     0     0     0     1    66  1508 12272 11817 12187 11596 11460  7152  8697
ch   76:      0     0     0     0     0     0     0     0     0     0     0     0     0     0     0     0     0     0     0     0     0     0     1    52  1320  4223 10675  8065  8864 10881 10200  2618
ch   77:      0     0     0     0     0     0     0     0     0     0     0     0     0     0     0     0     0     0     0     0     0     0     7   116  2211 14728 12218  9869  9198  7532 11472 16300
ch   78:      0     0     0     0     0     0     0     0     0     0     0     0     0     0     0     0     0     0     0     0     0     0     6    75   979  4424 10886  8871  9346  8833  6265 14461
ch   79:      0     0     0     0     0     0     0     0     0     0     0     0     0     0     0     0     0     0     0     0     0     0     2    94  1321 14090  6182 11484 10658  7567 12191 11629
ch   80:      0     0     0     0     0     0     0     0     0     0     0     0     0     0     0     0     0     0     0     0     0     0     2    50  1268  2205 10842 12496 10963 13706  4790 11867
ch   81:      0     0     0     0     0     0     0     0     0     0     0     0     0     0     0     0     0     0     0     0     0     0     4    51  2097 10380 12868  9987 11024  9195  7391  6250
ch   82:      0     0     0     0     0     0     0     0     0     0     0     0     0     0     0     0     0     0     0     0     0     0     1    70  1742  4536 12198  5533  6694 11615 10548 10267
ch   83:      0     0     0     0     0     0     0     0     0     0     0     0     0     0     0     0     0     0     0     0     0     1     6   156  1790 15862  8615  5445  7691 10693 11502 13270
ch   84:      0     0     0     0     0     0     0     0     0     0     0     0     0     0     0     0     0     0     0     0     0     0     2    55  1660  2278  6519 14960 11909 10583 11697  8651
ch   85:      0     0     0     0     0     0     0     0     0     0     0     0     0     0     0     0     0     0     0     0     0     1     8   118  1429  6260  9187  6322 12323 14897 11860  9253
ch   86:      0     0     0     0     0     0     0     0     0     0     0     0     0     0     0     0     0     0     0     0     0     0     3    52  1357  7144 10694 11384  8072  9253 10655 14941
ch   87:      0     0     0     0     0     0     0     0     0     0     0     0     0     0     0     0     0     0     0     0     0     0     3   128  2993 12851 11143  5870 12881  9265 11826  9865
ch   88:      0     0     0     0     0     0     0     0     0     0     0     0     0     0     0     0     0     0     0     0     0     0     3    51  2255  8836  5519 15406 11597 11614  8672 11639
ch   89:      0     0     0     0     0     0     0     0     0     0     0     0     0     0     0     0     0     0     0     0     0     1     5    99  2757  9477 10191  6772  7403 12085 11713 10159
ch   90:      0     0     0     0     0     0     0     0     0     0     0     0     0     0     0     0     0     0     0     0     0     0     4    50  2120 13827 10922  9780 14177 13270  8087  5769
ch   91:      0     0     0     0     0     0     0     0     0     0     0     0     0     0     0     0     0     0     0     0     0     0     0   109  2235 13956 13842 17836 13680 10993 12096  7319
ch   92:      0     0     0     0     0     0     0     0     0     0     0     0     0     0     0     0     0     0     0     0     0     0     2    80  1733  3098 14975 13398 12865  4842  6714 10053
ch   93:      0     0     0     0     0     0     0     0     0     0     0     0     0     0     0     0     0     0     0     0     0     0     6    88  2198 10677  7421 12623 10955 10023 11808 10748
ch   94:      0     0     0     0     0     0     0     0     0     0     0     0     0     0     0     0     0     0     0     0     0     0     3    71  1224 10663  8552 14917  9602  9035 10974  7530
ch   95:      0     0     0     0     0     0     0     0     0     0     0     0     0     0     0     0     0     0     0     0     0     0     9   127  2726 10408  5217  8458 10534  8395 11057 13407
ch   96:      0     0     0     0     0     0     0     0     0     0     0     0     0     0     0     0     0     0     0     0     0     0     6    70  1669 11968 10643 10635  9964 13119 13875 10991
ch   97:      0     0     0     0     0     0     0     0     0     0     0     0     0     0     0     0     0     0     0     0     0     0     9   176  2362  5784 11132  9895  9281 10355  7462 10062
ch   98:      0     0     0     0     0     0     0     0     0     0     0     0     0     0     0     0     0     0     0     0     0     0     1    66  2286 12327 13044  8430  9618  7997  9779 11373
ch   99:      0     0     0     0     0     0     0     0     0     0     0     0     0     0     0     0     0     0     0     0     0     0     4   185  3500  4166 11551 12047 10144  9617  8492  9425
ch  100:      0     0     0     0     0     0     0     0     0     0     0     0     0     0     0     0     0     0     0     0     0     0     0    82  1826 15325  7137  8606 10257 12575  9623  8268
ch  101:      0     0     0     0     0     0     0     0     0     0     0     0     0     0     0     0     0     0     0     0     0     0    10   132  2230 13062  7630 12537 10480  9528  7001 14193
ch  102:      0     0     0     0     0     0     0     0     0     0     0     0     0     0     0     0     0     0     0     0     0     0     0    40  2464  3786 12381  8757 12863  6229  6274 13101
ch  103:      0     0     0     0     0     0     0     0     0     0     0     0     0     0     0     0     0     0     0     0     0     2    10   160  2091  9695 10655  9226 13888  9397 13317  4388
ch  104:      0     0     0     0     0     0     0     0     0     0     0     0     0     0     0     0     0     0     0     0     0     0     2    79  2184  8281 12144  6520 10453 12510 11313 11615
ch  105:      0     0     0     0     0     0     0     0     0     0     0     0     0     0     0     0     0     0     0     0     0     0     7   153  3310 12773 14113 10439  8320 13619  8466 10178
ch  106:      0     0     0     0     0     0     0     0     0     0     0     0     0     0     0     0     0     0     0     0     0     0     2   119  1570  1377 12344 15465 10577  9223 11632  9472
ch  107:      0     0     0     0     0     0     0     0     0     0     0     0     0     0     0     0     0     0     0     0     0     1    11   196  4558 11313 13474  6780 14778 12984 11748 12828
ch  108:      0     0     0     0     0     0     0     0     0     0     0     0     0     0     0     0     0     0     0     0     0     0     7    82  2164 14120  7429 13149 10428  8516 10700 12898
ch  109:      0     0     0     0     0     0     0     0     0     0     0     0     0     0     0     0     0     0     0     0     0     1     4    91  2557  5719  9130  8547 12067  6713 11578 12517
ch  110:      0     0     0     0     0     0     0     0     0     0     0     0     0     0     0     0     0     0     0     0     0     0     2    72  2059  6878 10091  9814  7689  9104 10175 10940
ch  111:      0     0     0     0     0     0     0     0     0     0     0     0     0     0     0     0     0     0     0     0     0     1    12   214  5251 12207 10707 11594 10360  9430  5754 11462
ch  112:      0     0     0     0     0     0     0     0     0     0     0     0     0     0     0     0     0     0     0     0     0     0     3   111  1345 12706  9425 12196  8784 12335 11178 10277
ch  113:      0     0     0     0     0     0     0     0     0     0     0     0     0     0     0     0     0     0     0     0     0     0     7   211  3258 11129 10175 10164 11409  8397 12537 12480
ch  114:      0     0     0     0     0     0     0     0     0     0     0     0     0     0     0     0     0     0     0     0     0     0     3   126  1671 11417 11809  7973 14432 14409 11644  8641
ch  115:      0     0     0     0     0     0     0     0     0     0     0     0     0     0     0     0     0     0     0     0     0     0     8   195  2968 13565  6874  8864 11663 10092 12308  7827
ch  116:      0     0     0     0     0     0     0     0     0     0     0     0     0     0     0     0     0     0     0     0     0     0     2   104  1808 10256 12887  6854  7859 10203  6580 13379
ch  117:      0     0     0     0     0     0     0     0     0     0     0     0     0     0     0     0     0     0     0     0     0     0     6   224  3620  5346 10263 11340 11830 11430  7093  5894
ch  118:      0     0     0     0     0     0     0     0     0     0     0     0     0     0     0     0     0     0     0     0     0     1     3   118  2569 13758  9699 12618 11616 11154 12876  9818
ch  119:      0     0     0     0     0     0     0     0     0     0     0     0     0     0     0     0     0     0     0     0     0     1    16   276  5011  8419 13049  6719 12572 13858  9584  9447
ch  120:      0     0     0     0     0     0     0     0     0     0     0     0     0     0     0     0     0     0     0     0     0     0     4   171  3124  3327  8311  6331 11084 13899 10571  9857
ch  121:      0     0     0     0     0     0     0     0     0     0     0     0     0     0     0     0     0     0     0     0     0     1     6   242  3411 13143  8899 13388  6242  7141  7994  7915
ch  122:      0     0     0     0     0     0     0     0     0     0     0     0     0     0     0     0     0     0     0     0     0     0     5   177  2758  6991 12839  9665 11018  8881  9911  5707
ch  123:      0     0     0     0     0     0     0     0     0     0     0     0     0     0     0     0     0     0     0     0     0     1    10   243  4052  4326 11227  8581 10737  7847  6458  9213
ch  124:      0     0     0     0     0     0     0     0     0     0     0     0     0     0     0     0     0     0     0     0     0     0     2   157  4027  3482  7964 11432 10168  3773  3572  5814
ch  125:      0     0     0     0     0     0     0     0     0     0     0     0     0     0     0     0     0     0     0     0     0     2    32   491  6660  4508 13599 11713 11121  3673 13426 11810
ch  126:      0     0     0     0     0     0     0     0     0     0     0     0     0     0     0     0     0     0     0     0     0     1     9   182  3025  5264 15045 10869 11492  9699 14178 11896
ch  127:      0     0     0     0     0     0     0     0     0     0     0     0     0     0     0     0     0     0     0     0     0     2    67   881 16891  5954 12339 12051 10805  8695 13174 15973
