ch    0:      0     0     0     0     0     0     0     0     0     0     0     0     0     0     0     0     0     0     0     0     1     2     6    24    97   566  4349 16886 11157 13145 12515  2970
ch    1:      0     0     0     0     0     0     0     0     0     0     0     0     0     0     0     0     0     0     0     0     0     0     1     3    24   253  5421 11622 11208 15028  8626  5649
ch    2:      0     0     0     0     0     0     0     0     0     0     0     0     0     0     0     0     0     0     0     0     0     0     1    10    92  1223  5295  9738  9210  5516 10696 15388
ch    3:      0     0     0     0     0     0     0     0     0     0     0     0     0     0     0     0     0     0     0     0     0     0     0     1    35   572 12123 12290 10898 13163 12106 10731
ch    4:      0     0     0     0     0     0     0     0     0     0     0     0     0     0     0     0     0     0     0     0     0     0     0    17   219  1169 12357 12657 12601 11500  9558 12909
ch    5:      0     0     0     0     0     0     0     0     0     0     0     0     0     0     0     0     0     0     0     0     0     1     3     6    60   907 11932  8936  9961  8463 10559 14987
ch    6:      0     0     0     0     0     0     0     0     0     0     0     0     0     0     0     0     0     0     0     0     0     0     4    56   235  2146 17262  6591  5728  9469  7718 11651
ch    7:      0     0     0     0     0     0     0     0     0     0     0     0     0     0     0     0     0     0     0     0     0     1     1    10   117  2399 11415  5604  9598 14102 12867  7767
ch    8:      0     0     0     0     0     0     0     0     0     0     0     0     0     0     0     0     0     0     0     0     0     1     2    33   330  2163 12868  9851 13918  6715 11431  7066
ch    9:      0     0     0     0     0     0     0     0     0     0     0     0     0     0     0     0     0     0     0     0     0     1     1     9   221  2083  5340 11120 10890 10289 12132 14942
ch   10:      0     0     0     0     0     0     0     0     0     0     0     0     0     0     0     0     0     0     0     0     0     1     2    31   445  2735  5620  6889  8743 12790  4793 11663
ch   11:      0     0     0     0     0     0     0     0     0     0     0     0     0     0     0     0     0     0     0     0     0     1     2    24   336  3024  5467 11296 10321  7473 11543  7890
ch   12:      0     0     0     0     0     0     0     0     0     0     0     0     0     0     0     0     0     0     0     0     0     4     7    71   717  4671  7859 11446 11595  7009 11156 11043
ch   13:      0     0     0     0     0     0     0     0     0     0     0     0     0     0     0     0     0     0     0     0     0     0     2    26   232  2115  9500 10205 13813  8844  5545  6572
ch   14:      0     0     0     0     0     0     0     0     0     0     0     0     0     0     0     0     0     0     0     0     0     1     3    67   582  4388  8855  7815 13697 12845 13269  8979
ch   15:      0     0     0     0     0     0     0     0     0     0     0     0     0     0     0     0     0     0     0     0     3    42   264  2844 12347  7072 13825 14525 10452 11135  8061  5373
ch   16:      0     0     0     0     0     0     0     0     0     0     0     0     0     0     0     0     0     0     0     0     1     2     3    38  1064  5405 13397 10827  9237 16078  6716  6931
ch   17:      0     0     0     0     0     0     0     0     0     0     0     0     0     0     0     0     0     0     0     0     0     0     2    34   384  4900  9875  4939 10719  5008  5936 12251
ch   18:      0     0     0     0     0     0     0     0     0     0     0     0     0     0     0     0     0     0     0     0     1     3    20   171  1331  6015  4746 11418 13887  8774 10675 13608
ch   19:      0     0     0     0     0     0     0     0     0     0     0     0     0     0     0     0     0     0     0     0     1     1     5    44   478  4262  1925  7905 11872 12007  9793 10510
ch   20:      0     0     0     0     0     0     0     0     0     0     0     0     0     0     0     0     0     0     0     1    38   246  1195  6442 11923 13530  9277  9075  8707 11405 11457 13449
ch   21:      0     0     0     0     0     0     0     0     0     0     0     0     0     0     0     0     0     0     0     0     0     0     3    62   762  4913 11714  9961  8909 12698  8107 11263
ch   22:      0     0     0     0     0     0     0     0     0     0     0     0     0     0     0     0     0     0     0     0     1     1    13   133  1335  6861 12877 13767 12098 11998 10831 11932
ch   23:      0     0     0     0     0     0     0     0     0     0     0     0     0     0     0     0     0     0     0     0     0     1     6    63   785  6229 10013  8278  9520 12246  9017  9519
ch   24:      0     0     0     0     0     0     0     0     0     0     0     0     0     0     0     0     0     0     0     0     1     3    21    74   952  6793 12080 10728 11269 12436  9185  9110
ch   25:      0     0     0     0     0     0     0     0     0     0     0     0     0     0     0     0     0     0     0     0     0     1     9    97   718  8215  8396  9568 12758 15184 12457 17577
ch   26:      0     0     0     0     0     0     0     0     0     0     0     0     0     0     0     0     0     0     0     0     1     2    16   151  1095  7266  7402 12908 15043 10931  8533  9750
ch   27:      0     0     0     0     0     0     0     0     0     0     0     0     0     0     0     0     0     0     0     0     0     1     8    87   851  7488 10612 12598  8937  7223 12136  7501
ch   28:      0     0     0     0     0     0     0     0     0     0     0     0     0     0     0     0     0     0     0     0     0     1    16   134  1298 11367 12455  6790 10944 12316 13479 10017
ch   29:      0     0     0     0     0     0     0     0     0     0     0     0     0     0     0     0     0     0     0     0     0     0    11   179  1201 13189  9748 13265  8840  9426  4409  7011
ch   30:      0     0     0     0     0     0     0     0     0     0     0     0     0     0     0     0     0     0     0     0     0     1     8   179  1193  9023 11458 11837  7282 10357 10885 10334
ch   31:      0     0     0     0     0     0     0     0     0     0     0     0     0     0     0     0     0     0     0     0     0     1    14   162  1328 10798 13416 12576  6141 12118 10511  6706
ch   32:      0     0     0     0     0     0     0     0     0     0     0     0     0     0     0     0     0     0     0     0     0     0     0     0     0     0     0    25  5539  9795  8301  6441
ch   33:      0     0     0     0     0     0     0     0     0     0     0     0     0     0     0     0     0     0     0     0     1     1    14   149   991  7429  9199 14121  4557  5291 10668  7160
ch   34:      0     0     0     0     0     0     0     0     0     0     0     0     0     0     0     0     0     0     0     0     0     3    14   176  1200 12816  9076  6192 10415  6501 10761  5940
ch   35:      0     0     0     0     0     0     0     0     0     0     0     0     0     0     0     0     0     0     0     0     0     2    22   213  1598 15543 10511  8678  9534 11488 13958 12881
ch   36:      0     0     0     0     0     0     0     0     0     0     0     0     0     0     0     0     0     0     0     0     1     5    29   195  1537 12798 13727 13532 12069  6179  6817 13505
ch   37:      0     0     0     0     0     0     0     0     0     0     0     0     0     0     0     0     0     0     0     0     0     2    11   174  1351 18108  8178  9652  5946 10281  8807  5987
ch   38:      0     0     0     0     0     0     0     0     0     0     0     0     0     0     0     0     0     0     0     0     0     0     8   235  6498 12121 12488 14650 11550  7741 11598  7914
ch   39:      0     0     0     0     0     0     0     0     0     0     0     0     0     0     0     0     0     0     0     0     1     1    11   122  1099 16627  7839  7282 13153 11994 13798 12180
ch   40:      0     0     0     0     0     0     0     0     0     0     0     0     0     0     0     0     0     0     0     0     1     2    21   260  2423 12888  9375  9733 11700 14478 10369 12178
ch   41:      0     0     0     0     0     0     0     0     0     0     0     0     0     0     0     0     0     0     0     0     0     3    12   209  1974 12774  7973 12804  7105  8557 12883  7972
ch   42:      0     0     0     0     0     0     0     0     0     0     0     0     0     0     0     0     0     0     0     0     1     5    15   265  2025 12370 14579 14163  9954 13701  7823 17913
ch   43:      0     0     0     0     0     0     0     0     0     0     0     0     0     0     0     0     0     0     0     0     0     2     8   134  1102 17923 10150 11583  6582 12965 11344 13205
ch   44:      0     0     0     0     0     0     0     0     0     0     0     0     0     0     0     0     0     0     0     0     0     1    28   340  1680 16938  9946 13575  4944  7935  7760  8287
ch   45:      0     0     0     0     0     0     0     0     0     0     0     0     0     0     0     0     0     0     0     0     0     1    14   207  1858 14115  8068 10567  6543 13657  9317 10084
ch   46:      0     0     0     0     0     0     0     0     0     0     0     0     0     0     0     0     0     0     0     0     0     5    21   245  1420 16897 13188 10800  9861  8853  7486 14732
ch   47:      0     0     0     0     0     0     0     0     0     0     0     0     0     0     0     0     0     0     0     0     0     0    17   130  1394 15425 10143  7596  2259  7574 10784 10313
ch   48:      0     0     0     0     0     0     0     0     0     0     0     0     0     0     0     0     0     0     0     0     1     3    17   298  2281 15040  9983 17358 10532  9455 14259  9414
ch   49:      0     0     0     0     0     0     0     0     0     0     0     0     0     0     0     0     0     0     0     0     0     1    21   299  2241  8876  5400 13536 12609  9259  7669 11674
ch   50:      0     0     0     0     0     0     0     0     0     0     0     0     0     0     0     0     0     0     0     0     0     4    30   236  2530 17097 11084  8988  5851  9734 13079  9148
ch   51:      0     0     0     0     0     0     0     0     0     0     0     0     0     0     0     0     0     0     0     0     1     3    13   241  2169 16425  7879 11076 13035  8017 14600  7015
ch   52:      0     0     0     0     0     0     0     0     0     0     0     0     0     0     0     0     0     0     0     0     0     5    23   263  1915 16761 13308  8172 12006 10652  7490 10982
ch   53:      0     0     0     0     0     0     0     0     0     0     0     0     0     0     0     0     0     0     0     0     0     3    17   224  2165 16137  9674 11764  8114  9738  3291 12066
ch   54:      0     0     0     0     0     0     0     0     0     0     0     0     0     0     0     0     0     0     0     0     1     3    35   192  3015  3483  7722  9911 12619 13338  9073 12424
ch   55:      0     0     0     0     0     0     0     0     0     0     0     0     0     0     0     0     0     0     0     0     0     2    14   155  2175 15691  9094 14611  4977 12187 10017 13732
ch   56:      0     0     0     0     0     0     0     0     0     0     0     0     0     0     0     0     0     0     0     0     2     4    54   218  2905 14930  9820  8091  9771 12738  8960  9532
ch   57:      0     0     0     0     0     0     0     0     0     0     0     0     0     0     0     0     0     0     0     0     0     1    17   174  2306  4383 11248 12369  6192  6407 10385 11980
ch   58:      0     0     0     0     0     0     0     0     0     0     0     0     0     0     0     0     0     0     0     0     2     4    30   308  2933 17216  7143 10914  9652  9529  3296 13360
ch   59:      0     0     0     0     0     0     0     0     0     0     0     0     0     0     0     0     0     0     0     0     0     3    28   234  2915  8652  7796 12396  6834  9294 10926 11082
ch   60:      0     0     0     0     0     0     0     0     0     0     0     0     0     0     0     0     0     0     0     0     2     8    41   424  2893  4670  6973 11263 12161  5961  5609  9835
ch   61:      0     0     0     0     0     0     0     0     0     0     0     0     0     0     0     0     0     0     0     0     0     1    29   309  3830  7910  9190  9422 12186  9834 13992  7956
ch   62:      0     0     0     0     0     0     0     0     0     0     0     0     0     0     0     0     0     0     0     0     1     3    28   439  3655  5525  8482 11169 10622  6640  9414 11033
ch   63:      0     0     0     0     0     0     0     0     0     0     0     0     0     0     0     0     0     0     0     0     0     3    22   329  3446 15765 10187 10184  7224 10406 11011  8282
ch   64:      0     0     0     0     0     0     0     0     0     0     0     0     0     0     0     0     0     0     0     0     4     6    40   302  4530 10680  8258  7070  9449 13467  6053 11555
ch   65:      0     0     0     0     0     0     0     0     0     0     0     0     0     0     0     0     0     0     0     0     1     2    37   433  3398 14653  7797 11968 10993  9513 10856  7517
ch   66:      0     0     0     0     0     0     0     0     0     0     0     0     0     0     0     0     0     0     0     0     0     6    50   465  3065  2579 15177 12583  8533  5812 10622 10763
ch   67:      0     0     0     0     0     0     0     0     0     0     0     0     0     0     0     0     0     0     0     0     1     1    22   283  1777  4502  4251 11822  8537  7012  9477  7446
ch   68:      0     0     0     0     0     0     0     0     0     0     0     0     0     0     0     0     0     0     0     0     2     4    90   597  6820  9500  7487  9003  7687  7445  6176  8927
ch   69:      0     0     0     0     0     0     0     0     0     0     0     0     0     0     0     0     0     0     0     0     0     2    24   458  3992 14782 15254  6081 11972 11141  7640  9422
ch   70:      0     0     0     0     0     0     0     0     0     0     0     0     0     0     0     0     0     0     0     1     1     5    56   509  2708  5638  6074  8843  9012  7923 10406  9045
ch   71:      0     0     0     0     0     0     0     0     0     0     0     0     0     0     0     0     0     0     0     1     1     6    32   355  3299  7750  9492 14754 10162  8105 13108 10768
ch   72:      0     0     0     0     0     0     0     0     0     0     0     0     0     0     0     0     0     0     0     0     1    12    59   448  4518  4032  8430 10011 11140  9352 11972  7247
ch   73:      0     0     0     0     0     0     0     0     0     0     0     0     0     0     0     0     0     0     0     0     1     8    38   452  4148 14046 13775  5022 15080 10600  4426  9853
ch   74:      0     0     0     0     0     0     0     0     0     0     0     0     0     0     0     0     0     0     0     0     2    10    77   493  3987  8245  6391 13626  9302 17286 13420  6616
ch   75:      0     0     0     0     0     0     0     0     0     0     0     0     0     0     0     0     0     0     0     0     0     2    39   579  3461 10986  7063  8870  8153 10002  8927 11627
ch   76:      0     0     0     0     0     0     0     0     0     0     0     0     0     0     0     0     0     0     0     0     1    11    59   640  7860  4538 12353  8680  7526 15790  6351 10462
ch   77:      0     0     0     0     0     0     0     0     0     0     0     0     0     0     0     0     0     0     0     0     1     5    26   307  4633 13902  9656  9856  7158  9364  4926 11806
ch   78:      0     0     0     0     0     0     0     0     0     0     0     0     0     0     0     0     0     0     0     1     2     4    33   503  4620  5583 12065 11187  8672 13964 11209 11973
ch   79:      0     0     0     0     0     0     0     0     0     0     0     0     0     0     0     0     0     0     0     0     0     3    31   303  4395 10525  8312 12709 11871  9635  8648 13584
ch   80:      0     0     0     0     0     0     0     0     0     0     0     0     0     0     0     0     0     0     0     0     0     4    45   281  4995 12669 12560 10234 12466  6106  3707 11348
ch   81:      0     0     0     0     0     0     0     0     0     0     0     0     0     0     0     0     0     0     0     0     0     3    29   268  1826  5141 11267 10425  9827 11698 13809 14758
ch   82:      0     0     0     0     0     0     0     0     0     0     0     0     0     0     0     0     0     0     0     0     0     7    40   428  4355 15051  9631  6345 11033  6948 14354 11419
ch   83:      0     0     0     0     0     0     0     0     0     0     0     0     0     0     0     0     0     0     0     0     1     3    24   227  3166 18125  8052 13846  8925 11505  9319  4864
ch   84:      0     0     0     0     0     0     0     0     0     0     0     0     0     0     0     0     0     0     0     0     1     2    37   391  4498 12409  8684 11932  7977 12019  8917  9147
ch   85:      0     0     0     0     0     0     0     0     0     0     0     0     0     0     0     0     0     0     0     0     1     3    17   294  2444 10656  9800  8250  7804  5088 11422 10258
ch   86:      0     0     0     0     0     0     0     0     0     0     0     0     0     0     0     0     0     0     0     0     0     3    50   384  5052 10928  7582 12649  6595 12190 11036  7159
ch   87:      0     0     0     0     0     0     0     0     0     0     0     0     0     0     0     0     0     0     0     0     0     0     0     0     0    27   802  9031  9322  6808  9004 11117
ch   88:      0     0     0     0     0     0     0     0     0     0     0     0     0     0     0     0     0     0     0     0     0     0     0     0     4   152  3502 15448  9379 12143  5522 11396
ch   89:      0     0     0     0     0     0     0     0     0     0     0     0     0     0     0     0     0     0     0     0     0     0     0     0     0    27  1781 12699  8491  9276 14224 15782
ch   90:      0     0     0     0     0     0     0     0     0     0     0     0     0     0     0     0     0     0     0     0     0     0     0     0     3   162  2369 10188  4089 12565 10487 10576
ch   91:      0     0     0     0     0     0     0     0     0     0     0     0     0     0     0     0     0     0     0     0     0     0     0     0     1    42  1456 16158 10523 11516  9293 14403
ch   92:      0     0     0     0     0     0     0     0     0     0     0     0     0     0     0     0     0     0     0     0     0     0     0     0     1   146  1976 12315  8311 16231  9927  7195
ch   93:      0     0     0     0     0     0     0     0     0     0     0     0     0     0     0     0     0     0     0     0     0     0     0     0     0    28  1719 11654  8718  9852 11951 13130
ch   94:      0     0     0     0     0     0     0     0     0     0     0     0     0     0     0     0     0     0     0     0     0     0     0     0     2   155  5285  6591 10898  5900 12002 13673
ch   95:      0     0     0     0     0     0     0     0     0     0     0     0     0     0     0     0     0     0     0     0     0     0     0     0     0    21  1119  7495  8847 15159 10909  9283
ch   96:      0     0     0     0     0     0     0     0     0     0     0     0     0     0     0     0     0     0     0     0     0     0     0     0     4   177  3006  4031 10102  5650 12310 13072
ch   97:      0     0     0     0     0     0     0     0     0     0     0     0     0     0     0     0     0     0     0     0     0     0     0     0     0    17   992 14450 10578  6640  6009  9039
ch   98:      0     0     0     0     0     0     0     0     0     0     0     0     0     0     0     0     0     0     0     0     0     0     0     0     0   176  2254 14808  7390 11722  8187  9213
ch   99:      0     0     0     0     0     0     0     0     0     0     0     0     0     0     0     0     0     0     0     0     0     0     0     0     0    46  1335  7437  8807 14484  9054 13698
ch  100:      0     0     0     0     0     0     0     0     0     0     0     0     0     0     0     0     0     0     0     0     0     0     0     0     0   232  3655  9845 12820  6420  7431 13455
ch  101:      0     0     0     0     0     0     0     0     0     0     0     0     0     0     0     0     0     0     0     0     0     0     0     0     1    33  1546  8213  7687 11259  7100  6703
ch  102:      0     0     0     0     0     0     0     0     0     0     0     0     0     0     0     0     0     0     0     0     0     0     0     0     4   174  3128  2960  9793  7632  7985  7647
ch  103:      0     0     0     0     0     0     0     0     0     0     0     0     0     0     0     0     0     0     0     0     0     0     0     0     0    13  1768  9639 14296 13217  9466  9183
ch  104:      0     0     0     0     0     0     0     0     0     0     0     0     0     0     0     0     0     0     0     0     0     0     0     0     5   173  2845  8287 12311 12861 11134 11420
ch  105:      0     0     0     0     0     0     0     0     0     0     0     0     0     0     0     0     0     0     0     0     0     0     0     0     0    32  1333  4293  6476 10812 12860  9350
ch  106:      0     0     0     0     0     0     0     0     0     0     0     0     0     0     0     0     0     0     0     0     0     0     0     0     1    90  4130  6016 10546 11512 13688 13041
ch  107:      0     0     0     0     0     0     0     0     0     0     0     0     0     0     0     0     0     0     0     0     0     0     0     0     0    32  1600 14650  5386 17432 10974 11113
ch  108:      0     0     0     0     0     0     0     0     0     0     0     0     0     0     0     0     0     0     0     0     0     0     0     0     2   119  3433 14947  8513 11320  9544 13458
ch  109:      0     0     0     0     0     0     0     0     0     0     0     0     0     0     0     0     0     0     0     0     0     0     0     0     1    29  2436 12643  3750 10474 11472  9116
ch  110:      0     0     0     0     0     0     0     0     0     0     0     0     0     0     0     0     0     0     0     0     0     0     0     0     3   167  4062  9367  7981 11965 11800 14961
ch  111:      0     0     0     0     0     0     0     0     0     0     0     0     0     0     0     0     0     0     0     0     0     0     0     0     0    39  1393  6134 10497  5757 12431 11632
ch  112:      0     0     0     0     0     0     0     0     0     0     0     0     0     0     0     0     0     0     0     0     0     0     0     0     4   276  5103 15372 13047 13668 10485  9748
ch  113:      0     0     0     0     0     0     0     0     0     0     0     0     0     0     0     0     0     0     0     0     0     0     0     0     1    37  2315  9090 12604 13885 11019 12628
ch  114:      0     0     0     0     0     0     0     0     0     0     0     0     0     0     0     0     0     0     0     0     0     0     0     0     4   211  3988 17424 10512  8784 10916  6654
ch  115:      0     0     0     0     0     0     0     0     0     0     0     0     0     0     0     0     0     0     0     0     0     0     0     0     1    41  2248 17218 13138  9041 11125  8901
ch  116:      0     0     0     0     0     0     0     0     0     0     0     0     0     0     0     0     0     0     0     0     0     0     0     0     3   182  6167 12944 12150  6155  9728 13866
ch  117:      0     0     0     0     0     0     0     0     0     0     0     0     0     0     0     0     0     0     0     0     0     0     0     0     0    44  1342 11619  6244  4955  4632  7419
ch  118:      0     0     0     0     0     0     0     0     0     0     0     0     0     0     0     0     0     0     0     0     0     0     0     0     1   164  3605  9217 12346 12176  7466  9742
ch  119:      0     0     0     0     0     0     0     0     0     0     0     0     0     0     0     0     0     0     0     0     0     0     0     0     1    36  2988 18627  7366 12249 15743  7546
ch  120:      0     0     0     0     0     0     0     0     0     0     0     0     0     0     0     0     0     0     0     0     0     0     0     0     4   115  4826  6029 11639  7558 10242 11932
ch  121:      0     0     0     0     0     0     0     0     0     0     0     0     0     0     0     0     0     0     0     0     0     0     0     0     0    72  2424 17359 15513 11309  8557 11792
ch  122:      0     0     0     0     0     0     0     0     0     0     0     0     0     0     0     0     0     0     0     0     0     0     0     0     3   210  3954  1879 12118  6926 11776 16534
ch  123:      0     0     0     0     0     0     0     0     0     0     0     0     0     0     0     0     0     0     0     0     0     0     0     0     0    46  1506  1218  9852  7172  8176 11995
ch  124:      0     0     0     0     0     0     0     0     0     0     0     0     0     0     0     0     0     0     0     0     0     0     0     3    30   477  7785  8011  9269  5082 10292  9756
ch  125:      0     0     0     0     0     0     0     0     0     0     0     0     0     0     0     0     0     0     0     0     0     0     0     0     4    75  3261  4730  6771 11032  9143 14963
ch  126:      0     0     0     0     0     0     0     0     0     0     0     0     0     0     0     0     0     0     0     0     0     0     0     0    17   630  8900 17625  7475 14116  6170 10979
ch  127:      0     0     0     0     0     0     0     0     0     0     0     0     0     0     0     0     0     0     0     0     0     0     0     0     0    60  2734 17049  8434  6752 13165  8639
