# ID XA-000-08-002-000-004-008-08
# Tag _trim_
# Date 240618_13:34:26
# Vref_p 56
# Vref_n 21
# Thr2_glb 34
# Vref_t 118
# Vref_t_range 1
# Pol 1
# ADC range 30-247
# FAST disc 30
ch:   0  125  124  135  124  125  125  115  117  109  122  119  115  115  122  118  106  109  120  119  108  116  115  114  110  110  111  114  123  122  102  126   17
ch:   1  132  122  125  122  125  126  120  116  119  122  119  122  120  121  108  117  122  104  116  107  114  114  107  103  120  116  121  124  121  118  134   24
ch:   2  134  118  125  124  136  134  119  105  113  123  116  110  115  107  106  106  120  124  110  110  115  119  115  109  111  115  132  117  119  133  115   27
ch:   3  125  120  126  116  119  136  125  133  118  115  121  111  120  113  123  120  117  116  107  120  114  105   93  122  123  117  121  111  117  122  133   26
ch:   4  110  116  126  116  120  109  106  109  111  117  115  121  110  118  102  116  117  110  109  110  115  104  117  103  114  117  117  118  123  117  121   29
ch:   5  120  132  124  117  122  117  116  120  108  117  113  115  106  109  109  106  104  108  120  122  124  106  103  121  116  114  118  116  120  123  119   26
ch:   6  121  121  118  119  121  127  119  115  120  107  110  109  115  112  102  121  122  116  105  103  103  117  112  115  119  118  117  119  113  118  131   28
ch:   7  125  123  122  120  126  119  121  119  108  118  116  122  119   99  107  114  105  111  105  114  116  110  121  109  107  121  119  124  124  116  123   24
ch:   8  124  131  135  122  125  118  118  109  131  123  116  116  114  103  116  110  117  117  109  108  109  131  118  115  109  107  119  105  118  122  106   28
ch:   9  127  123  126  134  119  109  118  117  109  123  116  119  117  115  117  118  114  116  110  106  101  112  120  116  117  115  107  118  124  119  118   29
ch:  10  133  119  123  111  123  115  119  126  123  121  126  105  103  117  117  118  110  109  116  108  118  115  113  107  114  114  119  110  124  117  116   34
ch:  11  121  135  124  122  116  127  119  128  116  116  132  114  117  117  118  118  110  111  110  110  117  114  115  107  117  119  119  125  115  124  119   21
ch:  12  122  122  136  125  122  117  116  120  120  114  118  119  122  122  112  106  118  106  123  105  124  115  108  123  114  119  120  110  132  118  120   37
ch:  13  125  118  115  120  119  120  116  124  114  117  121  121  115  107  102  116  117  122  115  100  115  110  118  100  115  123  116  119  118  120  133   31
ch:  14  119  123  121  120  132  118  113  113  115  120  116  119  110  114  109  105  120  114  112  116  102  107  112  102  107  116  126  110  122  127  119   37
ch:  15  122  122  119  132  118  121  118  120  120  120  119  113  108  105  111  103  109  110  108  106  114  119  109  114  112  123  113  120  108  117  121   15
ch:  16  131  122  122  131  122  119  133  120  123  113  117  120  125  116  103  122  117  119  114  110  106  113  131  108  121  110  121   -1  106  117  127   31
ch:  17  124  116  122  111  122  118  114  109  119  115  121  108  109  124  104  110  118  108  104  106  107  107  107  118  115  107  119  120  122  117  126   31
ch:  18  127  136  123  122  118  122  119  111  112  110  110  110  117  105  118  122  118  111  116  114  117  104  102  107  114  107  115  112  115  116  123   30
ch:  19  122  120  123  116  124  120  125  125  114  119  121  116  114  123  124  112  104  110  106  114  104  115  108  110  122  109  108  117  119  133  127   20
ch:  20  132  126  132  110  124  117  109  125  118  109  112  113  115  116  117  110  117  123  116  118  115  116  109  117  120  117  125  108  131  132  121   40
ch:  21  123  131  123  122  123  120  118  124  106  126  124  106  118  104  111  108  114  116  116  115  112  107  116  117  115  114  117  115  124  131  125   24
ch:  22  121  122  116  118  124  120  122  116  106  109  122  110  107  106  106  111  121  120  101  109  122  118  110  104   -1  106  123  116  136  106  119   30
ch:  23  124  122  121  117  117  121  127  107  119  127  122  117  119  117  115  120  116  114  119  115  107  107  105  108  115  118  107  106  119  124  123   25
ch:  24  123  123  121  120  132  121  114  124  119  122  116  119  108  122   99  109  117  110  115  103  111  101  117  110  111  116  110  119  117  111  119   39
ch:  25  127  133  123  133  106  124  123  105  115  118  122  115  116  106  119   95  121  105  118  107  119  109  115  111  107  116  118  107  115  126  120   29
ch:  26  120  135  110  132  119  121  125  125  110  122  113  103  116  117  109  107  115  103  113  105  118  118  118  109  114  119  127  115  114  120  126   29
ch:  27  133  117  117  122  125  116  122  117  126  116  114  104  113  117  113  120  120  117  117  121  115  111  114  124  116  119  108  119  120  117  130   23
ch:  28  122  132  115  109  121  131  117  110  120  110  116  109  120  114  125  108  102  109  108  104  116  118  105  115  130  104  117  111  111  133  131   37
ch:  29  117  122  125  117  125  125  116  105  115  118  116  111  120  109  114  110  117  108  119  114  102  119  107  121  121  114  118  115  114  120  121   20
ch:  30  121  122  136  124  124  127  115  119  115   -1  115  107  119  120  121  107  116  120  108  115  118  108  109  117  110  107  109  107  118  118  121   40
ch:  31  123  133  123  130  127  117  111  116  111  121  119  123  108  115  120  118  115  119  115  119  117  111  119  111  116  105  109  123  127  121  124   20
ch:  32  119  120  121  126  122  110  113  117  117  115  110  122  122  114  107  108  102  111  110  115  119  115  106  107   -1  114  110  115  123  131  130   34
ch:  33  122  132  122  120  121  118  115  119  122  120  116  105  111  119  126  115  113  119  107  121  114  115  122  117  118  119  108  115  108  126  120   31
ch:  34  134  137  123  124  125  125  117  121  118  108  119  110  117  118  104  116  106  108  113  105  119  104  116  110  112   99  121  119  122  117  121   44
ch:  35  120  133  123  131  116  118  122  119  116  112  114  115  118  108  106  102  102  103  124  120  110  106  119  118  107  111  122  118  107  123  119   31
ch:  36  126  120  127  121  131  123  123  116  122  109  121  125  108  115  108  107  114  119  105  115  115  106  108  114  104  101  111  106  119  124  134   33
ch:  37  142  127  125  119  120  116  119  109  118  117  110  107  115  121   -1  119  117  110  118  110  104  118  115  117  108  115  119  116  124  121  118   24
ch:  38  132  134  115  123  121  120  120  115  121  107  109  120  102  116  106  109  109  115  104  113  116  118  108  115  117  118  105  119  116  106  125   34
ch:  39  126  120  121  124  124  126  124  108  110  120  111  118  121  116  107  118  116  119  108  109  121  108  124  115  123  105  105  116  125  121  120   35
ch:  40  121  123  125  130  120  116  119  120  117  137  115  111  119  120  120  105  123  111  115  108  117  118  104  115  108  117  106  119  118  125  135   30
ch:  41  132  122  119  124  116  115  126  132  118  113  108  109  115  117  123  108  112  116  116  106  110  106  114  121  109  116  108  106  118  125  133   23
ch:  42  134  123  115  122  118  122  117  117  117  122  120  108  115  117  118  114  106  116  103  103  122  118  119  106  103  114  118  122  114  117  107   36
ch:  43  135  114  134  122  123  133  125  119  123  114  125  117  124  110  122  118  135  111  108  111  104  108  119  106  124  117  120  117  131  121  121   17
ch:  44  135  125  125  120  123  122  115  124  109  115  107  115  113  113  106  111  118  115  102  110  106  111  110  109  104  119  123  118  117  116  117   41
ch:  45  137  126  118  131  115  107  122  119  108  119  117  111  107  117  122  117  113  107  115  110  114  113  108  117  107  105  117  130  120  124  125   15
ch:  46  122  135  124  114  120  122  117  105  121  115  119  117  117  117  115  115  119  108  103  119  115  115  107  107  122  112  115  114  118  114  126   39
ch:  47  126  131  124  135  124  124  124  135  115  118  118  106  114  107  121  116  122  116  107  120  116  119  108  113  120  116  116  121  134  120  124   23
ch:  48  126  125  132  119  117  135  116  117  120  124  108  116  110  123  116  107  119  108  121  120   -1  115  121  116  108  117  111  112  115  134  118   16
ch:  49  133  119  124  117  122  120  122  120  114  118  117  115  115  116  120  116  110  117  118  114  101  120  119  121  121  110  121  116  111  124  136   32
ch:  50  132  125  122  132  119  124  109  124  116  116  121  121  121  119  131  119  115  113  116  115  104  117  111  114  116  119  104  108  116  106  116   32
ch:  51  121  135  136  123  122  115  126  121  119  118  125  116  117  107  120  111  105  106  111  118  116  117  119  119  118  123  116  119  124  123  124   25
ch:  52  120  116  131  118  117  121  107  134  122  105  123  108  115  116  106  107  110  104  116  115  115  114  123  114  120  112  115  118  121  118  123   33
ch:  53  132  127  109  114  117  124  115  111  114  120  104  108  118  117  124  121  116  101  108  105  103  122  105  118  110  106  115  126  121  121  121   20
ch:  54  124  121  134  123  121  124  131  120  109  132  111  117  107  119  106  106  114  108  109  108  121  105  110  106  117  125  103  107  117  122  115   46
ch:  55  122  133  132  135  136  121  124  116  107  109  121  108  119  117  111  117  106  108  120  120  109  124  119  122  118  117  124  116  131  123  134   20
ch:  56  124  131  119  118  124  118  125  122  120  119  121  115  114  120  118  119  119  114  118  117  110  108  110  108  113  106  111  119  123  119  117   41
ch:  57  132  124  125  119  119  121  120  131  117  121  131  121  112  117  120  113  105  122  109  115  119  121  117  107  114  109  116  126  125  120  120   25
ch:  58  132  120  116  126  132  119  119  126  125  103  107  106  110  124  118  119  106  105  116  105  109  125  117  120  125  115  119  113  119  123  130   32
ch:  59  122  134  133  125  115  120  120  123  114  106  117  119  126  119  110  118  103  109  117  107  119  110  121  124  118  117  121  117  126  126  120   25
ch:  60  135  124  124  119  119  121  119  111  109  116  124  111  121  107  106  118  103  116  110  116  115  108  119  118  105  108  114  116  117  115  123   33
ch:  61  123  130  122  135  117  118  116  118  105  115  109  117  119  115  117  121  122  110  118  117  125  106  115  115  119  115  119  108  116  123  117   26
ch:  62  121  139  118  122  119  120  122  120  107  111  118  118  105  120  117  109  116  116  105  107  104  104  102  121  125  114  110  123  118  122  122   34
ch:  63  122  137  115  123  125  131  133  124  117  132  120  108  108  115  109  114  115  118  111  114  114  115  108  109  123  115  119  122  126  126  122   34
ch:  64  126  118  134  119  118  125  118  132  126  111  116  118  110  116  121  119  116  110  121   99  114  114  108  105  119  116  121  123  120  122  123   37
ch:  65  126  126  123  124  116  135  116  125  116  117  115  121  116  116  114  120  116  117  117  123  109  116  119  111  108  115  114  122  135  126  141   31
ch:  66  136  119  125  119  110  132  120  120  106  126  122  116  124  118   98  113  104  116  106  116  106  118  103  103  123  120  117  124  118  124  124   30
ch:  67  122  133  122  123  119  119  118  120  116  116  116  133  121  121  116  108  110  108  117  109  116  125  120  104  117  117  114  116  125  124  124   20
ch:  68  119  134  133  119  121  120  117  119  122  112  121  119  120  114  119  116  111  108  107  115  119  116  109  101  118  131  117  116  117  122  110   29
ch:  69  124  129  122  120  124  115  123  118  123  115  117  110  123  116  123  119  121  114  115  105  114  116  118  119  124  118  120  118  123  125  118   29
ch:  70  120  119  121  126  114  138  125  116  119  109  113  121  115  108  118  114  108  115  118  119  117  115  110  116  109  117  120  115  119  113  122   49
ch:  71  131  134  114  133  131  118  122  126  121  134  114  122  105  109  111  109  123  113  116  108  117  111  115  124  116  121  123  130  119  133  122   28
ch:  72  120  125  130  124  130  135  120  117  122  120  118  115  116  110  116  114  119  120  108  117  116  121  114  117  108  114  122  121  111  113  118   49
ch:  73  133  115  136  132  122  132  110  123  120  124  118  102  110  111  117  123  109  114  106  120  108  110  110  115  107  106  130  118  125  126  133   28
ch:  74  116  137  132  124  119  124  121  122  119  132  115  119  114  115  106  106  116  115  114  120  118  114  110  115  114  121  115  134  121  120  119   36
ch:  75  124  124  116  123  122  108  115  117  122  126  123  117  110  118  105  119  120  116  103  111  108  131  126  102  118  125  126  119  117  125  135   29
ch:  76  131  135  123  114  124  122  125  122  118  118  125  120  109  118  116  119  118  121  118  120  122  117  104  106   98  123  121  131  120  127  120   39
ch:  77  116  122  119  122  120  131  120  118  123  124  122  117  124  114  107  124  113  117   98  114  118  117  117  120  123  114  117  131  117  123  123   28
ch:  78  124  118  120  125  120  123  120  107  126  121  120  119  123  106  113  118  110  121  108  107  123  103  116  124  119  110  107  119  123  115  119   36
ch:  79  118  134  118  121  116  125  118  124  115  117  118  121  119  115  117  116  133  120  101  119  114  120  118  108  123  118  121  123  124  118  135   20
ch:  80  132  126  126  122  123  121  134  122  123  120  108  118  115  118  107  114  111  121  116  110  114  117  106  106  119  117  110  131  124  129  118   36
ch:  81  126  127  134  135  135  135  115  115  118  118  118  121  126  120  119  118  115  109  107  102  115  134  118  119  121  118  120  122  115  119  117   21
ch:  82  124  118  133  120  127  118  127  117  130  120  109  121  136  115  115  120  117  115  107  122  115  103  118  116  115  111  120  114  119  131  118   33
ch:  83  135  123  121  123  126  110  134  115  118  121  119  118  120  119  121  118  119  121  110  130  120  116  108  110  122  109  134  126  131  123  138   20
ch:  84  119  133  122  120  132  121  120  116  121  106  117  102  117  104  113  105  116  112  106  119  110   99  117  113  120  109  113  121  119  111  123   43
ch:  85  134  107  125  125  114  117  123  119  123  116  108  116  111  114  112  109  117  111  102  114  108  122  107  100  117  115  114  113  109  128  117   24
ch:  86  131  117  124  139  115  108  122  118  108  115  110  107  117  116  120  104  108  123  114  107  106  113  115  106  110  109  107  117  119  120  123   33
ch:  87  120  126  131  127  133  108  131  131  122  125  120  109  123  120  115  117  114  107  120  118  119  101  119  114  121  118  114  122  122  118  119   29
ch:  88  117  126  131  123  115  121  123  107  122  121  115  124  120  114  116  118  106  110  118  120  115  124  116  126  119  114  119  113  117  122  121   39
ch:  89  123  136  102  115  108  132  126  117  115  106  115  107  116  123  119  127  118  117  116  118  117  107  111  118  117  116  126  118  117  121  124   26
ch:  90  124  123  114  119  122  122  125  118  116  117  116  105  109  119  118  107  118  114  108  124  123  118  107  106  117  114  111  117  118  124  119   39
ch:  91  134  115  123  119  121  110  118  121  125  114  115  118  114  107  117  122  111  123  106  119  120  117  118  110  106  120  114  118  120  126  123   26
ch:  92  137  126  124  119  120  120  120  116  121  122  114  123  116  109  116  104  105  113  100  120  117  116  115  113  116  122  108  124  135  121  124   44
ch:  93  125  134  122  119  124  125  122  121  108  121  121  123  121  120  118  105  111  115  105  109  110  115  114   95  120  118  110  122  119  131  124   31
ch:  94  130  133  124  121  122  132  118  120   99  115  117  106  115  110  110  131  124  119  104  107  101  114  119  103  129  110  118  120  118  120  125   44
ch:  95  121  124  122  118  119  121  121  124  110  123  119  126  110  110  115  108  108  105  125  115  119  116  106  113  114  115  108  115  118  124  131   27
ch:  96  119  126  125  125  121  124  114  133  122  117  115  117  121  105  120  110  123  106  114  102  110  109  109  104  106  113  111  126  118  111  119   41
ch:  97  139  119  120  122  126  120  107  115  115  107  105  107  110  110  113  107  115  115  109  106  115  107  121  114  106  135  120  123  118  121  132   34
ch:  98  122  118  120  115  130  115  119  123  116  109  125  118  117  111  110  118  115  116  117  109  110  120  117  107  110  119  120  118  121  125  114   37
ch:  99  118  121  125  123  126  124  122  109  121  110  104  118  121  115  107  100  118  115  102  114  124  119  121  116  118  115  118  118  125  126  121   28
ch: 100  107  133  132  131  125  123  116  118  114  118  119  118  115  116  112  102  106  115  108  110  119  107  115  116  116  117  110  127  126  120  107   40
ch: 101  117  126  139  126  133  116  118  115  133  117  108  115  116  118  126  115   93  114   -1  116  119  103  117  109  109  103  117  118  127  116  125   27
ch: 102  131  121  132  132  119  134  122  119  121  119  123  123  105  108  110  107  116  111  118  114  116  117  123  105  117  117  109  114  125  116  122   46
ch: 103  121  110  135  124  126  121  119  118  120  114  117  107  114  114  115   99  119  108  111  107  117  114  105  121  118  110  110  119  120  119  123   31
ch: 104  119  131  134  115  135  120  126  135  123  125  118  117  120  121  115  110  108  104  105  115  115  118  103  104  115  107  114  122  120  122  124   52
ch: 105  127  127  119  127  119  121  120  133  116  115  121  119  118  120  109  117  108  107  109  118  115  122  120  108  117  123  122  123  121  122  120   27
ch: 106  122  117  130  121  129  126  121  108  115  108  111  119  115  114  103  108  121  106  106  109  109  116  106  110  109  115  108   98  125  123  124   38
ch: 107  120  119  111  132  130  120  123  124  123  131  118  110  114  124  115  117  113  120  123  104  109  115  116  121  114  116  120  121  121  124  121   26
ch: 108  119  124  119  125  122  120  117  107  122  103  116  109  118  111  118  105  119  110  116  115  102  106  111  108  105  105  117  116  118  115  121   47
ch: 109  125  122  132  116  117  117  117  109  119  114  104  110  119  108  108  107  116  111  116  118  110  114  122  105  108  104  119  122  118  110  119   23
ch: 110  120  123  130  124  124  121  121  120  107  116  114  117  113  105  106  110  114  116  110  121  117  109  105  116  106  111  105  109  117  111  122   40
ch: 111  122  135  122  120  110  125  118  118  109  124  118  117  108  114  118  121  103  109  120  118  118  123  116  100  108  110  123  108  118  123  117   29
ch: 112  115  123  125  131  117  121  117  126  117  131  116  116  119  105  122  122  120  106  108  120  118   99  115  114   94  110  114  118  115  118  123   31
ch: 113  121  122  117  138  118  120  132  106  115  124  121  101  118  108  110  114  114   98  116  108  103  117  113  107  103  119  116  118  125  125  110   27
ch: 114  137  119  119  135  117  131  123  124  119  122  116  107  118  107  120  117  115  102  106  108  117  114  114  104  108  108  123  117  115  115  119   36
ch: 115  124  118  125  127  113  121  110  122  123  131  123  111  114  114  113  106  111  125  111  109  118  117  116  105  116  108  124  124  118  134  130   18
ch: 116  132  125  133  122  120  119  117  107  113  117  115  126  115  119  112  111  110  108  119  107  112  109  101  114  120  120  122  118  125  113  119   34
ch: 117  132  122  116  116  113  121  119  125  122  115  119  109  108  107  103  109  109  111  109  111  111  108  105  112  115  110  119  122  110  131  119   25
ch: 118  134  124  133  126  118  123  115  125  115  121  117  107  105  109   99  119  122  120  109  118  108  112  121  119  110  107  110  119  109  120  120   28
ch: 119  130  126  134  136  126  123  130  124  121  116  115  112  115  106  108  118  120  119  109  108  108  109  119  125  117  122  116  109  134  125  122   25
ch: 120  131  135  126  134  116  122  109  125  117  121  117  107  127  106  106  118  108  120  110  110  106  116  104  116  109  123  108  118  116  120  117   36
ch: 121  126  120  131  118  122  121  121  121  122  117  117  120  117  102  120  109  116  106  120  126  110  115  111  100   92  114  109  116  121  116  130   25
ch: 122  119  124  121  118  123  117  123  118  113  117  138  101  111  107  119  117  120  120  115  102  114  106  119  115  125  120  136  133  112  121  118   34
ch: 123  125  122  125  120  116  134  132  119  123  117  103  117  115  114  121  109  107   94  119   95  108  111  117  103  114  110  102  121  118  118  134   23
ch: 124  133  123  122  124  110  125  133  122  117  121  110  119  118  106  111  132  112  110  108  109  116  102  115  101  120  115  119  124  126  119  125   32
ch: 125  135  116  133  121  121  123  124  104  117  118  115  121  123  116  106  116  110  108  106  115  115  107  108  118  117  114  123  115  107  123  133   25
ch: 126  134  118  133  122  136  132  124  114  120  122  123  108  109  115  115  119  121  108  100  107  125  116  113  111  121  118  118  116  116  117  125   41
ch: 127  123  138  120  124  124  121  123  122  124  122  124  123  116  117  121  126  119  123  112  119  121  122  117  133  122  120  131  133  124  137  133   43
