# ID XA-000-08-003-000-003-041-04
# Tag _trim_
# Date 240801_18:24:57
# Vref_p 57
# Vref_n 27
# Thr2_glb 36
# Vref_t 118
# Vref_t_range 1
# Pol 0
# ADC range 30-247
# FAST disc 30
ch:   0  125  125  119  126  121  135  131  117  124  109  121  130  127  104  117  114  120  121  119  118  104  109  120  104  119  117  110  131  119  115  117   19
ch:   1  134  123  123  119  109  122  126  118  121  121  117  121  135  114  120  122  126  127  116  121  119  124  116  124  115  116  126  122  135  134  128   40
ch:   2  127  125  115  122  121  123  122  130  122  124  121  115  121  120  110  120  117  118  135  116  113  118  103  120  119  120  107  116  122  116  111   26
ch:   3  109  119  132  135  135  118  118  117  120  121  126  120  119  117  122  119  114  117  117  124  134  125  131  122  142  133  132  124  120  133  126   49
ch:   4  120  137  120  121  116  115  121  108  125  132  117  119  110  115  122  110  115  103  122  111  116  117  118  118  122  120  119  118  115  122  122   26
ch:   5  139  118  122  125  113  121  123  132  127  127  121  135  123  118  119  121  117  121  120  130  121  120  120  137  133  119  132  118  123  131  120   49
ch:   6  122  124  119  123  118  121  121  110  118  133  113  125  122  126  132  119  113  117  117  110  125  108  125  117  108  135  121  121  121  118  124   32
ch:   7  130  122  133  123  124  118  126  121  118  121  120  116  126  119  120  125  124  122  134  124  125  122  119  119  113  124  125  125  119  132  131   44
ch:   8  110  119  132  122  118  123  118  125  127  113  126  122  126  114  131  119  124  111  119  119  118  131  124  118  119  116  125  123  122  121  124   42
ch:   9  118  125  118  132  127  133  131  115  118  118  121  118  117  125  123  121  124  121  122  111  135  122  122  120  108  139  133  137  127  114  137   53
ch:  10  121  123  124  124  132  134  120  115  123  119  122  116  115  120  121  110  116  105  121  108  110  108  115  109  115  107  118  119  109  110  119   37
ch:  11  126  118  116  118  119  121  119  125  134  123  121  132  131  120  127  131  125  119  118  115  127  122  133  132  110  123  131  126  124  133  137   54
ch:  12  125  125  120  125  119  114  122  120  121  127  118  125  130  117  124  126  122  115  121  119  125  122  122  119  115  113  123  123  116  115  124   37
ch:  13  122  118  124  121  115  125  117  125  123  125  115  123  123  122  115  131  113  119  114  121  119  122  125  134  123  115  120  125  116  118  121   46
ch:  14  119  115  118  122  119  118  120  116  115  120  115  108  121  122  121  116  125  110  122  114  110  123  116  117  117  119  121  108  116  120  118   44
ch:  15  119  126  116  126  122  123  122  115  124  119  119  136  123  122  119  116  121  126  121  133  110  133  127  127  119  138  123  126  132  124  119   54
ch:  16  132  122  107  115  139  121  123  120  125  115  119  116  116  117  114  122  122  124  118  122  120  116  122  126  121  119  116  123  125  121  111   34
ch:  17  118  118  118  124  131  125  118  125  124  124  133  110  126  124  121  120  122  108  123  118  134  119  126  123  120  130  123  140  122  141  124   56
ch:  18  110  118  125  115  125  117  109  122  119  123  117  110  110  117  121  121  117  113  119  109  117  129  122  107  110  114  121  120  124  119  118   30
ch:  19  116  118  116  124  122  125  121  103  126  119  123  119  132  121  136  125  134  133  124  127  118  142  117  130  131  136  131  123  137  131  140   44
ch:  20  122  114  136  106  119  126  118  125  110  121  111  115  123  119  123  114  130  121  125  117  124  122  133  116  114  115  117  104  120  125  116   37
ch:  21  123  124  123  121  135  124  125  116  132  132  119  122  118  120  126  123  140  131  124  132  122  123  126  124  131  134  137  134  135  132  120   42
ch:  22  131  118  125  131  123  118  121  119  120  118  126  120  120  120  121  118  117  119  117  112  115  105  121  120  120  116  102  118  107  122  119   29
ch:  23  125  117  126  118  120  126  116  124  134  119  119  118  121  133  124  132  118  133  118  126  123  124  135  126  130  119  132  122  127  139  137   47
ch:  24  105  121  131  125  115  118  122  134  115  109  121  123  121  126  129  135  114  118  123  118  115  112  116  117  122  130  133  123  123  120  137   31
ch:  25  127  118  134  123  123  119  125  119  124  131  124  118  117  123  123  134  125  115  117  125  126  124  133  125  133  117  139  115  122  131  138   52
ch:  26  121  117  122  121  121  117  123  116  120  121  117  116  123  127  107  120  115  120  119  111  119  121  120  121  125  116  119  118  124  119  121   38
ch:  27  114  124  118  137  125  120  125  119  125  122  135  127  124  121  117  132  132  124  123  122  131  120  122  136  120  133  122  140  142  142  127   53
ch:  28  114  131  118  121  132  117  125  122  120  119  121  116  123  118  121  127  132  119  115  109  125  122  117  114  122  121  133  133  126  119  123   29
ch:  29  115  119  117  123  134  121  126  122  132  122  119  131  114  119  133  133  117  121  122  119  137  131  134  137  131  132  126  142  141  129  132   56
ch:  30  116  110  125  113  124  122  114  124  121  116  123  124  123  123  124  104  113  129  125  124  115  119  118  120  118  116  121  119  110  123  116   37
ch:  31  118  122  119  126  124  119  126  125  116  131  124  127  122  123  123  119  120  116  124  124  131  135  118  124  118  133  125  131  135  132  124   56
ch:  32  125  119  118  125  117  131  119  115  121  123  133  114  114  111  122  119  123  118  124  110  125  122  124  122  121  122  115  111  124  118  121   41
ch:  33  131  125  121  115  119  124  123  132  132  123  122  110  132  137  116  125  129  134  132  127  134  127  120  131  121  121  132  135  125  137  136   51
ch:  34  123  116  121  124  132  119  121  121  120  118  114  134  116  123  115  122  118  119  133  122  117  122  118  119  105  118  133  131  124  124  122   39
ch:  35  123  124  120  124  125  137  140  119  124  122  121  124  137  123  126  122  135  120  123  126  134  124  122  134  131  132  137  138  137  134  140   48
ch:  36  111  132  123  117  125  118  116  121  122  125  122  123  124  119  113  133  117  119  120  124  119  122  133  120  108  114  133  124  125  121  122   40
ch:  37  125  119  125  125  138  110  132  118  127  123  118  134  124  136  131  126  124  132  122  134  134  142  142  144  137  125  135  138  139  131  134   56
ch:  38  123  120  120  119  119  121  122  134  117  117  118  121  130  120  122  121  120  122  111  122  119  117  121  120  117  108  125  130  115  123  123   40
ch:  39  116  122  125  136  134  120  116  120  134  138  125  125  135  127  119  131  124  124  125  131  124  133  123  126  133  136  134  137  134  133  139   56
ch:  40  117  124  116  125  123  123  125  123  134  132  132  127  123  132  118  118  122  121  121  117  123  123  131  132  121  116  120  124  119  121  136   37
ch:  41  116  123  127  125  133  118  121  119  124  125  116  138  133  117  124  130  121  124  125  129  132  124  130  127  139  137  124  138  131  138  139   48
ch:  42  125  134  123  123  118  125  117  123  124  120  132  118  124  124  118  125  131  119  123  120  118  122  110  120  119  116  125  110  105  132  121   44
ch:  43  120  110  118  121  133  126  121  132  120  122  138  120  124  114  130  131  120  110  123  120  121  126  121  123  129  119  133  126  134  134  123   52
ch:  44  117  119  119  134  127  123  125  116  131  130  110  124  126  124  119  107  120  107  123  119  121  107  121  116  119  120  120  116  132  132  121   41
ch:  45  114  119  122  116  119  118  132  126  126  124  120  122  132  133  125  134  131  134  132  125  130  124  125  141  126  139  124  132  130  137  143   54
ch:  46  125  118  130  121  121  116  123  117  125  121  119  131  130  132  125  117  125  118  122  116  124  123  115  127  123  121  115  119  120  118  130   47
ch:  47  131  121  121  137  117  126  125  124  123  124  122  123  120  124  124  124  135  135  124  146  115  119  124  136  134  139  139  133  131  134  139   56
ch:  48  123  131  117  118  110  115  126  109  134  119  119  137  124  122  122  117  120  130  118  134  114  122  132  120  119  123  118  108  123  121  118   41
ch:  49  124  124  118  124  117  125  125  116  120  122  127  137  122  121  132  115  121  124  133  130  135  122  123  124  134  127  119  125  126  134  135   56
ch:  50  123  123  115  122  124  123  124  123  118  118  118  123  121  118  123  122  117  108  118  118  123  124  118  122  125  124  121  120  125  134  123   56
ch:  51  118  125  123  134  132  110  123  123  124  130  117  133  132  123  133  133  134  138  118  133  125  124  148  123  125  120  121  141  133  141  131   56
ch:  52  124  123  115  126  131  126  114  114  120  122  119  115  122  121  131  120  123  121  122  110  123  118  118  124  126  122  121  120  125  121  109   43
ch:  53  126  135  120  125  126  121  122  122  133  133  134  115  123  119  120  123  123  139  121  126  138  136  122  126  126  120  127  143  133  150  133   55
ch:  54  119  117  115  122  122  125  132  123  117  123  115  119  119  126  120  119  117  123  119  120  124  117  123  119  109  124  120  119  124  130  127   44
ch:  55  129  121  125  113  124  118  136  121  123  140  122  123  125  121  127  123  117  138  132  132  134  126  130  139  135  134  139  140  137  122  140   56
ch:  56  125  121  134  121  121  120  124  123  118  123  122  123  119  122  125  126  132  131  120  120  121  121  121  120  133  119  123  120  127  134  131   55
ch:  57  121  111  122  119  126  127  124  119  125  126  126  121  132  122  127  124  132  132  125  138  126  134  123  141  134  137  135  134  139  133  134   52
ch:  58  124  111  119  124  121  132  124  119  113  131  121  119  115  118  121  135  110  119  119  133  121  115  116  134  121  115  117  118  132  118  123   43
ch:  59  123  117  139  126  126  131  122  132  124  121  130  120  119  121  136  132  137  126  131  120  133  123  122  117  133  132  136  123  137  131  134   56
ch:  60  133  120  126  123  118  120  123  113  135  121  122  131  121  120  119  123  130  120  118  124  123  136  124  124  124  133  126  119  123  124  132   48
ch:  61  119  130  126  120  120  134  123  136  135  137  125  122  123  121  124  124  125  136  125  137  135  122  140  134  132  135  136  125  140  139  134   56
ch:  62  122  120  119  136  126  120  119  124  127  121  131  122  119  111  120  122  126  116  123  119  123  121  134  119  120  117  123  121  121  125  123   48
ch:  63  124  121  123  122  129  133  120  124  125  122  127  132  124  127  122  124  132  118  134  131  131  140  126  122  131  127  133  133  136  132  139   56
ch:  64  122  118  119  114  125  122  125  122  123  120  118  123  132  117  136  123  123  108  132  119  122  120  123  115  123  123  130  132  117  135  122   42
ch:  65  120  124  135  141  132  130  125  118  132  124  134  126  118  124  135  125  132  130  134  134  135  118  139  132  126  134  130  124  137  137  142   54
ch:  66  120  121  122  120  125  125  118  130  116  114  126  117  116  118  122  121  122  120  109  120  120  115  121  120  118  121  120  114  121  122  115   43
ch:  67  124  133  126  133  115  124  117  125  136  134  123  133  135  121  130  126  132  127  133  137  123  138  141  130  126  135  136  138  118  136  134   49
ch:  68  134  120  130  125  121  119  132  133  113  124  132  127  115  126  114  113  127  135  121  103  117  120  125  134  119  118  121  117  126  122  125   48
ch:  69  133  126  126  133  124  118  126  120  123  124  123  132  118  119  125  132  122  122  120  125  122  135  126  132  125  124  138  133  133  135  139   55
ch:  70  135  105  109  117  132  126  136  122  134  121  124  122  132  123   -1  127  132  126  122  121  109  127  122  124  122  120  124  114  121  131  120   40
ch:  71  133  119  117  132  116  133  121  136  121  135  126  117  118  132  125  126  120  133  133  122  120  126  123  130  133  133  125  137  120  138  147   56
ch:  72  124  123  115  133  125  118  122  124  123  119  122  123  122  123  119  122  125  120  123  123  113  123  119  118  131  124  115  122  133  124  123   45
ch:  73  126  126  121  141  127  120  133  133  123  125  119  119  134  126  117  132  126  137  124  125  145  135  125  124  136  136  141  135  137  137  139   56
ch:  74  123  126  127  122  133  120  125  137  130  107  130  130  125  145  121  117  134  132  125  125  121  132  114  132  120  127  126  119  119  136  121   52
ch:  75  112  132  126  120  125  123  121  125  119  123  124  132  130  133  132  131  126  134  124  139  125  124  126  137  134  134  133  134  141  137  139   56
ch:  76  133  123  118  125  134  116  125  124  126  113  124  118  120  123  123  120  124  116  121  123  121  123  119  121  116  114  122  124  119  118  118   35
ch:  77  126  115  136  124  108  110  133  134  120  124  133  120  119  134  122  121  123  127  126  125  125  132  136  137  136  134  133  124  132  133  135   52
ch:  78  113  117  114  135  123  135  120  126  118  130  136  115  121  113  120  110  121  118  123  122  118  120  119  123  123  118  119  121  117  122  123   36
ch:  79  126  119  121  120  124  119  142  120  117  120  139  134  125  118  133  130  139  126  124  126  135  132  132  130  141  135  136  141  125  137  141   56
ch:  80  123  121  114  133  119  127  126  117  119  124  124  120  121  121  121  121  117  122  125  118  119  130  124  133  124  116  131  133  122  119  137   44
ch:  81  116  121  121  123  124  136  124  138  126  121  121  120  114  134  122  135  136  117  130  132  126  140  124  130  137  134  133  123  123  136  136   56
ch:  82  127  124  124  119  124  115  124  126  121  121  120  120  119  123  120  122  123  121  124  121  122  122  119  120  126  122  117  132  134  122  123   46
ch:  83  118  124  116  136  118  138  131  118  134  123  136  134  120  132  124  119  120  123  123  124  133  125  126  124  134  125  126  125  125  132  132   43
ch:  84  115  133  122  118  120  127  124  119  124  135  117  132  116  125  117  122  122  122  114  116  110  122  135  119  127  121  120  122  139  121  137   36
ch:  85  109  131  115  122  123  116  120  124  124  123  124  132  120  124  126  141  129  122  134  126  120  124  132  120  123  142  123  121  131  142  133   49
ch:  86  125  122  120  124  131  117  117  107  131  133  122  130  121  126  126  125  132  122  123  126  126  123  118  125  120  125  131  116  125  120  125   31
ch:  87  125  133  141  118  126  114  125  125  115  123  125  134  120  125  133  119  131  121  126  136  124  136  126  134  123  125  133  136  126  135  134   50
ch:  88  117  124  121  125  107  114  118  121  115  121  119  124  119  114  124  120  115  117  120  118  115  124  133  118  123  116  124  122  127  122  122   38
ch:  89  125  137  118  125  118  121  123  132  134  133  119  132  126  137  122  121  125  116  136  119  136  132  133  134  138  131  130  138  140  140  131   49
ch:  90  122  124  118  118  131  121  126  123  123  135  117  117  135  117  114  138  132  121  107  114  115  118  123  138  115  117  123  132  123  134  125   37
ch:  91  125  134  121  123  119  131  125  121  125  135  126  118  121  116  132  119  123  121  134  126  121  124  125  126  131  121  138  123  136  135  140   43
ch:  92  123  114  113  123  114  112  134  132  115  121  127  121  132  123  116  122  123  122  115  131  122  122  120  115  116  120  126  116  118  132  127   47
ch:  93  119  120  126  122  124  119  125  110  123  116  118  134  125  123  125  122  119  140  120  119  124  115  138  127  124  125  138  133  124  135  130   56
ch:  94  132  127  119  103  111  125  118  123  126  117  124  123  117  131  114  116  119  116  121  125  123  119  126  116  122  122  109  117  120  118  121   50
ch:  95  124  124  122  127  126  122  132  123  124  116  124  124  115  124  125  118  134  122  114  139  121  119  133  115  137  126  123  134  134  119  119   50
ch:  96  119  119  132  119  131  117  122  125  117  134  120  124  123  118  124  134  125  118  118  117  131  119  132  120  121  110  121  116  122  119  123   41
ch:  97  120  117  132  125  120  133  123  118  120  122  125  135  127  126  118  121  132  124  133  131  135  131  133  126  130  133  122  137  132  123  134   56
ch:  98  123  132  118  124  121  131  125  118  119  131  126  122  119  118  127  114  133  113  122  124  110  110  122  124  133  118  122  120  122  116  130   43
ch:  99  115  118  118  116  120  124  124  120  131  122  122  121  123  123  120  123  133  125  122  140  122  130  124  147  125  126  124  129  140  131  132   43
ch: 100  131  124  120  124  121  116  122  121  121  115  124  121  132  123  120  115  116  115  120  116  113  120  124  123  115  116  124  119  115  120  120   52
ch: 101  132  126  117  133  121  123  121  118  123  125  122  119  124  117  115  135  118  125  121  124  137  133  114  126  122  134  126  127  127  122  135   56
ch: 102  121  120  117  118  123  116  123  123  125  120  125  122  119  131  113  119  115  117  122  106  120  119  118  120  123  130  123  132  125  125  119   46
ch: 103  122  124  136  104  132  120  133  123  122  120  122  133  133  118  118  134  132  132  135  138  119  121  117  135  134  123  135  133  136  135  138   43
ch: 104  125  114  132  133  125  122  130  115  124  120  119  123  120  120  133  116  116  123  123  121  119  114  122  120  110  125  135  119  122  133  132   56
ch: 105  117  124  132  125  130  126  122  120  120  120  121  124  118  131  121  133  124  120  136  120  133  132  132  130  120  121  126  125  135  122  132   42
ch: 106  120  126  129  114  123  125  120  119  123  119  119  136  124  114  125  118  122  120  118  118  115  125  124  116  118  120  126  130  115  124  135   52
ch: 107  122  122  131  126  131  125  134  124  129  122  132  118  131  114  125  132  122  119  122  117  122  134  123  124  138  123  133  132  123  134  132   51
ch: 108  123  126  132  122  117  122  124  122  124  121  124  115  120  122  134  119  119  125  122  131  125  134  122  131  121  119  120  125  135  122  121   53
ch: 109  125  119  125  132  132  125  134  118  121  132  132  117  123  120  120  134  114  132  131  117  119  113  120  125  133  131  132  131  135  136  132   43
ch: 110  134  121  119  133  122  120  116  115  123  119  132  123  120  132  113  110  119  116  116  109  121  123  119  111  130  110  122  126  120  131  122   38
ch: 111  128  116  133  121  140  130  132  119  126  133  121  113  130  123  133  113  136  125  123  118  135  134  126  118  124  126  125  125  134  131  130   40
ch: 112  125  122  121  118  119  117  119  119  115  122  119  126  120  115  125  131  115  115  118  120  117  118  110  121  114  114  124  121  114  115  121   38
ch: 113  118  121  130  141  135  125  119  118  132  132  131  130  124  123  121  126  121  129  120  124  120  132  134  133  120  125  139  116  145  134  136   42
ch: 114  118  121  111  123  121  120  127  124  122  113  119  120  120  118  124  117  122  119  124  117  125  115  121  113  118  114  126  120  132  127  126   35
ch: 115  119  126  131  133  119  119  126  119  115  123  137  132  133  135  125  122  133  134  121  124  133  127  127  127  121  131  137  123  131  132  142   43
ch: 116  116  123  117   -1  126  119  121  123  112  116  119  117  126  119  118  107  104  114  119  124  120  114  110  117  114  117  116  117  132  122  124   40
ch: 117  121  117  123  127  123  133  130  122  132  125  131  127  124  136  133  125  126  132  131  141  124  130  133  137  132  122  137  138  132  137  127   43
ch: 118  124  122  132  135  120  117  124  121  122  117  119  119  123  115  121  115  113  121  119  118  119  122  114  117  119  121  105  118  123  120  122   47
ch: 119  126  118  118  122  130  118  133  132  139  132  122  131  134  118  119  119  120  126  114  123  135  136  125  121  133  133  123  136  138  124  134   44
ch: 120  120  115  115  117  125  119  127  120  115  124  118  122  119  124  108  115  116  122  117  121  126  115  124  131  135  120  115  121  114  119  124   49
ch: 121  127  123  125  121  117  122  122  122  134  124  126  124  119  122  126  122  132  136  131  122  124  124  130  131  132  133  125  123  124  140  133   42
ch: 122  114  122  109  131  124  119  119  115  134  119  116  125  119  115  117  116  119  115  117  118  121  124  120  110  118  115  120  110  115  123  114   46
ch: 123  126  122  113  116  120  121  133  125  136  116  123  124  137  123  132  132  123  127  121  124  131  142  122  136  126  124  138  136  134  124  138   39
ch: 124  122  122  131  113  124  123  120  118  131  118  119  114  109  117  115  126  120  123  115  118  121  117  116  114  122  120  118  120  114  125  122   46
ch: 125  125  126  121  123  121  123  134  134  120  125  122  130  125  131  124  123  124  132  124  123  127  137  119  138  132  133  136  127  137  139  134   56
ch: 126  120  117  123  118  103  126  120  118  123  124  132  117  106  114  114  122  115  120  125  118  110  117  117  121  113  123  111  107  110  109  116   47
ch: 127  123  125  131  125  131  123  129  138  120  132  124  138  130  126  136  134  124  139  129  124  135  133  142  123  136  148  133  137  132  136  145   24
