ch    0:      0     0     0     0     0     0     0     0     0     0     0     0     0     0     0     0     0     0     0     0     0     0     0     3    63   797  5870  4781 11870 15780 10665   372
ch    1:      0     0     0     0     0     0     0     0     0     0     0     0     0     0     0     0     0     0     0     0     0     0     0     2    35   656  6531  8674  9053 10266 12628  4326
ch    2:      0     0     0     0     0     0     0     0     0     0     0     0     0     0     0     0     0     0     0     0     0     0     0     2    77   885 11059  9712 10842  9691  9021  1770
ch    3:      0     0     0     0     0     0     0     0     0     0     0     0     0     0     0     0     0     0     0     0     0     0     0     5    85  1840 12225  9904 13886  9510  6974  9068
ch    4:      0     0     0     0     0     0     0     0     0     0     0     0     0     0     0     0     0     0     0     0     0     0     0     4   114  1145 14376 14305 12234 11645  8006  2847
ch    5:      0     0     0     0     0     0     0     0     0     0     0     0     0     0     0     0     0     0     0     0     0     0     0     5   125  1780 16551 13922  8530 12119 12881  7952
ch    6:      0     0     0     0     0     0     0     0     0     0     0     0     0     0     0     0     0     0     0     0     0     0     0     4    98  1439 16968  9843  9021  8894 12449  4554
ch    7:      0     0     0     0     0     0     0     0     0     0     0     0     0     0     0     0     0     0     0     0     0     0     0     5   126  1700 12682  8374 11327 14412  9750  8942
ch    8:      0     0     0     0     0     0     0     0     0     0     0     0     0     0     0     0     0     0     0     0     0     0     0     3   119  2321 11834  8582  8267  5345 10285  6658
ch    9:      0     0     0     0     0     0     0     0     0     0     0     0     0     0     0     0     0     0     0     0     0     0     0     7   159  3313 11453 13283 12041 10627 13903 16247
ch   10:      0     0     0     0     0     0     0     0     0     0     0     0     0     0     0     0     0     0     0     0     0     0     0     6   135  1830 18648 14160 11640 10973  9211  6350
ch   11:      0     0     0     0     0     0     0     0     0     0     0     0     0     0     0     0     0     0     0     0     0     0     0     4   184  3008  4903  7210  5548  5990  7695 17223
ch   12:      0     0     0     0     0     0     0     0     0     0     0     0     0     0     0     0     0     0     0     0     0     0     0     5   224  2124 12261  7675 14233 13450 14107  7453
ch   13:      0     0     0     0     0     0     0     0     0     0     0     0     0     0     0     0     0     0     0     0     0     0     0     7   171  3842  6702 11748  6616  9238  8533 17915
ch   14:      0     0     0     0     0     0     0     0     0     0     0     0     0     0     0     0     0     0     0     0     0     0     0     4   134  4254 14248 15012  4997 13159  8348  9317
ch   15:      0     0     0     0     0     0     0     0     0     0     0     0     0     0     0     0     0     0     0     0     0     0     2    10   232  4174 10224 10314  4020  8568 12358 17215
ch   16:      0     0     0     0     0     0     0     0     0     0     0     0     0     0     0     0     0     0     0     0     0     0     0     6   220  3631  9938 12829 12283  9401  5896  8216
ch   17:      0     0     0     0     0     0     0     0     0     0     0     0     0     0     0     0     0     0     0     0     0     0     2    16   328  3779 10279  5929 11386 10381 10484 17841
ch   18:      0     0     0     0     0     0     0     0     0     0     0     0     0     0     0     0     0     0     0     0     0     0     0     1   264  3332  8968 12650 11682 11719 10759  9360
ch   19:      0     0     0     0     0     0     0     0     0     0     0     0     0     0     0     0     0     0     0     0     0     0     1    19   279  4753 11334  6536  5905 10958 15053  3086
ch   20:      0     0     0     0     0     0     0     0     0     0     0     0     0     0     0     0     0     0     0     0     0     0     2    19   304  5043  9156 11122  4125 11838 15117  9579
ch   21:      0     0     0     0     0     0     0     0     0     0     0     0     0     0     0     0     0     0     0     0     0     0     1    23   460  8384  8209  8498  7089 10676  6326  6227
ch   22:      0     0     0     0     0     0     0     0     0     0     0     0     0     0     0     0     0     0     0     0     0     0     1    19   370  6279  8464  8049  8326  8503 14437 11886
ch   23:      0     0     0     0     0     0     0     0     0     0     0     0     0     0     0     0     0     0     0     0     0     0     2    52   789 10078 11431 12820 10060 11479  9506 13173
ch   24:      0     0     0     0     0     0     0     0     0     0     0     0     0     0     0     0     0     0     0     0     0     0     2    28   503  8360 10967  8862  9342  7663  8114 10684
ch   25:      0     0     0     0     0     0     0     0     0     0     0     0     0     0     0     0     0     0     0     0     0     0     2    36   756  7598 11385  7689 10119  7539 10049  3567
ch   26:      0     0     0     0     0     0     0     0     0     0     0     0     0     0     0     0     0     0     0     0     0     0     1    10   475  6039 11170  9022 11163 13028  9045 11017
ch   27:      0     0     0     0     0     0     0     0     0     0     0     0     0     0     0     0     0     0     0     0     0     0     3    31   788 11213  8541  6627  8707 13281 10151 11970
ch   28:      0     0     0     0     0     0     0     0     0     0     0     0     0     0     0     0     0     0     0     0     0     0     0    21   536  8702  8796 11535  9340 11634 13159 13226
ch   29:      0     0     0     0     0     0     0     0     0     0     0     0     0     0     0     0     0     0     0     0     0     0     0    37   854  9162  4992 13910 11046  8764  7651  8861
ch   30:      0     0     0     0     0     0     0     0     0     0     0     0     0     0     0     0     0     0     0     0     0     0     0    36   513 10439 10692 11821  8620  8146  5468 13745
ch   31:      0     0     0     0     0     0     0     0     0     0     0     0     0     0     0     0     0     0     0     0     0     0     2    62  1134 11521 13445 12348  9576 10392  5500 10171
ch   32:      0     0     0     0     0     0     0     0     0     0     0     0     0     0     0     0     0     0     0     0     0     0     4    32   738 11553  7368  6673 13003 12460  7801 14426
ch   33:      0     0     0     0     0     0     0     0     0     0     0     0     0     0     0     0     0     0     0     0     0     0     1    51   922 14209 10429 16070 11266 10168 11894  7950
ch   34:      0     0     0     0     0     0     0     0     0     0     0     0     0     0     0     0     0     0     0     0     0     0     2    22   463 15641 13471 13098 11500  3007  9056 15598
ch   35:      0     0     0     0     0     0     0     0     0     0     0     0     0     0     0     0     0     0     0     0     0     0     1    68  1401 15488 12694 12701  8163 10482  9951 14960
ch   36:      0     0     0     0     0     0     0     0     0     0     0     0     0     0     0     0     0     0     0     0     0     0     0    40  1156  9907 12351  8218  9859  6630 12261 13249
ch   37:      0     0     0     0     0     0     0     0     0     0     0     0     0     0     0     0     0     0     0     0     0     0     3    76  1482 18100 10630  8688  7040 12141 12568  8489
ch   38:      0     0     0     0     0     0     0     0     0     0     0     0     0     0     0     0     0     0     0     0     0     0     1    29   885 13938  9979 13925  8512  4444  9467 17317
ch   39:      0     0     0     0     0     0     0     0     0     0     0     0     0     0     0     0     0     0     0     0     0     0     5    64  2023 15251 13713 13406 12358  8013  9728 17781
ch   40:      0     0     0     0     0     0     0     0     0     0     0     0     0     0     0     0     0     0     0     0     0     0     1    42   540 15678  8339 10020 13128 11911 12804 12575
ch   41:      0     0     0     0     0     0     0     0     0     0     0     0     0     0     0     0     0     0     0     0     0     0     2    79  1405  2720 10674 13374  4819 11020 12089 11064
ch   42:      0     0     0     0     0     0     0     0     0     0     0     0     0     0     0     0     0     0     0     0     0     0     2    31   999 14165 11088 12222 10014  9973  9057 16357
ch   43:      0     0     0     0     0     0     0     0     0     0     0     0     0     0     0     0     0     0     0     0     0     0     3   111  2069  2345 15788 13980  9745 10069  9379  8107
ch   44:      0     0     0     0     0     0     0     0     0     0     0     0     0     0     0     0     0     0     0     0     0     0     2    47   970 13939  9837  6744  9732  8027  2707  5743
ch   45:      0     0     0     0     0     0     0     0     0     0     0     0     0     0     0     0     0     0     0     0     0     0     4   127  2675  2268  7402 10027 12177 10267 11304 13077
ch   46:      0     0     0     0     0     0     0     0     0     0     0     0     0     0     0     0     0     0     0     0     0     0     4    62  1439 13253  7464 14395  4693 14744 12033 17059
ch   47:      0     0     0     0     0     0     0     0     0     0     0     0     0     0     0     0     0     0     0     0     0     0     8   244  2079 10690  8255  9932  9517 10203  9440 17638
ch   48:      0     0     0     0     0     0     0     0     0     0     0     0     0     0     0     0     0     0     0     0     0     0     2    73  1822 11311  8283  7721 14698 10800  9793 18680
ch   49:      0     0     0     0     0     0     0     0     0     0     0     0     0     0     0     0     0     0     0     0     0     0     9   117  1893  6883 16553  6928 10051 13247 13884 10766
ch   50:      0     0     0     0     0     0     0     0     0     0     0     0     0     0     0     0     0     0     0     0     0     0     1    41  1256 16690 10420 13730  9445 13992  8511 11623
ch   51:      0     0     0     0     0     0     0     0     0     0     0     0     0     0     0     0     0     0     0     0     0     0     3   133  3167  5907 12287  9966  9502 11739  9715 13622
ch   52:      0     0     0     0     0     0     0     0     0     0     0     0     0     0     0     0     0     0     0     0     0     1     2    70  1165 16816  7308  8929 10096 11442  4725  4159
ch   53:      0     0     0     0     0     0     0     0     0     0     0     0     0     0     0     0     0     0     0     0     0     0     4   107  2224 12251 12871 10617  9516 10612  8774 14562
ch   54:      0     0     0     0     0     0     0     0     0     0     0     0     0     0     0     0     0     0     0     0     0     0     1    73  1732 17862 10242 10670 10299 11854  6363  2050
ch   55:      0     0     0     0     0     0     0     0     0     0     0     0     0     0     0     0     0     0     0     0     0     0    10   169  4253 12267  9031 11701  9543  8698 13876 11850
ch   56:      0     0     0     0     0     0     0     0     0     0     0     0     0     0     0     0     0     0     0     0     0     0     2    87  2366  6579 14120  8464  9544 12043  7172  9446
ch   57:      0     0     0     0     0     0     0     0     0     0     0     0     0     0     0     0     0     0     0     0     0     0     3   175  3499  6016 12066 10661 11839  4937  7163  3654
ch   58:      0     0     0     0     0     0     0     0     0     0     0     0     0     0     0     0     0     0     0     0     0     0     1    43  1204  5051 10796 14466 10435 13389  9851  5980
ch   59:      0     0     0     0     0     0     0     0     0     0     0     0     0     0     0     0     0     0     0     0     0     1    10   317  3303 14446  9527 12311 16876  8253 11620 10672
ch   60:      0     0     0     0     0     0     0     0     0     0     0     0     0     0     0     0     0     0     0     0     0     0    10   126  3839 10276 10153 10259 10594 10256  7704  5806
ch   61:      0     0     0     0     0     0     0     0     0     0     0     0     0     0     0     0     0     0     0     0     0     0     6   239  4806 12809  8346  9221 13611  9698  9310  8676
ch   62:      0     0     0     0     0     0     0     0     0     0     0     0     0     0     0     0     0     0     0     0     0     0     0    86  2048  7964  9009  5933  9311  8172  7422  6194
ch   63:      0     0     0     0     0     0     0     0     0     0     0     0     0     0     0     0     0     0     0     0     0     1    10   223  3415  9734 12176 11221  7096 10225 10879 16510
ch   64:      0     0     0     0     0     0     0     0     0     0     0     0     0     0     0     0     0     0     0     0     0     0     1    91  1908  5395 11378 10244  9360  4225 11865  3969
ch   65:      0     0     0     0     0     0     0     0     0     0     0     0     0     0     0     0     0     0     0     0     0     0    10   183  3360  8266  7334 13266 15012 15605 12493  2886
ch   66:      0     0     0     0     0     0     0     0     0     0     0     0     0     0     0     0     0     0     0     0     0     0     3   149  1841  4443  7508  9582 12327 10522  9575  9861
ch   67:      0     0     0     0     0     0     0     0     0     0     0     0     0     0     0     0     0     0     0     0     0     0     7   198  3563  2601  8549 15834 10216  9602  8195  8152
ch   68:      0     0     0     0     0     0     0     0     0     0     0     0     0     0     0     0     0     0     0     0     0     0     3    83  1454  6393 11027 10002 10632 12847 10303  5204
ch   69:      0     0     0     0     0     0     0     0     0     0     0     0     0     0     0     0     0     0     0     0     0     0     7   224  4167  5242  7405  6095 10685  7212 13219  6439
ch   70:      0     0     0     0     0     0     0     0     0     0     0     0     0     0     0     0     0     0     0     0     0     0     5    90  1410 15506 14257  9105 11457  9864  9431  3516
ch   71:      0     0     0     0     0     0     0     0     0     0     0     0     0     0     0     0     0     0     0     0     0     0     6   288  6361  9531 11521 10480  5801  6009  7651  5306
ch   72:      0     0     0     0     0     0     0     0     0     0     0     0     0     0     0     0     0     0     0     0     0     0     2   130  2171 15912  6474  7491 10788  9310 14951  8095
ch   73:      0     0     0     0     0     0     0     0     0     0     0     0     0     0     0     0     0     0     0     0     0     0    15   308  4274 14643 11243  5982  8619 11805 12324  7157
ch   74:      0     0     0     0     0     0     0     0     0     0     0     0     0     0     0     0     0     0     0     0     0     0     6   138  1981  3541 10933 10773  8401  6380  9758  7012
ch   75:      0     0     0     0     0     0     0     0     0     0     0     0     0     0     0     0     0     0     0     0     0     0    12   267  4952 12715 12125 12078 10153 11960  7961 14804
ch   76:      0     0     0     0     0     0     0     0     0     0     0     0     0     0     0     0     0     0     0     0     0     0     4   151  1647 14447  6833 11481 12715  7386 11681 10045
ch   77:      0     0     0     0     0     0     0     0     0     0     0     0     0     0     0     0     0     0     0     0     0     1     8   191  5352 13177  8863 15166 13306 11735 15644 15947
ch   78:      0     0     0     0     0     0     0     0     0     0     0     0     0     0     0     0     0     0     0     0     0     0     3   117  1968  4877 12655  9317  8311 12528 12165 12859
ch   79:      0     0     0     0     0     0     0     0     0     0     0     0     0     0     0     0     0     0     0     0     0     0    12   247  4150 11312  9202  8715  5954 12636  7777 11650
ch   80:      0     0     0     0     0     0     0     0     0     0     0     0     0     0     0     0     0     0     0     0     0     0     6   177  3179 17140 11021 14654  8504 11693  8246 12699
ch   81:      0     0     0     0     0     0     0     0     0     0     0     0     0     0     0     0     0     0     0     0     0     0    12   270  4041 13703 13108  7313 10313 11982  9546  7474
ch   82:      0     0     0     0     0     0     0     0     0     0     0     0     0     0     0     0     0     0     0     0     0     0     2   109  2470  3854  9840  8859  6633 14390  8824 17127
ch   83:      0     0     0     0     0     0     0     0     0     0     0     0     0     0     0     0     0     0     0     0     0     0    19   390  6669 10097 11475  5930 11419  8253  6998 12907
ch   84:      0     0     0     0     0     0     0     0     0     0     0     0     0     0     0     0     0     0     0     0     0     0     2   131  3311 14521 11707  4720  8076 12303 11976 14361
ch   85:      0     0     0     0     0     0     0     0     0     0     0     0     0     0     0     0     0     0     0     0     0     0    13   204  4879 14096  9052  8767 15611  7497 11637  4870
ch   86:      0     0     0     0     0     0     0     0     0     0     0     0     0     0     0     0     0     0     0     0     0     0     2   123  1698 15036  7375  6022 11798 11982 13537 12246
ch   87:      0     0     0     0     0     0     0     0     0     0     0     0     0     0     0     0     0     0     0     0     0     1    11   260  5222 12652 11042  9823  8625  7598  6476 11717
ch   88:      0     0     0     0     0     0     0     0     0     0     0     0     0     0     0     0     0     0     0     0     0     0     3   154  3136 14764  7731  7716 10614 13484 12729 15902
ch   89:      0     0     0     0     0     0     0     0     0     0     0     0     0     0     0     0     0     0     0     0     0     0     7   238  3710 15900  8344 13017 11436  9477  9863 11218
ch   90:      0     0     0     0     0     0     0     0     0     0     0     0     0     0     0     0     0     0     0     0     0     1     3   126  2899  9265 13879 10811 10058  6114  8202 15589
ch   91:      0     0     0     0     0     0     0     0     0     0     0     0     0     0     0     0     0     0     0     0     0     0     6   304  3811 11154 12702 12893  9039  5859  5440 15006
ch   92:      0     0     0     0     0     0     0     0     0     0     0     0     0     0     0     0     0     0     0     0     0     0     2   108  2145 15950  9607  9086 10966  9531  7948 14152
ch   93:      0     0     0     0     0     0     0     0     0     0     0     0     0     0     0     0     0     0     0     0     0     0    15   229  4060  4670  7315  7931 12061 14111  6820  8707
ch   94:      0     0     0     0     0     0     0     0     0     0     0     0     0     0     0     0     0     0     0     0     0     0     1    84  1868 10536  9885 11311  8494  8789 14066 17423
ch   95:      0     0     0     0     0     0     0     0     0     0     0     0     0     0     0     0     0     0     0     0     0     0     8   190  3699 16579 13739 10092 14480  9261 13821  7161
ch   96:      0     0     0     0     0     0     0     0     0     0     0     0     0     0     0     0     0     0     0     0     0     0     2   148  3369 11220 13922  9255  9695  8332 10828  6325
ch   97:      0     0     0     0     0     0     0     0     0     0     0     0     0     0     0     0     0     0     0     0     0     0    10   357  5680 14456 12820  7701  7608  8562 12271 10302
ch   98:      0     0     0     0     0     0     0     0     0     0     0     0     0     0     0     0     0     0     0     0     0     0     2   163  2203  6996 10780 11624 13387 12567 11634  5636
ch   99:      0     0     0     0     0     0     0     0     0     0     0     0     0     0     0     0     0     0     0     0     0     0    13   279  4027  7960 14706 13957  7914 10187  8327 14140
ch  100:      0     0     0     0     0     0     0     0     0     0     0     0     0     0     0     0     0     0     0     0     0     0     2   141  2001 14695  9759  7356 12266 10769 10967  9906
ch  101:      0     0     0     0     0     0     0     0     0     0     0     0     0     0     0     0     0     0     0     0     0     0     7   234  3858 13506  7548 14418  9235  5559 10498  9592
ch  102:      0     0     0     0     0     0     0     0     0     0     0     0     0     0     0     0     0     0     0     0     0     0     5   117  2285  9472  5237  5919  7274 12778 12148  8993
ch  103:      0     0     0     0     0     0     0     0     0     0     0     0     0     0     0     0     0     0     0     0     0     0    17   489  5366 11175 11201 13648  9283  7794  8839  9589
ch  104:      0     0     0     0     0     0     0     0     0     0     0     0     0     0     0     0     0     0     0     0     0     1     5   111  2668  7151  9732 11856 12985  9308 10524 15199
ch  105:      0     0     0     0     0     0     0     0     0     0     0     0     0     0     0     0     0     0     0     0     0     0     6   217  6144  4612  7497 11983  5658 14869 10138  9095
ch  106:      0     0     0     0     0     0     0     0     0     0     0     0     0     0     0     0     0     0     0     0     0     0     3   126  1889  3669  8737 12149 12387 13918 11425 12343
ch  107:      0     0     0     0     0     0     0     0     0     0     0     0     0     0     0     0     0     0     0     0     0     0    14   476  4924 11633 14219  7608 16269  9665 10124 12072
ch  108:      0     0     0     0     0     0     0     0     0     0     0     0     0     0     0     0     0     0     0     0     0     2     4   177  3989  7140  7267  9450 15598  8135  9989 12970
ch  109:      0     0     0     0     0     0     0     0     0     0     0     0     0     0     0     0     0     0     0     0     0     0    13   242  5643 13251 14041 12272 15137  8649  9051 15550
ch  110:      0     0     0     0     0     0     0     0     0     0     0     0     0     0     0     0     0     0     0     0     0     0     1    84  2013 14712 12244  6875 12606  8069 12850 11529
ch  111:      0     0     0     0     0     0     0     0     0     0     0     0     0     0     0     0     0     0     0     0     0     0    15   272  5127 12875 10639 11464  8212  7601  6617  6487
ch  112:      0     0     0     0     0     0     0     0     0     0     0     0     0     0     0     0     0     0     0     0     0     1     4   141  4296  7689 11153  9316  8877  8566  9856 11355
ch  113:      0     0     0     0     0     0     0     0     0     0     0     0     0     0     0     0     0     0     0     0     0     0    12   351  6237  5946 13126 10179  9529  7607  5921 10814
ch  114:      0     0     0     0     0     0     0     0     0     0     0     0     0     0     0     0     0     0     0     0     0     0     3   153  2648  7506  7071 11516  9164 10761 10041 12492
ch  115:      0     0     0     0     0     0     0     0     0     0     0     0     0     0     0     0     0     0     0     0     0     0    13   424  4644 10292 14422  9640  6741  7208 10355 10505
ch  116:      0     0     0     0     0     0     0     0     0     0     0     0     0     0     0     0     0     0     0     0     0     0    15   181  3595  3785  8919 10717 10142  8765  6076 13982
ch  117:      0     0     0     0     0     0     0     0     0     0     0     0     0     0     0     0     0     0     0     0     0     0     9   361  5275 12316  6478 13263 10735  4610  6775  5274
ch  118:      0     0     0     0     0     0     0     0     0     0     0     0     0     0     0     0     0     0     0     0     0     1    13   232  3569 13830 11390 13470 14745  9316  9802 10397
ch  119:      0     0     0     0     0     0     0     0     0     0     0     0     0     0     0     0     0     0     0     0     0     0    18   434  7175 13950  8213  7999 10714  7902 11559  9932
ch  120:      0     0     0     0     0     0     0     0     0     0     0     0     0     0     0     0     0     0     0     0     0     0     6   127  3946  6283 15885 12020 13242  8442 11830 10525
ch  121:      0     0     0     0     0     0     0     0     0     0     0     0     0     0     0     0     0     0     0     0     0     0    13   405  5860  9380 10523  6154  4997 13518 13027  9245
ch  122:      0     0     0     0     0     0     0     0     0     0     0     0     0     0     0     0     0     0     0     0     0     1    10   140  2865  3845  2922 11399 10241  5704  8718  9796
ch  123:      0     0     0     0     0     0     0     0     0     0     0     0     0     0     0     0     0     0     0     0     0     1    18   423  7616 10933 11354 14412 10584  8710  9452  5678
ch  124:      0     0     0     0     0     0     0     0     0     0     0     0     0     0     0     0     0     0     0     0     0     0    12   319  5558 12893 11083 11076 13531 11045  9240  9985
ch  125:      0     0     0     0     0     0     0     0     0     0     0     0     0     0     0     0     0     0     0     0     0     3    71  1280 16726  6798  8235 11266 12349  6526 12384  9480
ch  126:      0     0     0     0     0     0     0     0     0     0     0     0     0     0     0     0     0     0     0     0     0     0    27   349  5648 12372 14256 10243  8748  9399 13122  5651
ch  127:      0     0     0     0     0     0     0     0     0     0     0     0     0     0     0     0     0     0     0     0     2    81  1174 12365  8500  7428  4591 12611  9156 14047 10526 12567
