# ID XA-000-08-002-001-007-236-15
# Tag _trim_
# Date 240715_13:33:41
# Vref_p 58
# Vref_n 18
# Thr2_glb 44
# Vref_t 118
# Vref_t_range 1
# Pol 1
# ADC range 30-247
# FAST disc 30
ch:   0  114  117  122  114  108  123  115  113  117  113  112  123  116  121  115  108  131  109  129  119  122  116  125  109  127  141  125  131  122  137  137    5
ch:   1  122  116  113   98  107  106  107  124  119  110  114  118  115  114   -1  121  120  115  116  124  120  120  121  122  119  126  119  136  134  134  139   49
ch:   2  117  107  114  115  119  118  120  135  116  120  119  108  119  118  121  120  120  130  121  121  120  129  134  136  115  124  133  138  142  134  122   26
ch:   3  101  117  111  108  115  102  116  113  116  121  110  113  110  117  110  124  118  114  119  114  121  115  118  118  120  125  139  134  120  134  135   53
ch:   4  116  122  116   -1  115  110  112  115  115  116  116  110  113  121  118  108  111  106  120  114  119  130  121  115  119  115  126  129  139  120  133   56
ch:   5  117  117  117  118  116  113  121  117  111  108  116  118  110  106  124  121  114  123  110  115  126  122  123  131  117  121  131  125  135  121  133   47
ch:   6  110  109  117  111  105  117  115  115  107  105  110  106  111  110  110  119  122  120  116  121  134  119  119  125  118  123  131  132  138  137  139   56
ch:   7  118  107  115  115  117  114  108  111  121  116  109  117  108  116  115  120  116  114  117  108  117  123  116  117  125  122  138  125  139  135  124   38
ch:   8  113  116  114  117  113  118  108  119  105   93  114  107  108  104  119  111  124  112  135  115  116  123  119  117  134  120  136  123  121  135  136   49
ch:   9  115  115  121  107  107  108  115  118  116  121  106  108  116  112  120  117  108  113  123  121  125  117  126  123  134  138  123  135  131  133  141   51
ch:  10  115  107  115  115  107  101  108  119  116  118  117  111  104  105  106  121  108  122  119  119  118  117  123  120  116  124  133  121  133  125  133   56
ch:  11  106  109  122  120  115  105  108  124  117  108  121  115  120  110  116   98  104  121  108  115  110  123  115  109  120  134  131  134  134  137  137   48
ch:  12  108  122  110  117  110  114  101  115  111  123  120  113  110  107  117  103  116  115  114  120  123  125  132  122  118  123  118  136  139  119  140   56
ch:  13  108  107  107  114  111  106  108  117  111  111  116  123  116  118  109  119  119  108  109  117  105  114  118  120  117  123  121  125  122  129  122   47
ch:  14  115  107  117  105  117  115  113  119  118  121  110  110  111  115  101  121  106  104  107  114  116  114  121  117  126  133  126  123  131  132  132   48
ch:  15  106  114  104  117  117  114  107  121  110  116  108  118  116  122  116  119  116  118  114  120  120  136  126  134  124  123  138  125  138  141  141   48
ch:  16  121  109  118  115  119  116  110  117  107  108  113  121  116  114  121  134  113  122  108  120  118  122  122  116  132  122  115  126  136  127  137   49
ch:  17  108  119  116  117  117  119  111  111  107  118  116  114  116  114  115  116  114  115  115  132  114  115  124  119  124  135  110  137  136  136  143   43
ch:  18  119  109  104  106   98  123  118  117  110  118  119  108  118  116  124  120  122  116  118  115  123  122  123  126  111  125  126  139  134  137  135   56
ch:  19  118  105  121  107  109  106  110  115  110  118  106  110  107  124  108  120  117  117  116  124  120  126  117  123  125  120  139  135  133  139  137   34
ch:  20  117  108  107  114  109  117  111  121  125  109  117  113  115  121  109  122  121  119  113  122  119  116  138  132  116  120  133  121  133  133  135   56
ch:  21  123  111  118  117  118  115  109  113  117  108  120  121  117  122  118  125  122  126  110  125  120  115  123  125  125  126  134  121  134  142  137   52
ch:  22  111  118  115  124  117  116  115  117  118  116  121  121  122  122  119  120  120  123  119  125  134  126  120  132  116  135  125  125  139  138  123   47
ch:  23  121  108  104  117  109  121  117  109  106  108  123  119  120  120  110  131  111  119  129  107  116  126  125  133  124  123  124  138  121  144  124   43
ch:  24  118  120  116  108  110  118  119  123  108  114  124  114  123  120  122  121  113  124  118  120  115  114  138  123  119  124  135  132  148  133  137   50
ch:  25  119  121  121  121  114  114  110  108  114  116  116  108  120  109  118  118  123  122  130  103  125  121  120  147  125  125  130  135  122  124  135   52
ch:  26  122  110  119  106  110  125  111  115  116  116  103  124  118  121  116  118  120  120  118  117  122  119  118  123  123  133  133  125  136  137  140   47
ch:  27  115  118  117  103  124  119  110  123  111  108  106  123  123  122  118  125  118  117  122  122  125  118  120  117  122  121  129  118  140  142  138   56
ch:  28  117  121  122  102  123  118  123  121  115  109  119  108  107  133  109  121  119  119  127  119  116  119  122  131  121  133  125  124  134  124  137   38
ch:  29  107  110  101  122  105  120  115  118  109  120  117  121  115  114  121  117  125  120  117  115  116  115  131  121  134  136  126  137  127  139  139   56
ch:  30  116  122  119  115  104   -1  123  120  118  108  115  123  105  120  116  124  118  110  121  123  118  131  119  135  117  123  134  137  124  147  139   48
ch:  31  117  119  113  120  122  108  117  110  109  116  115  116  114  124  112  119  123  120  120  120  133  118  119  124  110  137  134  125  136  141  135   54
ch:  32  125  109  118  108  110  119  111  115  116  117  124  111  117  125  118  124  120  123  120  133  130  126  138  121  113  136  125  134  122  132  140   38
ch:  33  119  100  119  105  121  111  115  105  116  116  116  108  118  124  116  119  116  118  119  109  114  132  119  133  129  121  134  135  139  138  142   52
ch:  34  116  122  106  119  117  117  106  115  118  118  122  131  122  123  123  119  120  118  121  124  119  125  135  135  136  133  133  126  134  130  141   29
ch:  35  121  119  108  109   97  111  113  116  115  119  114  118  130  122  115  126  119  120  124  125  135  123  130  126  137  134  133  134  140  134  138   55
ch:  36  120  118  106  114  120  120  122  120  121  115  120  116  133  115  122  117  115  122  118  117  134  131  133  137  127  140  132  137  148  136  142   31
ch:  37  115  109  118  132  120  117  116  117  117  108  123  117  123  118  119  120  113  118  132  131  125  137  137  120  135  138  135  131  148  138  140   52
ch:  38  111  109  121  118  120  129  109  118  119  121  121  120  118  113  125  123  120  120  123  133  124  122  120  133  122  131  133  132  138  139  132   36
ch:  39  108  119  111  122  117  122  109  110  116  123  120  116  123  117  115  118  119  136  121  132  132  134  134  131  132  136  139  139  140  134  140   51
ch:  40  121  125  107  125  107  120  125  108  102  116  122  114  123  121  121  123  110  120  130  123  125  127  135  124  125  120  138  140  134  135  141   31
ch:  41  110  108  117  111  124  120  111  123  114  118  127  131  114  119  120  114  118  123  115  120  127  118  122  119  126  134  127  138  133  139  150   52
ch:  42  123  111  115  114  109  114  106  119  117  116  119  117  119  125  121  119  122  120  126  116  123  116  132  129  131  136  136  132  139  132  136   46
ch:  43  103  106  123  106  116  122  133  115  108  103  109  110  123  130  126  117  121  122  120  119  120  129  124  122  124  121  138  119  143  136  139   51
ch:  44  119  114  122  108  111  131  106  119  118  122  118  118  124  118  109  119  125  121  133  116  124  119  123  122  122  124  137  148  136  134  134   28
ch:  45  107  113  109  123  121  110  122  124  117  119  123  122  125  107  117  126  125  111  133  122  121  137  121  119  119  138  133  135  132  145  145   52
ch:  46  119  125  113  117  122  103  115  117  121  110  132  110  124  119  123  108  124  118  115  133  133  131  121  137  127  133  143  133  132  136  134   35
ch:  47  115  109  106  120  122  114  120  121  119  132  120  121  118  116  125  108  111  124  121  133  119  124  122  135  143  133  135  139  136  136  140   55
ch:  48  122  124  106  116  115  119  110  121  117  122  122  121  126  125  118  127  123  136  116  120  138  131  120  132  127  139  135  137  136  145  140   30
ch:  49  111  126  117  106  116  120  123  123  104  123  113  118  124  116  119  124  118  122  117  125  123  137  122  134  123  126  134  135  137  138  141   41
ch:  50  113  116  121  110  124  122  123  114  110  123  109  125  118  118  123  125  120  133  126  123  131  126  119  124  119  133  134  139  139  138  141   35
ch:  51  124  115  119  127  110  123  116  116  108  110  120  121  131  119  136  118  115  126  122  125  119  132  134  126  133  139  123  139  141  149  143   42
ch:  52  123  123  118  119  125  119  123  111  117  115  124  132  134  120  118  125  119  124  133  121  124  137  116  119  126  132  130  136  143  135  150   30
ch:  53  108  121  115  117  115  118  110  106  123  107  101  111  131  115  117   -1  119  115  126  132  123  118  123  124  119  140  135  140  134  139  132   52
ch:  54  115  120  117  110  102  107  116  114  118  123  119  123  118  119  141  123  124  134  121  119  120  124  122  137  111  122  126  135  146  134  137   33
ch:  55  110  110  133  109  110  121  122  118  130  115  108  123  119  118  118  118  110  123  123  119  122  130  139  133  118  140  123  148  134  147  150   28
ch:  56  114  109  110  120  109  110  122  110  119  117  129  116  117  117  125  117  133  134  123  120  121  123  132  125  132  132  132  132  139  139  148   30
ch:  57  116  116  124  119  121  115  118  125  118  118  120  118  118  118  116  125  132  122  121  131  123  140  125  129  139  127  134  136  133  133  138   34
ch:  58  111  124  114  117  124  109  119  114  133  131  131  118  124  120  132  125  125  124  114  131  122  127  139  125  139  118  143  138  135  139  138   28
ch:  59  120  120  108  109  122  122  114  115  122  106  121  116  132  121  117  114  120  123  132  120  118  122  136  122  133  133  146  138  134  136  124   35
ch:  60  125  114  119  121  121  120  123  109  116  119  119  118  121  126  124  127  117  124  134  122  122  129  131  133  134  135  132  132  140  143  135   37
ch:  61  110  106  115  116  116  111  120  121  122  118  116  117  109  118  107  117  119  134  121  119  134  124  136  122  125  121  127  136  139  134  142   26
ch:  62  121  103  116  122  123  116  121  120  113  115  126  120  123  132  133  120  106  125  124  125  125  125  117  132  135  132  131  123  140  136  133   33
ch:  63  118  117  117  118  110  116  111  111  107  123  121  115  107  118  117  111  133  134  122  137  123  133  120  123  123  136  137  137  148  137  136   42
ch:  64  125  117  106  116  126  120  102  122  117  130  130  125  121  133  117  119  117  115  119  125  115  132  124  140  125  126  135  135  138  140  126   50
ch:  65  109  122  114  118  117  119  126  134  117  131  126  118  116  118  132  108  126  118  127  133  117  128  122  142  121  132  124  137  135  131  148   26
ch:  66  104  122  120  111  121  108  122  109  120  112  109  133  117  123  121  120  116  126  117  123  117  119  133  136  131  122  136  138  132  135  138   19
ch:  67  109  113  107  117  117  105  115  116  122  117  121  110  114  117  123  110  117  132  119  134  118  119  121  134  135  109  140  134  137  135  154   27
ch:  68  120  116  134  121  131  117  120  116  129  124  119  125  119  131  119  118  125  122  123  124  125  132  116  126  132  123  136  138  139  150  139   25
ch:  69  121  109  118  109  116  117  133  126  118  103  110  122  124  116  126  119  120  123  129  114  122  122  120  133  132  130  136  131  127  136  129   41
ch:  70  120  108  116  118  119  121  116  109  133  124  119  123  120  133  132  115  118  115  119  124  123  127  134  123  124  123  121  133  141  137  141   29
ch:  71  107  125  116  116  122  108  120  117  120  114  117  122  115  118  122  105  125  130  121  124  122  121  131  133  125  135  138  132  141  133  148   42
ch:  72  115  121  120  108  117  114  123  119  125  122  121  116  124  126  126  123  123  127  125  132  124  135  133  126  122  133  135  141  139  146  143   30
ch:  73  121  122  120  118  120  109  114  117  117  120  114  121  134  119  124  123  121  117  118  129  132  121  122  114  137  119  142  117  136  138  137   33
ch:  74  111  118  117  106  117  117  120  117  106  115  119  120  123  121  127  124  120  119  122  125  122  123  121  131  136  138  126  134  149  148  138   35
ch:  75  120  119  123  119  118  131  120  115  118  124  115  121  119  130  111  117  123  106  120  121  136  125  120  135  131  120  125  139  137  134  137   34
ch:  76  119  109  123  120  117  124  124  121  117  122  132  123  126  122  120  121  108  121  123  133  124  139  124  125  119  125  127  142  126  126  134   31
ch:  77  106  121  123  119  115  110  116  110  117  118  133  120  113  121  122  126  106  117  121  119  121  134  125  121  127  133  135  139  151  132  139   34
ch:  78  122  121  114  109  115  117  119  121  120  119  124  124  119  108  123  120  117  126  124  134  120  123  124  134  132  123  123  135  132  124  133   28
ch:  79  124  118  110  117  123  131  119  124  124  117  118  119  125  115  115  130  116  124  120  122  133  117  115  115  121  139  126  124  139  147  124   34
ch:  80  115  120  121  114  122  121  116  120  119  116  122  135  136  124  126  133  123  130  133  125  122  118  133  121  123  126  148  132  139  141  137   31
ch:  81  120  110  123  118  116  132  116  115  131  117  121  121  109  130  120  120  122  110  122  119  125  120  133  135  122  124  121  123  137  134  148   41
ch:  82  115  114  114  118  121  117  121  115  120  118  111  115  118  121  132  119  122  124  131  132  123  127  117  125  119  134  124  132  134  134  135   29
ch:  83  123  123  109  108  120  115  116  130  113  122  119  120  123  121  108  123  118  119  132  132  123  124  131  124  124  133  140  135  132  136  140   42
ch:  84  121  107  123  114  116  117  110  124  124  116  124  121  123  123  120  120  127  125  133  122  108  118  116  122  138  135  134  148  150  140  126   26
ch:  85  118  121  120  109  123  106  120  116  124  120  118  110  139  120  134  118  125  118  125  118  115  126  126  121  133  139  125  136  134  148  137   26
ch:  86  108  120  103  122  110  115  120  119  117  131  117  108  118  121  132  120  132  124  124  140  121  120  141  131  124  121  137  146  140  149  141   29
ch:  87  122  116  110  107  111  121  118  115  119  123  123  132  120  135  126  121  115  124  116  115  124  126  119  123  124  133  136  121  136  140  140   28
ch:  88  102  115  113  118  116  123  109  119  126  123  118  121  125  110  131  121  119  118  115  125  134  132  119  124  137  135  140  129  131  141  147   44
ch:  89  120  117  112  115  119  118  113  120  117  120  132  115  124  117  118  131  136  120  121  127  133  125  120  121  126  138  139  135  134  137  136   41
ch:  90  117  120  114  118  118  125  116  108  109  106  118  105  120  116  115  125  122  120  126  125  123  121  114  123  117  141  132  134  136  136  149   36
ch:  91  107  115  118  121  121  108  127  120  117  120  122  125  123  108  119  110  125  119  125  120  119  119  117  121  132  132  134  135  140  142  139   42
ch:  92  120  124  121  124  120  116  119  121  121  120  116  117  123  122  119  132  122  136  121  134  134  131  136  118  130  132  133  126  121  141  133   29
ch:  93  122  116  121  113  116  110  119  121  123  132  118  123  125  118  114  127  115  118  130  124  121  126  114  132  133  133  133  137  126  147  136   34
ch:  94  126  120  119  121  121  115  116  122  122  121  118  134  131  130  118  118  121  126  115  131  119  138  137  121  123  117  140  142  135  136  153   36
ch:  95  115  126  116  116  109  124  116  124  109  115  124  119  110  108  117  121  126  124  116  127  118  122  136  135  124  127  126  141  135  145  142   42
ch:  96  119  116  123  111  109  122  110  114  119  119  122  120  122  118  120  119  126  116  121  140  119  138  138  125  127  136  137  126  136  148  132   37
ch:  97  105  117  121  107  115  110  118  122  126  104  123  120  116  118  118  120  135  123  126  126  125  131  119  119  141  141  136  127  138  132  141   34
ch:  98  120  120  110  119  123  120  107  117  115  115  122  110  125  134  116  117  121  116  127  123  118  131  132  120  133  140  132  124  123  141  141   46
ch:  99  115  108  117  120  115  117  121  119  119  117  124  123  118  122  124  120  134  126  140  122  125  124  141  119  136  134  139  135  138  141  134   35
ch: 100  108  118  106  107  118  109  120  115  134  114  122  111  124  118  121  135  122  115  123  134  119  120  132  132  133  134  134  123  139  126  138   38
ch: 101  110  114  108  118  121  116  124  123  116  118  122  122  122  118  125  118  120  115  111  130  123  122  134  138  135  127  142  142  135  119  139   33
ch: 102  107  119  124  115  119  125  116  120  119  123  107  110  119  121  121  122  119  126  142  124  123  120  121  118  134  122  134  126  137  148  143   56
ch: 103  117  113  122  120  118  115  120  110  120  125  109  123  109  124  122  114  120  124  120  123  123  127  132  136  140  132  135  137  135  148  149   42
ch: 104  106  103  116  122  117  119  127  118  118  116  111  109  107  115  119  123  122  133  118  123  133  123  122  123  136  138  137  141  124  150  141   44
ch: 105  116  119  120  121  119  116  134  124  114  126  114  121  119  123  116  115  122  124  122  117  123  122  135  122  123  116  136  133  134  151  136   41
ch: 106  111  111  115  118  122  110  119  124  120  125  136  105  118  108  134  121  115  125  119  119  122  126  118  130  136  135  133  122  139  136  135   52
ch: 107  115  111  108  120  115  118  117  121  113  120  119  113  121  115  120  120  116  120  126  122  126  120  137  121  121  134  115  143  133  156  147   43
ch: 108  119  111  122  110  122  118  116  128  123  116  126  119  126  117  116  120  123  132  119  134  120  136   -1  134  132  135  136  138  137  140  135   46
ch: 109  118  120  109  118  123  119  124  115  121  125  110  121  117  122  122  126  127  126  120  125  119  118  133  139  130  133  135  136  127  124  138   52
ch: 110  117  114  120  130  119  114  116  127  115  121  114  132  120  122  123  120  126  134  125  124  124  133  123  125  135  129  133  127  148  140  152   56
ch: 111  120  130  115  117  126  114  118  108  114  110  122  124  124  121  121  116  124  120  132  120  130  135  120  123  141  131  135  121  139  140  149   42
ch: 112  133  124  119  115  117  124  116  111  117  117  122  116  131  121  126  126  131  133  121  135  132  137  119  135  134  135  130  151  147  141  140   56
ch: 113  118  116  120  117  116  121  115  123  123  115  117  120  131  116  123  130  121  124  138  123  133  132  134  123  133  135  139  138  142  142  149   53
ch: 114  122  117  115  121  110  115  121  123  124  116  117  119  121  108  111  119  117  115  133  117  119  110  136  123  138  132  132  141  138  136  133   56
ch: 115  114  124  105  134  110  117  126  108  122  114  116  118  117  127  132  132  117  118  118  127  121  123  122  131  140  124  118  147  139  132  136   42
ch: 116  124  127  117  116  122  122  123  125  116  117  134  116  131  117  123  122  131  122  125  141  138  134  122  136  133  125  140  133  141  141  155   56
ch: 117  118  114  130  121  113  107  136  126  117  118  126  110  105  120  118  116  126  132  118  125  122  122  136  136  125  126  124  151  136  125  152   51
ch: 118  110  116  109  120  109  122  120  122  115  107  117  125  117  116  133  124  124  108  121  122  121  133  133  123  135  134  131  120  138  135  141   56
ch: 119  123  121  123  124  119  125  114  120  121  118  110  119  110  111  119  125  136  132  118  123  124  134  132  125  125  138  137  141  130  138  147   51
ch: 120  121  119  115  118  108  100  120  110  110  134  116  125  124  124  125  125  124  115  119  126  124  125  124  132  138  139  126  137  142  136  138   56
ch: 121  107  121  116  118  123  110  109  116  120  122  109  117  135  122  125  119  119  114  122  131  136  122  136  131  136  135  126  147  149  155  143   52
ch: 122  133  118  107  122  115  114  118  115  120  114  127  126  118  110  125  124  108  118  125  131  122  123  123  134  121  134  121  134  135  138  139   56
ch: 123  102  123  111  116  125  124  120  112  121  111  125  118  121  131  121  132  121  123  125  124  116  118  121  125  132  136  138  133  135  137  142   41
ch: 124  109  110  122  118  123  111  116  117  121  116  113  110  121  125  119  124  117  130  116  139  130  122  126  141  134  120  122  138  135  142  139   56
ch: 125  114  115  118  118  118  132  116  121  119  118  123  122  125  122  115  122  120  136  134  126  126  133  136  133  123  127  137  141  139  136  153   34
ch: 126  110  122  108  104  121  122  123  121  118  120  107  115  116  123  117  131  122  117  133  125  134  121  127  141  120  146  125  140  127  140  142   56
ch: 127  121  125  134  120  117  118  120  137  126  125  136  137  142  134  132  135  127  134  153  145  136  148  141  141  154  150  153  150  148  155  161   53
