ch    0:      0     0     0     0     0     0     0     0     0     0     0     0     0     0     0     0     0     0     0     0     0     0     0     0     4   186  2480 12737  9504  7679  4704     0
ch    1:      0     0     0     0     0     0     0     0     0     0     0     0     0     0     0     0     0     0     0     0     0     0     1     1    52   692  8307 14860 13165  7979 11338   100
ch    2:      0     0     0     0     0     0     0     0     0     0     0     0     0     0     0     0     0     0     0     0     0     0     0     0    10   710  8445 14612 16795  7542 11746     4
ch    3:      0     0     0     0     0     0     0     0     0     0     0     0     0     0     0     0     0     0     0     0     0     0     1     5    63  1360 14522  6661 12493  9933  9363   611
ch    4:      0     0     0     0     0     0     0     0     0     0     0     0     0     0     0     0     0     0     0     0     0     0     0     2    12   597 10336  7727  8055  8381 10855   230
ch    5:      0     0     0     0     0     0     0     0     0     0     0     0     0     0     0     0     0     0     0     0     0     0     0     4    98  1938  8890  9355 11180 13781 13890   878
ch    6:      0     0     0     0     0     0     0     0     0     0     0     0     0     0     0     0     0     0     0     0     0     0     0     1    41   608 14885 11005 10911 12037  7666   387
ch    7:      0     0     0     0     0     0     0     0     0     0     0     0     0     0     0     0     0     0     0     0     0     0     0     1   127  3239 12201 12850 13507  8038 11631   979
ch    8:      0     0     0     0     0     0     0     0     0     0     0     0     0     0     0     0     0     0     0     0     0     0     0     1    41  1043 13051 11208  9553  9750  8687   482
ch    9:      0     0     0     0     0     0     0     0     0     0     0     0     0     0     0     0     0     0     0     0     0     0     0     7   229  3500  8269 11060 11082 10713 11194  1835
ch   10:      0     0     0     0     0     0     0     0     0     0     0     0     0     0     0     0     0     0     0     0     0     0     0     2    67  2262 11209 10422  6840 10124 10134   603
ch   11:      0     0     0     0     0     0     0     0     0     0     0     0     0     0     0     0     0     0     0     0     0     0     0     4   211  4243  6636  7426 10536  4095 13184  1311
ch   12:      0     0     0     0     0     0     0     0     0     0     0     0     0     0     0     0     0     0     0     0     0     0     0     6    72  2194 11340 12014 10539  9341 16052   619
ch   13:      0     0     0     0     0     0     0     0     0     0     0     0     0     0     0     0     0     0     0     0     0     0     0     7   247  6347 11347  5879 10824 11234 13104  1681
ch   14:      0     0     0     0     0     0     0     0     0     0     0     0     0     0     0     0     0     0     0     0     0     0     0     1    68  1702  4669 15348 13965  7452  6454   908
ch   15:      0     0     0     0     0     0     0     0     0     0     0     0     0     0     0     0     0     0     0     0     0     0     1    16   242  5959  5862 10816 14833 11546  8925  1672
ch   16:      0     0     0     0     0     0     0     0     0     0     0     0     0     0     0     0     0     0     0     0     0     0     0     3    86  2104  8541 12180  6745  8866 11977   575
ch   17:      0     0     0     0     0     0     0     0     0     0     0     0     0     0     0     0     0     0     0     0     0     0     0     5   274  7901 13781 10850  8782  8063 13005  2045
ch   18:      0     0     0     0     0     0     0     0     0     0     0     0     0     0     0     0     0     0     0     0     0     0     0     4   109  3163  5431  6103  7326  8192  9770  1056
ch   19:      0     0     0     0     0     0     0     0     0     0     0     0     0     0     0     0     0     0     0     0     0     0     0     9   255  8779  7467 11289 13455  6107 10050  1697
ch   20:      0     0     0     0     0     0     0     0     0     0     0     0     0     0     0     0     0     0     0     0     0     0     0     6   145  3364 15116 10115  7192 15201 10500  1163
ch   21:      0     0     0     0     0     0     0     0     0     0     0     0     0     0     0     0     0     0     0     0     0     0     0     9   411  6089 13694 12709  9592 10865 13884  1731
ch   22:      0     0     0     0     0     0     0     0     0     0     0     0     0     0     0     0     0     0     0     0     0     0     0     1   113  4038  6533  9796 13122  5893  9178   831
ch   23:      0     0     0     0     0     0     0     0     0     0     0     0     0     0     0     0     0     0     0     0     0     0     0     9   445 15086  9888 10338  8633  5689 14324  1858
ch   24:      0     0     0     0     0     0     0     0     0     0     0     0     0     0     0     0     0     0     0     0     0     0     0     8   159  5174  9129 13399 11735  5916 11329  1004
ch   25:      0     0     0     0     0     0     0     0     0     0     0     0     0     0     0     0     0     0     0     0     0     0     0     6   419 10989 11358 12643  9353 10160 10914  2875
ch   26:      0     0     0     0     0     0     0     0     0     0     0     0     0     0     0     0     0     0     0     0     0     0     1     6   212  3517 10757  7230  9526 11337  9597  1360
ch   27:      0     0     0     0     0     0     0     0     0     0     0     0     0     0     0     0     0     0     0     0     0     0     0    19   632  9753  7278 14670 12545  6212  5392  3056
ch   28:      0     0     0     0     0     0     0     0     0     0     0     0     0     0     0     0     0     0     0     0     0     0     0     6   116  5330 10783  9473 14656  9559  6609  2118
ch   29:      0     0     0     0     0     0     0     0     0     0     0     0     0     0     0     0     0     0     0     0     0     0     1    16   914  9377 14315  9360 10952 11756  7743  2558
ch   30:      0     0     0     0     0     0     0     0     0     0     0     0     0     0     0     0     0     0     0     0     0     0     1     6   354  5028 14057  8874  6098 12778  8398  1869
ch   31:      0     0     0     0     0     0     0     0     0     0     0     0     0     0     0     0     0     0     0     0     0     0     0    29  1004 18297  7048  6137  8664  9752 10045  2592
ch   32:      0     0     0     0     0     0     0     0     0     0     0     0     0     0     0     0     0     0     0     0     0     0     0    19   502 10379  7588  8513 11414 13792 10317  1259
ch   33:      0     0     0     0     0     0     0     0     0     0     0     0     0     0     0     0     0     0     0     0     0     0     0    27   921  8237 10301 10786 11027  8140 11132  2755
ch   34:      0     0     0     0     0     0     0     0     0     0     0     0     0     0     0     0     0     0     0     0     0     0     0     6   213  4890 12306 12108 12436  8665  8624  1602
ch   35:      0     0     0     0     0     0     0     0     0     0     0     0     0     0     0     0     0     0     0     0     0     0     0    14   696 16547 11597 11326  9867 10726 11733  2532
ch   36:      0     0     0     0     0     0     0     0     0     0     0     0     0     0     0     0     0     0     0     0     0     0     0    11   462  8964 13323  6164 10779  6947 13495  1170
ch   37:      0     0     0     0     0     0     0     0     0     0     0     0     0     0     0     0     0     0     0     0     0     0     0    24   767 17000 10823 10969  8989 10963 11658  2924
ch   38:      0     0     0     0     0     0     0     0     0     0     0     0     0     0     0     0     0     0     0     0     0     0     0     7   239  5372 10622 13380  9929 16243 12975  1292
ch   39:      0     0     0     0     0     0     0     0     0     0     0     0     0     0     0     0     0     0     0     0     0     0     0    46   887  9377  9317  6699 10818 14785 13816  2816
ch   40:      0     0     0     0     0     0     0     0     0     0     0     0     0     0     0     0     0     0     0     0     0     0     0     6   452  7404 13305 11621 12423  5698 11156  1610
ch   41:      0     0     0     0     0     0     0     0     0     0     0     0     0     0     0     0     0     0     0     0     0     0     1    23   726  9012  5459 13498 13329  9711 10008  4066
ch   42:      0     0     0     0     0     0     0     0     0     0     0     0     0     0     0     0     0     0     0     0     0     0     0    10   340  5614 10376 14478 14852 11210  9773  2168
ch   43:      0     0     0     0     0     0     0     0     0     0     0     0     0     0     0     0     0     0     0     0     0     0     0    31  1375 16393  9900  4486 10433 11345 11379  2712
ch   44:      0     0     0     0     0     0     0     0     0     0     0     0     0     0     0     0     0     0     0     0     0     0     0    24   429 12069  9970 15875  8401  7895 11530  2329
ch   45:      0     0     0     0     0     0     0     0     0     0     0     0     0     0     0     0     0     0     0     0     0     0     1    52  1188  8760 14059 11685  6006  7281 12106  5169
ch   46:      0     0     0     0     0     0     0     0     0     0     0     0     0     0     0     0     0     0     0     0     0     0     0    18   406 10706  6279 10971 11615 11859 11618  1740
ch   47:      0     0     0     0     0     0     0     0     0     0     0     0     0     0     0     0     0     0     0     0     0     0     3    41  1191  2844 10819 11758  9121  7823  3996  2367
ch   48:      0     0     0     0     0     0     0     0     0     0     0     0     0     0     0     0     0     0     0     0     0     0     0    15   704 11868 14738 12944  8704 11637  9292  3053
ch   49:      0     0     0     0     0     0     0     0     0     0     0     0     0     0     0     0     0     0     0     0     0     0     1    25   929  4562 14297 15130  7398 16368  9631  4750
ch   50:      0     0     0     0     0     0     0     0     0     0     0     0     0     0     0     0     0     0     0     0     0     0     0    13   528 11393  8721 10785  6970 10987  7358  3254
ch   51:      0     0     0     0     0     0     0     0     0     0     0     0     0     0     0     0     0     0     0     0     0     0     0    78  1150 10424  9810 11104 11554 14409 14969  3560
ch   52:      0     0     0     0     0     0     0     0     0     0     0     0     0     0     0     0     0     0     0     0     0     0     0    14   679 14548 10350  6478  9556 11458  8548  2459
ch   53:      0     0     0     0     0     0     0     0     0     0     0     0     0     0     0     0     0     0     0     0     0     0     1    53  1063 10964 11155 12729 10012 16427 15949  5535
ch   54:      0     0     0     0     0     0     0     0     0     0     0     0     0     0     0     0     0     0     0     0     0     0     2    17   559  8817  7841  7512 11838 12535  6426  2837
ch   55:      0     0     0     0     0     0     0     0     0     0     0     0     0     0     0     0     0     0     0     0     0     0     5    63  1863  8096  6956 14671 16184  7828 11948  4421
ch   56:      0     0     0     0     0     0     0     0     0     0     0     0     0     0     0     0     0     0     0     0     0     0     1    21   789 11558 12787 10163  8653  8559 10315  2604
ch   57:      0     0     0     0     0     0     0     0     0     0     0     0     0     0     0     0     0     0     0     0     0     0     1    85  1572 13047  5360  7107 12585 15305 14745  5124
ch   58:      0     0     0     0     0     0     0     0     0     0     0     0     0     0     0     0     0     0     0     0     0     0     1    18   841 15184 12053  7914  6639 12073 14278  3077
ch   59:      0     0     0     0     0     0     0     0     0     0     0     0     0     0     0     0     0     0     0     0     0     0     5    55  1816 16933 10058 12653 13258  7919 12009  4689
ch   60:      0     0     0     0     0     0     0     0     0     0     0     0     0     0     0     0     0     0     0     0     0     0     1    16   560 13352 10770  8797 10209 12307  9345  2074
ch   61:      0     0     0     0     0     0     0     0     0     0     0     0     0     0     0     0     0     0     0     0     0     0     3   100  1371 14796 10088 13232 12468  7844 10606  7262
ch   62:      0     0     0     0     0     0     0     0     0     0     0     0     0     0     0     0     0     0     0     0     0     0     3    53   719 11839  4641  8273 12525 16374  6341  1912
ch   63:      0     0     0     0     0     0     0     0     0     0     0     0     0     0     0     0     0     0     0     0     0     1     1    83  1888 11539  8235  9497  8321  7275 10229  3763
ch   64:      0     0     0     0     0     0     0     0     0     0     0     0     0     0     0     0     0     0     0     0     0     0     0    23   661  6719 16027 11493 10058 14301  8652  2554
ch   65:      0     0     0     0     0     0     0     0     0     0     0     0     0     0     0     0     0     0     0     0     0     0     3    43  2980 16671 15570 12964  8401 11240 14244  4619
ch   66:      0     0     0     0     0     0     0     0     0     0     0     0     0     0     0     0     0     0     0     0     0     0     1    24  1156 15002  9309  7458 12413 12297 10802  3005
ch   67:      0     0     0     0     0     0     0     0     0     0     0     0     0     0     0     0     0     0     0     0     0     0     3    63  2545 11873 12359 11895  9014 11812 13415  3477
ch   68:      0     0     0     0     0     0     0     0     0     0     0     0     0     0     0     0     0     0     0     0     0     0     1    26   810 14330  8545  7749 15837 12121 10279  4547
ch   69:      0     0     0     0     0     0     0     0     0     0     0     0     0     0     0     0     0     0     0     0     0     1     5    73  2903 15069  8866  9516  8795 14647  9156  5010
ch   70:      0     0     0     0     0     0     0     0     0     0     0     0     0     0     0     0     0     0     0     0     0     0     3    30   693 15804 14554 11242 12610  8279  7281  2680
ch   71:      0     0     0     0     0     0     0     0     0     0     0     0     0     0     0     0     0     0     0     0     0     0     2   105  2046 15535  6419  6816  6326  7593  8930  4777
ch   72:      0     0     0     0     0     0     0     0     0     0     0     0     0     0     0     0     0     0     0     0     0     0     0    14   682 16255 11339 10324  8738  8591 11247  3538
ch   73:      0     0     0     0     0     0     0     0     0     0     0     0     0     0     0     0     0     0     0     0     0     0     2    54  2014  6439 12662  6317  7220 10890  9378  7630
ch   74:      0     0     0     0     0     0     0     0     0     0     0     0     0     0     0     0     0     0     0     0     0     0     0    25   875  6200 10649  8367  6530 15947 10208  3883
ch   75:      0     0     0     0     0     0     0     0     0     0     0     0     0     0     0     0     0     0     0     0     0     0     3   123  3765  2970  6520  9551  9014 11557 12767  4574
ch   76:      0     0     0     0     0     0     0     0     0     0     0     0     0     0     0     0     0     0     0     0     0     0     0    28  1191  8601 13574  8428  9657 16279  8568  2305
ch   77:      0     0     0     0     0     0     0     0     0     0     0     0     0     0     0     0     0     0     0     0     0     0     1    74  1619 11584  9260 10454  3668  9539  5365  6040
ch   78:      0     0     0     0     0     0     0     0     0     0     0     0     0     0     0     0     0     0     0     0     0     0     4    29   787 18094  8426  9075 10697 13933 16133  3687
ch   79:      0     0     0     0     0     0     0     0     0     0     0     0     0     0     0     0     0     0     0     0     0     0     1   164  2565  8508  9771 13621  9128 11306  9592  4834
ch   80:      0     0     0     0     0     0     0     0     0     0     0     0     0     0     0     0     0     0     0     0     0     0     0    33  1254 11292  7865 11276 10686 11427  9121  3423
ch   81:      0     0     0     0     0     0     0     0     0     0     0     0     0     0     0     0     0     0     0     0     0     0     2   127  2750 10774 11705 12894 10925 11980 13014  6191
ch   82:      0     0     0     0     0     0     0     0     0     0     0     0     0     0     0     0     0     0     0     0     0     0     0    32   809 13723 10741  7282  8670 13045 10829  3199
ch   83:      0     0     0     0     0     0     0     0     0     0     0     0     0     0     0     0     0     0     0     0     0     0     8    89  2625 11326 10922 11738 12741 13071  7261  5203
ch   84:      0     0     0     0     0     0     0     0     0     0     0     0     0     0     0     0     0     0     0     0     0     0     0    24   927  8660 12375 10476  6106 10777  6844  4340
ch   85:      0     0     0     0     0     0     0     0     0     0     0     0     0     0     0     0     0     0     0     0     0     0     1    98  2721  5992  9565 10678  8072  5397  8978  6133
ch   86:      0     0     0     0     0     0     0     0     0     0     0     0     0     0     0     0     0     0     0     0     0     0     3    41   664 14911 10683 12002 13884 12741  9165  3424
ch   87:      0     0     0     0     0     0     0     0     0     0     0     0     0     0     0     0     0     0     0     0     0     0     5    83  2237  9509 10932 12019 11454  9005  8155  7688
ch   88:      0     0     0     0     0     0     0     0     0     0     0     0     0     0     0     0     0     0     0     0     0     0     0    40  1144  8573  5754 11087  6538 14092 10455  4033
ch   89:      0     0     0     0     0     0     0     0     0     0     0     0     0     0     0     0     0     0     0     0     0     0     3    88  2468  8662 12607  8907  9948 10377  7538 10674
ch   90:      0     0     0     0     0     0     0     0     0     0     0     0     0     0     0     0     0     0     0     0     0     0     2    65  1021  4021 12605 14313  5615  9354 10795  6654
ch   91:      0     0     0     0     0     0     0     0     0     0     0     0     0     0     0     0     0     0     0     0     0     0     3   118  2135  2138  7627 10126 10791  4054 13844  9172
ch   92:      0     0     0     0     0     0     0     0     0     0     0     0     0     0     0     0     0     0     0     0     0     0     0    16   756 11155 16952 15501 11621  9572  7820  4389
ch   93:      0     0     0     0     0     0     0     0     0     0     0     0     0     0     0     0     0     0     0     0     0     0     1    77  2425 15298  6190 10613  8732 12253  9190  9299
ch   94:      0     0     0     0     0     0     0     0     0     0     0     0     0     0     0     0     0     0     0     0     0     0     3    41   648 17935  7169  2833  8738 11021 11502  4396
ch   95:      0     0     0     0     0     0     0     0     0     0     0     0     0     0     0     0     0     0     0     0     0     0     3   118  3517  7948  9321 14615  6795  5006  6513  7481
ch   96:      0     0     0     0     0     0     0     0     0     0     0     0     0     0     0     0     0     0     0     0     0     0     0    50  1076  8855 10800  6738  9836  2946 10314  5007
ch   97:      0     0     0     0     0     0     0     0     0     0     0     0     0     0     0     0     0     0     0     0     0     0     5    52  1563  5171 11077  9430 14287 12850 10852  7314
ch   98:      0     0     0     0     0     0     0     0     0     0     0     0     0     0     0     0     0     0     0     0     0     0     0    38  1384 11298 12294 15062 11226 10526 12128  3074
ch   99:      0     0     0     0     0     0     0     0     0     0     0     0     0     0     0     0     0     0     0     0     0     0     0    85  2164 13824  5730 12552 12050  8208 14641  8823
ch  100:      0     0     0     0     0     0     0     0     0     0     0     0     0     0     0     0     0     0     0     0     0     0     0    35  1008  3932 10708  9515  9395  8583  8700  4427
ch  101:      0     0     0     0     0     0     0     0     0     0     0     0     0     0     0     0     0     0     0     0     0     0     3    99  2402 14324 10657  9462  6753 10755  8673 11084
ch  102:      0     0     0     0     0     0     0     0     0     0     0     0     0     0     0     0     0     0     0     0     0     0     2    83  1132 13034 16076  8933 13166 10416 10166  5849
ch  103:      0     0     0     0     0     0     0     0     0     0     0     0     0     0     0     0     0     0     0     0     0     0     4    70  2470  9936  9124  8377 11479 14627  9184  3660
ch  104:      0     0     0     0     0     0     0     0     0     0     0     0     0     0     0     0     0     0     0     0     0     0     1    32   983 12300 10916  8525  8050  8182  4455  5493
ch  105:      0     0     0     0     0     0     0     0     0     0     0     0     0     0     0     0     0     0     0     0     0     0     0    92  3849  6967 10040 10493  6253 12667  9991 13739
ch  106:      0     0     0     0     0     0     0     0     0     0     0     0     0     0     0     0     0     0     0     0     0     0     1    39  1297  6132 11483 13601 12347  7779  9184  7414
ch  107:      0     0     0     0     0     0     0     0     0     0     0     0     0     0     0     0     0     0     0     0     0     0     2   141  2853  9392 10947  7895 13853  8696 10205  6413
ch  108:      0     0     0     0     0     0     0     0     0     0     0     0     0     0     0     0     0     0     0     0     0     0     0    49   959  5362  8995  8153 13338  8837  6087  3997
ch  109:      0     0     0     0     0     0     0     0     0     0     0     0     0     0     0     0     0     0     0     0     0     0     2    65  2254 14287 12241  6984 14524  9624 12491 16950
ch  110:      0     0     0     0     0     0     0     0     0     0     0     0     0     0     0     0     0     0     0     0     0     0     1    60  1051 16705  8505  5236 14146  9608  9643  8168
ch  111:      0     0     0     0     0     0     0     0     0     0     0     0     0     0     0     0     0     0     0     0     0     0     1    62  2436 11735 13628 15940  8462 13262 11330 13966
ch  112:      0     0     0     0     0     0     0     0     0     0     0     0     0     0     0     0     0     0     0     0     0     0     1    41  1459  8800 13501 15017 15203 11398  8722  5574
ch  113:      0     0     0     0     0     0     0     0     0     0     0     0     0     0     0     0     0     0     0     0     0     0     5   112  2211 17622  7409  7119  9770  6180 11734  1831
ch  114:      0     0     0     0     0     0     0     0     0     0     0     0     0     0     0     0     0     0     0     0     0     0     1    36   880  2894 11163  9843  4466 11333  7361  8671
ch  115:      0     0     0     0     0     0     0     0     0     0     0     0     0     0     0     0     0     0     0     0     0     0     5    68  2569 11486 14746 12848 14240 15718  7763 17229
ch  116:      0     0     0     0     0     0     0     0     0     0     0     0     0     0     0     0     0     0     0     0     0     0     1    36  1671  8611 12211 15688 14976  9310 11946  7402
ch  117:      0     0     0     0     0     0     0     0     0     0     0     0     0     0     0     0     0     0     0     0     0     0     6    85  1870  9434  8002 10984  9210 13887 11869  2749
ch  118:      0     0     0     0     0     0     0     0     0     0     0     0     0     0     0     0     0     0     0     0     0     0     3    57  1182  9182 10265 14304  9881 10075 10258  7616
ch  119:      0     0     0     0     0     0     0     0     0     0     0     0     0     0     0     0     0     0     0     0     1     1     3   127  2589  7267 11449 11780  6716 13107  5007 12201
ch  120:      0     0     0     0     0     0     0     0     0     0     0     0     0     0     0     0     0     0     0     0     0     0     3    25  1205  8935 13602  8800 13621  7000 10178 11776
ch  121:      0     0     0     0     0     0     0     0     0     0     0     0     0     0     0     0     0     0     0     0     0     0     2   127  2564  7946 11620  7836  9612  9771 12827  2446
ch  122:      0     0     0     0     0     0     0     0     0     0     0     0     0     0     0     0     0     0     0     0     0     0     1    25  1453  3916  7448  9295  8917 13410  7508  5599
ch  123:      0     0     0     0     0     0     0     0     0     0     0     0     0     0     0     0     0     0     0     0     0     0     2    78  2940  4425  7358  8499  8554  8818  6355 16005
ch  124:      0     0     0     0     0     0     0     0     0     0     0     0     0     0     0     0     0     0     0     0     0     0     2   110  1702  7506 10495 10547 14855  7768  8161   409
ch  125:      0     0     0     0     0     0     0     0     0     0     0     0     0     0     0     0     0     0     0     0     0     0     3    95  4466 17110  5273  9418  7674  9022  4892  8321
ch  126:      0     0     0     0     0     0     0     0     0     0     0     0     0     0     0     0     0     0     0     0     0     0     1    79  2108 12279  9821 12707 12722 13189 12595   117
ch  127:      0     0     0     0     0     0     0     0     0     0     0     0     0     0     0     0     0     0     0     0     0     3    14   350  9759  8866 12558  8077  6895  8996  8326 16956
