# ID XA-000-08-002-000-004-200-07
# Tag _trim_
# Date 240411_12:32:05
# Vref_p 58
# Vref_n 22
# Thr2_glb 40
# Vref_t 118
# Vref_t_range 1
# Pol 1
# ADC range 30-247
# FAST disc 30
ch:   0  108  115  117  119  115  104  115  115  116  116  118  122  114  105  104  105  110  104  119  118  113  118  109  115  107  108  116  122  122  123  119   56
ch:   1  121  110  112  118  123  119  119  108  120  119  122  121  117  110  115  115  121  110  114  106  109  119  119  120  124  120  125  123  131  124  122   30
ch:   2  107  119  116  116  116  107  106  109  108  115  119  116  117  106  114  116  115  109   97  105  108  122  105  107  120  115  107  122  107  123  132   50
ch:   3  119  119  114  120  107  107  118  116  113  113  115  120  101  118  105  116  106  111  105  123  109  122  111  118  120  121  118  110  134  131  131   34
ch:   4  118  117  131  115  110  117  117  116  120  110  108  105  120  119  110  114  108  114  109  115  101  109  108  109  115  117  117  125  109  126  124   53
ch:   5  117  106  119  116  108  124  114  115  117  113  124  111  109  104  115  114  105  106  115  108  109  119  122  132  105  126  130  120  125  135  121   45
ch:   6  101  105  115  115  122  105  106  108  108  107  118   -1  108  119  104  105  110   97  114  100  107  103  109  107  106  110  115  110  120  126  112   47
ch:   7  122  120  119  117  130  107  117  104  121  113  109  117  119  109  108  122  117  108  110  116  122  125  115  124  124  107  131  118  132  132  126   26
ch:   8  122  106  103  125  116  119  107  116  131  110  117  114  112  111  107  116  108  116  113  108  109  106  105  123  118  117  121  121  123  134  127   51
ch:   9  108  118  123  109  117  110  109  118  106  121  106  116  101  116  102  120  117  114  122  120  116  117  107  120  120  113  124  124  117  132  113   45
ch:  10  119  109  118  114  101  108  117  105  114  107  103  110  108  116   98  111  114  107  106  114  113  120  107  121  116  111  134  120  117  106  119   42
ch:  11  116  110  114  120  110  114  107  122  103  108  110  119  116  107  118  115  118  112  116  116  115  120  122  124  118  124  115  138  122  127  135   40
ch:  12  115  106  101  108  117   93  109   99  108  105  109  110  102  117  118  122  106  106  108  111  119  119  107  113  105  118  118  118  117  118  125   56
ch:  13  110  119  121  116  115  119  108  131  118  114  106  107  104  107  122  113  104  108  107  117  109  117  104  115  117  125  115  123  119  133  133   50
ch:  14  102  111  119  117  122  109  111   89  114  106  107  107  110  108  109  106  102  103   93  105  118  114  106  116  119  106  108  112  123  123  125   56
ch:  15  122  102  120  120  120  118  109  114  109  108  121  117  117  120   -1  116  126  108  117  121  114  131  122  121  123  130  134  136  119  133  117   39
ch:  16  116  109  120  110  116  106  108  117  115  116  118  104  108  119  109  114  105  106  104  106  107  123  115   99  120  115  107  121  136  134  124   56
ch:  17  118  118  107  111  110  107  121  103  115  111  120  109  108  107  117  115  117  107  116  110  118  122  122  119  119  124  116  134  116  120  126   43
ch:  18  105  117  117  106  114  103  107  106  108  124  108  103  110  116  115  102  108  115  113  120  123  111  112  115  117  119  123  117  107  121  118   47
ch:  19  121  117  119  119  117  123  115  109  119  108  121  121  120  121  107  109  119  117  120  116  124  114  133  117  131  123  125  123  124  136  131   43
ch:  20  107  104  109  115  108  115  109  117  108   -1  120   -1  104  115  105  109  113  109  100  117  107  117  120  116  117  122  115  115  114  133  109   43
ch:  21  110  117  117  124  119  119  103  107  121  119  108  114  119  115  117  118  115  122  115  111  115  111  120  116  119  123  122  124  135  141  124   51
ch:  22  120  118  110  117  119  107  113  106  106  108  110  117  107  117  112  101  116  103  120  120  123  107  115  117  107  102  109  121  120  134  119   40
ch:  23  108  107  116  120  102  109  115  115  119  107  113  119  116  108  107  118  117  109  116  107  125  117  111  123  125  120  123  119  123  134  131   37
ch:  24  116  114  119  113  123  105  112  114  109  109  102  102  120  110  108  121  122  103  115  105  121  117  116  117  116  122  120  122  115  120  119   47
ch:  25  118  111  123  116  114  117  107  124  120  106  115  119  122  120  108  110  118  110  108  108  120  119  115  120  121  123  121  120  123  124  133   53
ch:  26  106  105  116  118  132  110  117  106  115  108  114  114  110  100  106  106  117  108  112  112  110  104  107  110  116  116  123  119  107  108  119   56
ch:  27  108  123  103  118  108  119  111  116  110  104  103  113  122  115  107  121  122  107  118  107  115  118  115  121  120  125  131  123  134  133  131   44
ch:  28  111  107  110  108  117  116  115  116  116  102  101  115  106  109  107  115  118  116  110  118  116  109  113  110  110  122  109  123  123  123  119   49
ch:  29  122  105  119  110  109  115  121  107  106  109  106  120  106  116  107  103  106  110  120  124  119  104  110  127  121  118  113  117  135  121  124   50
ch:  30  115  116  103  117  104  118  107  120  105  118  114  121  109  111  110  110  105  112  118  102   98  103  102  115  121  123  111  120  126  117  125   51
ch:  31  122  106  121  118  116  110  107  102  107  115  110  106  109  117  105  108  109  109  116  113  116  108  119  127  120  122  109  121  122  134  134   54
ch:  32  114  116  115  108  104  105  110  130  114  118  105  115  105  103  107  108  121  118  121  104  104  119  122  115  121  118  119  122  119  120  138   49
ch:  33  104  123  117  118  116  114  112  114  120  116  118  114  116  116  117  117  107  122  121  119  118  126  120  122  117  122  126  116  137  114  115   36
ch:  34  108  125  107  105  117  110  109  108  102  117  111  107  109  102  104  112  116  109  106  101  116  108  105  105  123  109  108  103  117  116  122   49
ch:  35  105  109  108  106  117  119  106  104  112  110  107  114  107  106  116  117  117  125  108  120  104  104  116  114  121  120  124  126  132  121  131   56
ch:  36  109   98  119  114  110  108  106  115  106  111  114  108  110  109   93  114  113  116  108  117  116  110  113  119  120  119  118  126  124  126  113   56
ch:  37  124  124  115  112  123  107  105  110  103  125  107  117  106  116  102  103  125  117  118  111  123  117  116  126  126  123  127  126  131  132  132   39
ch:  38  116  109  113  115  102  107  117  120  113  107  107  116  108  118  109  107  108  124  108  114  116  108  108  114  120  105  119  124  115  124  120   56
ch:  39  105  123  106  116  108  120  110  120  128  102   91  137  109  118  118  122  116  112  111  121  110  117  118  133  119  116  123  121  133  126  121   42
ch:  40  114  117  111  104  110  106  110  114  115  110  103  118  106  109  109  101  107   92  109  115  117  109  124  119  113  115  117  117  118  110  122   55
ch:  41  102  104  124  114  107  105  104  119  106  108  110  117  123  113  114  106  120  108   -1  111  106  115  110  113  122  116  120  121  124  140  134   38
ch:  42  125  116  106  113  121  103   97  119  106  104  113  107  117  106  108  110  108  108  117  116  118  104  117  116  110  109  121  118  118  115  124   50
ch:  43  125  124  115  114  119  108  116  123  108  105  120  107  117  105  120  122  120  113  114  108  117  120  132  120  116  135  121  124  126  131  133   42
ch:  44  119  118  107  115  101  106  112  119  110  106  106  105  108  114  111  110  120  106  104  107  108  117  114  116  110  110  111  115  131  123  119   46
ch:  45  106  101  123  110  117  114  116  114  120  104  111  118  113  105  108  109  109  107  114  118  114  115  105  114  107  105  114  115  126  126  133   43
ch:  46  127  112  116  107  105  116  111  108  118  103  107  106  120   99  116  104  113  105  117  109  109  108  108  114  105  121  115  117  117  122  125   56
ch:  47  117  117  118  116  117  102  106  120  107  117  119  108  108  119  109  108  115  117  117  121  119  118  116  118  107  121  131  121  120  131  119   42
ch:  48  110  113  109  116  118  105  108  104  108  105  109  115  108  108  117  108  103  107  101  117  119  117  116  120  109  118  117  119  117  122  132   49
ch:  49  114  117  120  116  102  117  117  116  118  119  118  120  110  123  118  116  101  118  115  117  111  121  110  118  122  132  116  134  135  126  123   40
ch:  50  107  118  107  116  110  103  114  110  116  117  109  100  107  102  108  107  113  115  111  110  103  124  115  103  116  109  119  118  117  116  118   51
ch:  51  119  106  108  125  106  121  106  118  123  108  107  115  120  114  111  117  102  129  107  111  121  122  116  126  114  131  122  117  124  140  135   38
ch:  52  110  113  105  107  102  116  115  115  110  107  106  104  115  110  116  105  101  119  116  110  116  117  114  112  114  115  122  115  126  116  126   56
ch:  53  113  121  121  115  101  126  116  119  109  120  111  119  108  117  113  115  122  117  114  100  116  107  130  103  118  125  123  125  118  126  131   40
ch:  54  104  115  104  111  115  108  118  104  111  108  110  122  110   91  114  119  110  109  121  106  106  104  123  121  101  118  120  120  121  123  126   56
ch:  55  105  110  118  121  121  116  107  120  119  115  119  118  131  107  116  114  113   -1  119  118  124  109  106  124  123  126  121  133  125  127  124   52
ch:  56  121  110  121  106  121  107  105  106  107  105  109  116  108  117  108  115  104  117  110  115  118  107  106  116  120  113  110  119  120  132  121   56
ch:  57  119  107  121  119  110  109  128  113  120  108  109  115  116  104  114  123  109  118  114  121  109  118  117  124  122  130  117  123  125  134  125   40
ch:  58  117  109  111  107  110  111  120  115  115  115  115  108  105  119  108  122  114  118  105  115  118  115  121  118  111  114  108  121  120  111  127   55
ch:  59   -1  111  121  118  121  120  107  105  108  110  118  115  105  121  107  109  109  108  114  120  108  104  105  132  117  124  124  126  129  136  141   42
ch:  60  107  112  117  116  116  101  115  116  107  116  108  119  110  117  114  110  109  109  103  103  117  118  116  107  111  105  117  123  124  115  119   38
ch:  61  110  109  119  104  108  115  109  115  103  111  115  116  114  104  110  106  122  122  132  108  115  123  133  116  131  123  118  125  120  132  126   37
ch:  62  110  109  122  117  106  116  113  110  118  105  105  102  108  119  109  116  105  117  108  106   95  122  105  110  119  106  120  113  114  121  115   48
ch:  63  120  119  120  115  109  120  101  108  120  108  121  108  116  107  108  117  119  120  110  106  124  118  107  115  121  121  126  130  124  124  132   47
ch:  64  121  109  105  120  119  114  107  115  105  107  106  114  106  122  118  118  104  106  118  109  108  119  113  120  123  120  124  133  126  126  122   34
ch:  65  116  113  106  123  121  102  118  104  117  120  133  107  115  117  116  119  117  115  103  109  107  110  117  121  121  117  137  115  127  140  134   31
ch:  66  109  122  110  110  105  107  109  107  109  114  115  116  110  118  103  107  105  107  121  108   95  121  115  114  119  121  120  119  137  122  127   43
ch:  67  122  120  117  118  116  120  110  120  115  108  100  113  104  107  121  114  116  110  102  104  120  107  119  115  118  120  117  119  123  124  131   45
ch:  68  123  115  115  104  119  117  105  109  118  115  122  117  105  110  109  126  107  108  113  104  123  108  116  107  123  105  122  119  122  116  124   48
ch:  69   -1  108  113  117  115  108  108  122  116  110  107  112  105  117  115  117  109  107  106  112  121  116  124  116  116  122  116  117  125  120  133   36
ch:  70  107  122  116  102  105  111  121  108  102  108  106  106  109  107  111  103  121  108  108  101  118  111  115  117  116  120  115  113  122  121  132   41
ch:  71  115  120  109  118  118  116  125  102  132  117  120  116  106  125  118  115  114  121  118  118  123  119  116  132  119  125  119  131  120  130  133   44
ch:  72  105  105  118  105  110  106  108  110  107  106  120  104  115  108  117  115  118  120  115  107  110  109  105  108  107  129  124  124  130  120  117   43
ch:  73  120  114  124  108  119  105  115  115  118  113  118  114  126  119  125  118  118  104  114  118  116  121  120  117  118  131  123  126  124  120  132   30
ch:  74  104  109  112  129  110  114   99  117  103  126  107  121  108  115  113  110  117   94  106  116  115  114  117  118  119   99  115  121  119  119  124   33
ch:  75  105  110  108  119  118  107  101  103  125  104  120  115  117  105  108  116  120  121  120  121  120  117  105  115  132  124  121  124  131  123  132   37
ch:  76  115  107  116  106  109  108  108  117  107  114  108  126  108  106  118  115  105  108  109  105  120  115  113  117  111  126  121  124  119  130  120   55
ch:  77  113  116  122  118  109  107  105  118  121  120  111  118  108  112  106  116  117  119  106  106  110  121  105  115  118  125  122  120  116  134  134   40
ch:  78  117  120  123  106  100  115  120  108  116  104  116  115  115  111  115  104  117  107  108  107  102  108  111  120  109  123  107  117  135  124  132   51
ch:  79  121  123  106  116  126  103   -1  106  106  110  119  115  121  114  111  114  114  105  124  112  112  109  121  114  125  124  123  131  124  119  132   32
ch:  80  121  111  107  103  120  114  118  109  116  105  108  115  110  116  115  110  104  111  103  110  116  115  114  119  119  119  130  119  125  124  124   49
ch:  81  106  120  105   93  119  117  117  104  115  121  122  115  123  117  123  122  120  115  108  118  120  119  109  124  121  122  122  133  125  116  129   40
ch:  82  103  121  119  121  109  118  116  119  106  105  117  118  110  107  106  121  117  105  108  102  115  107  107  105  115  122  121  120  122  123  131   38
ch:  83  119  109  117  114  117  117  104  105  118  100  112  109  106  116  108  122  102  119  117  116  119  120  120  117  125  118  124  136  121  130  125   46
ch:  84  116  117  107  106   99  117  105  110  114  121  106  110  104  111  120  105  104  107   99  107  107  110  115  118  118  118  110  113  121  119  119   48
ch:  85  117  102  122  104  113  107  114  106  115  116  104  107  107  116  108  110  116  119  102  119  115  122  117  122  114  120  112  125  119  133  126   48
ch:  86  114  116  117  106  116  102  104  103  126  109  110  106  109  117  109  107  101  109  109  115  109  120  120  119  121  123  119  115  121  127  134   55
ch:  87  117  120  106  123  122  124  117  110  102  115  117  108  118  118  117  104  119  104  111  117  116  120  120  121  122  124  131  120  130  133  138   40
ch:  88  118  113   99  106  117  120  104  116  104  108  108  106  117  106  119  115  108  100  116  106  115  110  117  121  116  103  115  114  118  133  127   49
ch:  89  121  107  106  116  121  111  109  104  118  119  106  109  117  115  106  108  122  123  116  116  118  116  124  113  116  126  115  133  122  125  138   44
ch:  90  111  104  117  110  114  117  104  104  116  117  108  114  101  117  100  109   93  110  118  119  109  121  106  115  122  120  109  116  122  120  119   54
ch:  91  117  119  107  102  118  118  106  103  119  116  110  110  108  123  103  107  103  115  111  106  119  115  127  120  115  105  119  119  120  124  124   49
ch:  92  119  116  118  109  119  103  107  121  116  108  106  116  107   92  107  115  104  110  121  115  110  117  120  107  115  110  115  123  118  121  111   52
ch:  93  118  110   98  108  107  114  115  105  116  110  107  114  108  102  118  116  120  120  122  105   -1  124  122  123  130  119  121  118  121  133  126   34
ch:  94  116  117  116  110  108  107  106  119  109  101  103  114  100  107  106  107  108  117   92  107  111  116  102  114  114  109  116  112  126  115  122   56
ch:  95  119  106  109  119  109  120  108  107  115  102  116  110  121  121  122  123  110  121  119  118  122  113  109  123  122  120  118  119  135  117  131   49
ch:  96  106  108  120  108  110  108  108  101  118  118  107  114  111  117  105  115  108  106  109  107  107  111  103  124  119  117  122  117  124  123  116   56
ch:  97  123  113  106  110  119  121  108  120  117  121  111  121  107  122  115  110  109  117  107  109  117  122  109  116  109  126  113  131  126  133  136   37
ch:  98  110  118  110  118  121  114  114  106   94  116  108  102  107  107  108  106  106  103  108  102  107  117  109  126  118  119  110  115  123  123  117   54
ch:  99  117  114  115  119  111  120  106  117  120  116  104  110  117  104  109  115  107  101  110  108  110  105  118  116  110  127  119  125  132  123  121   31
ch: 100  107  110  118  110   -1  116  121  106  104  106  116  108  105   99  114  109  118  110  109  103  104  103  113  117  107  125  117  124  119  141  132   44
ch: 101  105  112  114  108  116  113  108  117  104  120  109  122  118  104  108  110  107  107  116  118  115  114  114  118  119  120  121  120  122  130  125   39
ch: 102  119  124  111   92  107  102  110  110  125  113  108  107  115  107  118  108  120  124  117  115  105  104  115  105  117  118  123  121  124  123  123   51
ch: 103  117  107  133  118   99  106  116  119  116  120  107  124  109  119  106  107  124  105  115  108  125  118  123  121  124  110  130  131  122  126  120   45
ch: 104  125  115  104  124  111  115  104  115  109  108  104  117  117  116  115  116  101  114  107  125  119  114  105  105  105  112  109  124  125  120  131   45
ch: 105  120  118  120  107  119  104  115  115  116  116  109  112  116  107  109  106  107  108  125  108  123  117  116  124  124  116  108  119  122  132  125   31
ch: 106  119  109  119  107  102  104  110  104  106  103  110  110   94  107  105  104  103  114  102  117  106  107  105  101  117  113  111  123  124  122  130   56
ch: 107  107  124  117  116  114  115  104  120  117  114  119  119  120  121  107  108  107  108  116  120  110  106  114  122  120  118  124  121  124  125  140   38
ch: 108  116  103  125  108  118  110  114  108  107  102  102  121  104  118  111  105  104  120  103  109  120  107  105  117  121  120  108  114  114  123  117   45
ch: 109  116  113  107  110  104  104  108  113  119  102  117  115  108  108  116  101  107  110  122  124  119  107  130  132  110  124  123  118  129  126  121   53
ch: 110  106  121  119  126  109  119  107  118  116  107  116  116  104  108  109  107  115  107  107  108  119  109  106  111  104  118  124  118  135  131  131   44
ch: 111  116  119  101  121  115  110  103  116  108  109  117  118  106  114  116  113  101  126  108  106  114  114  119  103  109  117  125  124  117  125  126   40
ch: 112  110  106  122  106  115  110  106  109  111  106  115  117  117  107  117  108  108  108  104  115  114  107  107  122  101  119  121  117  113  122  131   44
ch: 113  111  115  117  103  105  104  107  106  105  106  114  107  107  116  110  118  117  109  117  116  121  115  123  119  120  110  115  123  130  127  120   49
ch: 114  124  125  117  117  111  124  112  117  100  120  109  102  115  112  106  104   -1  105  117  110  108  103  116  116  119  114  108  124  130  117  123   54
ch: 115  107  119  105  105  126  118  117  115  111  108  103  116  110  110  116  115  107  116  122  105  117  115  108  117  107  108  118  119  133  126  139   38
ch: 116  131  108  106  101  122  109  116  115  107  119  102  116  109  108   91  106  111  119  110  117  105  116  102  121  109  121  124  122  119  123  122   56
ch: 117  116  107  118  120  119  118  103  110  111  100  117  117  106  115  108  118  111  117  109  122  107  120  117  104  119  119  126  122  132  116  117   37
ch: 118  117  115  117  118  106  123  107  117  105  116  116  100  102  115  114  108  106  109  102  116  109  116  107  127  113  114  124  119  125  117  121   47
ch: 119  117  110  105  104  117  119  110  115  118  119  108  133  121  109  115  107  115  106  115  120  116  115  122  120  116  115  117  133  131  122  122   37
ch: 120  108  106  118  106  103  110  115  103  123  110  109  107  100  115  109  100  115  106  110  120  109  111  118  121  116  114  110  125  123  118  123   51
ch: 121  121  101  119  110  110  104  109  103  107  108  114  105  115  107  103  119  114  116  110  114  104  120  110  103  122  132  118  122  125  116  119   42
ch: 122  119  100  117   98  104  110  110  109  123  115   99  125  106  108  117  106  109  118  120  106  113   99  105  116  100  116  115  124  109  118  121   43
ch: 123  119  120  120  117  120  122  105  119  112  132  116  108  115  106  112  116  105  111  117  115  109  118  121  118  117  119  122  124  126  131  134   26
ch: 124   -1  123  106  109  116  107  107  110  110  106  117  108  120  113  115  115  108  105  115  103  116  110  108  103  121  119  121  123  115  123  122   37
ch: 125  108  115  116  116  107  107  120  108  110  112  110  106  111  114  115  132  122  110  125  124  122  118  116  117  120  114  118  115  132  125  125   24
ch: 126  110  107  132  114  114  120  120  106  114  118  109  118  120  105  117  118  115  107  105  116  118  116  118  110  110  119  120  114  116  123  111   48
ch: 127  116  101  119  113  108  122  115  123  119  127  116  119  116  115  118  119  107  116  126  123  121  133  134  123  124  132  132  120  116  147  131   32
