# ID XA-000-08-002-000-003-185-03
# Tag _trim_
# Date 240801_18:57:35
# Vref_p 57
# Vref_n 26
# Thr2_glb 36
# Vref_t 118
# Vref_t_range 1
# Pol 0
# ADC range 30-247
# FAST disc 30
ch:   0  124  121  124  124  115   -1  118  123  122  115  119  119  118  117  108  118  117  112  117  108  124  116  118  119  117  115  117  101  123  116  111   41
ch:   1  126  125  130  111  132  124  131  121  125  109  125  120  126  120  123  121  124  123  133  121  133  123  124  124  117  123  120  118  127  124  135   33
ch:   2  120  118  122  130  115  119  119  122  122  119  113  121  119  125  110  116  115  121  116  125  119  115  119  117  116  119  107  124  108  110  115   44
ch:   3  137  126  121  124  122  131  114  126  125  122  136  133  121  133  123  122  121  125  127  121  127  117  126  125  130  120  118  133  127  124  122   50
ch:   4  121  117  122  118  117  124  110  132  127  117  127  113  104  134  109  115  122  117  118  105  106  121  116  105  109  121  109  124  109  122  119   39
ch:   5  120  108  121  125  121  136  116  114  124  139  119  115  125  116  125  115  118  122  139  125  116  137  132  130  124  116  124  118  132  126  125   56
ch:   6  120  123  120  139  133  118  121  122  122  121  120  123  123  120  116  110  119  115  119  116  115  131  127  116  120  121  106  109  121  109  117   55
ch:   7  122  125  116  119  126  136  118  126  132  120  118  122  118  122  134  120  116  124  125  136  131  124  126  134  135  125  117  134  120  133  124   55
ch:   8  133  134  130  132  131  123  119  124  125  116  122  123  124  117  109  105  106  113  115  120  109  123  115  101  122  109  107  116  118  111  100   38
ch:   9  118  121  123  123  123  123  132  120  121  120  124  117  123  122  121  120  126  133  122  124  120  135  123  126  118  131  122  122  115  130  122   49
ch:  10  125  123  114  122  119  123  127  126  111  120  120  123  118  108  125  124  121  107  120  118  116  125  111  117  117  121  115  126  120  118  102   52
ch:  11  136  120  120  115  130  114  132  120  125  123  130  123  126  121  136  114  126  124  125  127  118  132  108  114  133  125  119  130  126  119  125   56
ch:  12  122  124  131  120  124  124  117  125  109  119  108  124  120  120  106  107  109  113  122  118  109  107  120  122  108  109  115  108  118  119  118   39
ch:  13  121  122  121  117  132  132  123  125  119  119  119  124  129  131  121  123  126  121  119  125  123  136  120  119  118  116  124  122  132  127  121   56
ch:  14  131  125  119  122  126  133  119  110  126  122  120  125  124  125  115  123  114  116  104  109  122  122  116  117  117  106  100  104  114  121  108   40
ch:  15  122  122  126  136  118  123  132  124  116  124  119  120  123  116  116  124  113  127  132  124  123  123  123  124  110  132  114  121  123  120  121   56
ch:  16  123  130  109  136  116  122  118  122  123  116  122  117  120  122  122  119  124  115  117  127  120  117  118  109  116  113  109  109  110  126  122   43
ch:  17  119  131  124  121  125  122  135  119  117  123  125  124  133  122  122  120  117  121  116  121  125  121  123  132  119  121  117  119  123  134  123   56
ch:  18  119  116  109  118  110  114  118  134  121  123  120  125  110  121  120  114  119  109  115  130  118  123  118  109  115  121  116  117  110  120  118   44
ch:  19  123  118  123  123  131  110  125  120  137  124  122  126  132  125  120  124  120  121  121  116  126  135  121  124  122  123  137  132  123  124  126   55
ch:  20  116  126  137  135  121  130  121  130  139  118  120  131  126  120  114  121  117  119  117  102  122  117  117  118  115  107  123  124  119  122  124   41
ch:  21  115  133  132  115  122  118  134  125  117  140  124  115  128  123  123  120  124  122  120  120  122  136  125  123  126  124  115  122  122  127  121   47
ch:  22  131  122  132  121  122  132  122  121  125  119  118  120  124  120  117  116  122  117  121  116  132  123  120  126  110  105  118  120  124  118  110   44
ch:  23  123  121  123  118  138  119  122  119  123  123  123  123  133  126  124  126  114  123  120  132  122  121  119  120  130  111  124  119  118  127  121   49
ch:  24  123  120  118  122  120  118  125  121  119  132  115  122  124  119  122  117  119  129  120  115  131  115  116  114  118  116  116  118  111  118  121   47
ch:  25  127  125  137  120  126  109  133  116  127  122  119  121  122  124  126  126  107  125  119  134  133  127  116  132  120  132  122  133  119  130  138   56
ch:  26  130  125  119  132  124  127  123  125  119  131  130  125  119  117  110  115  115  109  107  113  116  124  106  117  106  120  107  116  108  118  115   43
ch:  27  133  126  135  123  121  121  126  119  134  120  121  121  115  114  123  132  109  116  119  124  117  136  122  121  114  124  120  124  124  120  117   56
ch:  28  117  118  108  115  118  122  123  120  131  122  119  120  124  118  126  122  115  120  112  122  133  125  116  103  132  119  126  125  122  133  110   47
ch:  29  126  116  126  126  130  121  130  122  123  123  122  130  132  132  135  125  121  127  120  130  124  126  118  133  123  117  131  124  126  121  110   56
ch:  30  121  115  123  131  111  119  115  124  118  125  124  117  122  115  120  126  110  119  115  123  119  124  118  121  135  116  117  124  121  114  132   48
ch:  31  125  133  131  119  120  131  123  124  118  122  132  120  120  125  132  117  123  124  121  118  119  121  133  126  133  124  134  132  114  126  120   56
ch:  32  130  119  135  122  121  120  114  123  130  122  119  119  111  114  122  116  115  124  118  115  130  116  116  116  104  116  119  117  109  118  122   49
ch:  33  126  122  115  123  120  121  125  139  119  123  124  130  132  121  122  119  123  126  126  133  123  124  137  123  123  121  130  131  133  133  130   56
ch:  34  120  125  124  125  126  111  131  138  120  120  130  127  120  127  122  108  121  119  133  119  122  121  117  120  105  121  115  123  111  121  117   40
ch:  35  124  132  125  135  131  127  123  116  119  124  118  127  125  124  133  133  138  126  126  135  132  113  127  129  137  117  122  124  133  136  140   52
ch:  36  120  113  121  134  125  107  123  117  125  119  121  108  124  134  121  132  119  124  124  118  116  118  119  131  124  121  121  132  117  120  120   46
ch:  37  131  138  123  132  129  125  131  119  121  122  137  133  133  138  123  125  123  114  124  117  131  123  127  135  136  117  125  118  131  125  132   56
ch:  38  124  120  124  123  111  120  121  116  123  122  115  115  118  121  121  125  115  120  117  117  122  116  116  118  116  108  118  119  122  120  118   34
ch:  39  117  127  118  125  121  133  130  130  126  124  126  132  120  124  115  119  132  131  125  122  119  118  123  129  122  121  121  134  132  131  136   56
ch:  40  119  124  124  120  131  115  115  119  126  122  123  121  119  125  133  123  120  117  124  121  119  122  126  125  123  122  125  120  126  118  122   52
ch:  41  123  137  123  123  121  136  122  126  132  124  121  126  122  121  123  133  123  124  129  133  126  125  121  123  123  120  141  125  125  125  120   49
ch:  42  134  120  127  127  125  125  121  121  126  124  117  117  119  123  115  121  133  123  114  116  122  111  126  116  120  115  122  111  116  107  126   45
ch:  43  126  129  131  119  132  123  121  125  115  117  121  108  131  131  125  133  122  124  127  130  125  134  134  122  121  124  139  123  119  131  121   56
ch:  44  136  132  133  132  126  123  117  136  124  123  125  118  123  119  127  129  115  118  121  123  122  116  117  123  122  110  122  114  115  127  122   38
ch:  45  124  125  124  129  132  117  132  137  117  116  135  132  123  131  132  124  124  133  123  122  122  121  126  119  120  116  123  136  135  133  131   55
ch:  46  125  132  125  119  132  132  123  109  121  115  123  124  121  122  115  118  125  118  116  110  119  134  125  119  117  119  116  125  126  104  119   38
ch:  47  131  131  134  126  121  121  124  125  140  130  126  131  119  124  124  124  124  130  122  122  136  125  131  131  127  132  132  126  137  133  133   56
ch:  48  124  114  123  121  124  117  130  134  129  121  109  124  132  119  124  132  134  124  120  125  130  124  127  118  122  124  110  124  132  126  120   46
ch:  49  132  126  123  126  138  135  120  131  134  120  123  125  123  121  116  133  120  125  132  124  123  132  120  115  124  120  130  130  136  125  133   51
ch:  50  117  134  119  121  118  120  132  130  117  125  116  119  131  122  111  114  119  118  115  121  122  119  125  120  120  122  111  116  126  117  115   48
ch:  51  125  130  132  109  123  125  135  119  118  122  122  126  127  135  115  125  137  123  130  132  130  118  125  125  126  135  136  137  125  132  119   56
ch:  52  120  120  123  132  124  122  136  135  124  125  126  126  126  130  131  125  123  129  118  120  121  115  121  117  115  119  121  118  121  121  121   45
ch:  53  132  131  133  133  124  120  126  132  135  124  135  142  138  124  123  127  121  126  118  127  138  131  136  136  131  132  120  136  126  133  135   56
ch:  54  120  122  125  122  121  118  136  118  121  131  115  132  118  115  131  132  107  111  123  116  123  127  127  115  118  119  114  120  117  120  121   48
ch:  55  122  125  124  126  121  126  119  120  135  121  135  121  125  118  124  125  135  119  125  116  126  132  125  137  137  124  142  121  120  134  135   38
ch:  56  133  123  124  118  127  118  123  120  122  116  120  122  118  130  122  130  125   -1  127  122  111  117  116  127  116  121  130  118  122  116  121   49
ch:  57  122  118  136  127  125  133  134  125  119  124  131  124  138  134  122  117  127  135  135  131  125  118  124  124  118  131  132  136  122  131  135   56
ch:  58  136  118  133  125  118  124  125  121  124  118  124  117  124  117  110  117  125  131  119  110  110  117  117  131  129  119  122  123  125  121  126   42
ch:  59  137  119  126  139  131  131  124  119  134  117  132  135  132  121  136  121  128  134  130  109  123  122  131  119  132  138  125  120  134  131  133   48
ch:  60  114  119  134  125  116  130  122  122  125  131  117  123  126  107  117  121  124  109  121  120  124  119  119  122  132  120  121  117  121  110  123   56
ch:  61  121  131  132  115  124  122  120  134  127  122  126  130  121  135  125  119  121  125  120  134  124  124  124  134  131  122  139  133  129  134  125   56
ch:  62  126  118  132  118  132  119  115  123  120  122  131  116  123  118  127  115  131  116  134  123  110  119  116  132  122  114  122  132  133  121  118   44
ch:  63  120  125  122  131  118  125  125  118  136  125  119  133  124  132  122  138  126  131  134  130  124  120  121  127  133  130  122  122  124  120  136   52
ch:  64  127  121  132  120  139  126  120  123  126  116  118  124  116  131  121  121  116  116  106  124  105  117  109  131  136  123  124  121  118  120  123   37
ch:  65  130  123  135  119  117  121  121  118  137  125  122  123  119  123  123  126  129  119  125  125  122  124  130  124  117  132  130  129  137  126  131   56
ch:  66  115  117  122  131  120  133  124  127  120  126  125  123  119  116  124  118  125  120  122  119  126  122  124  121  129  118  125  115  121  131  133   54
ch:  67  126  122  129  131  130  123  123  123  125  120  121  123  120  124  133  122  133  137  123  132  134  136  133  134  121  133  126  130  132  124  140   56
ch:  68  123  132  125  124  120  121  122  122  132  119  123  121  119  117  118  124  121  119  122  124  108  119  114  120  122  117  117  123  125  117  124   49
ch:  69  136  121  121  131  124  123  123  135  125  120  134  117  133  126  127  124  126  116  126  125  133  138  122  125  130  136  127  129  124  136  137   56
ch:  70  131  131  124  133  121  110  116  118  120  120  122  120  127  132  122  135  118  119  118  121  126  115  113  125  118  124  124  124  117  115  118   41
ch:  71  136  119  121  122  122  118  132  140  126  132  118  126  134  126  125  130  133  134  135  131  141  129  137  122  132  137  118  138  142  133  135   56
ch:  72  124  124  125  139  133  120  134  124  117  121  122  121  122  124  109  124  134  120  117  118  120  122  123  124  117  122  126  116  118  126  118   51
ch:  73  136  123  125  127  131  135  121  134  132  132  135  124  126  126  114  129  132  125  132  125  114  130  120  130  135  134  133  132  134  141  133   55
ch:  74  123  132  134  117  117  132  117  120  134  113  124  125  123  124  124  110  122  118  132  109  102  123  120  106  121  121  120  110  120  123  122   41
ch:  75  134  131  133  131  131  132  121  132  134  130  120  125  120  135  131  125  134  135  124  121  137  134  135  131  135  123  135  124  125  135  142   43
ch:  76  132  118  121  131  126  116  116  122  120  127  131  121  119  130  122  126  122  119  119  119  124  118  124  122  120  115  123  122  123  121  122   53
ch:  77  134  110  134  130  132  135  124  132  122  130  131  136  126  131  132  122  118  116  118  124  133  135  137  122  135  120  135  135  137  141  138   50
ch:  78  133  130  123  123  122  132  126  137  122  129  133  115  121  115  122  119  133  130  114  139  140  119  123  117  118  122  121  127  125  116  118   44
ch:  79  135  135  132  125  125  125  117  131  131  137  131  125  129  137  121  131  118  124  116  122  131  132  137  124  125  114  137  143  124  133  130   56
ch:  80  126  130  133  125  132  122  125  124  124  118  125  122  130  123  111  126  117  129  116  121  119  127  122  106  119  108  125  131  124  116  122   56
ch:  81  127  125  137  123  131  131  136  125  120  133  134  131  140  117  121  133  124  121  126  134  124  120  121  136  126  124  133  127  138  124  127   56
ch:  82  122  114  124  121  123  122  133  126  116  119  120  116  123  108  114  114  123  117  120  116  119  125  111  109  121  115  117  105  120  122  122   48
ch:  83  121  135  131  133  123  122  135  126  131  134  136  114  124  125  139  140  122  119  134  134  133  126  118  131  138  139  130  135  140  130  130   56
ch:  84  126  123  130  116  115  132  121  120  118  125  117  124  118  107  118  114  125  108  115  125  120  117  122  107  122  120  108  109  118  115  110   52
ch:  85  122  139  126  131  137  132  136  125  123  122  125  125  126  133  125  132  133  132  120  121  120  125  135  124  122  126  133  131  126  123  124   56
ch:  86  132  122  129  111  115  120  117  124  123  132  122  120  126  122  119  124  107  126  106  124  106  110  111  118  110  105  110  118  116  117  117   41
ch:  87  132  131  138  107  125  131  138  131  130  116  129  133  131  137  121  128  133  123  136  132  131  131  118  125  133  134  130  131  123  120  138   56
ch:  88  131  118  118  124  125  116  137  123  122  120  121  117  126  124  133  124  142  107  123  119  121  118  117  122  120  126  110  116  132  125  110   56
ch:  89  115  123  118  135  123  135  134  125  119  124  122  117  132  132  119  121  114  133  106  118  130  137  130  123  122  129  134  116  139  135  136   55
ch:  90  131  123  113  131  126  131  123  131  124  132  133  121  133  117  120  131  126  124  119  121  115  115  111  120  119  123  116  131  131  132  117   54
ch:  91  131  125  136  125  120  124  131  117  132  123  138  135  123  125  122  120  129  120  122  117  121  140  124  131  121  122  134  120  137  126  130   50
ch:  92  125  128  119  132  122  124  133  132  121  141  120  123  121  124  117  114  121  125  124  125  121  119  118  131  116  119  108  116  124  108  120   40
ch:  93  117  125  121  134  123  124  119  120  135  121  136  122  125  134  127  119  118  126  123  121  106  136  123  119  126  132  140  130  138  133  130   56
ch:  94  120  119  122  123  107  139  122  115  118  132  124  120  115  124  121  122  135  122  131  118  108  118  120  120  119  107  114  119  125  120  118   45
ch:  95  122  131  119  120  138  127  130  109  124  123  117  127  136  128  125  120  132  122  123  132  136  124  123  130  121  131  139  123  132  138  133   52
ch:  96  137  130  127  117  114  117  118  125  126  122  120  116  122  123  123  119  118  115  106  125  119  120  114  106  129  105  121  116  118  135  118   48
ch:  97  133  126  110  134  133  121  122  126  119  118  122  124  133  122  130  127  127  131  124  118  133  115  123  132  121  132  126  131  136  118  137   56
ch:  98  134  118  130  119  126  122  135  125  121  123  119  115  122  125  118  120  123  132  120  121  132  123  132  116  135  136  120  121  115  110  114   54
ch:  99  131  127  122  130  125  126  126  119  133  132  133  121  130  134  124  125  139  122  131  121  124  126  131  123  125  131  132  150  130  126  132   56
ch: 100  132  119  130  122  124  120  119  123  120  116  122  125  132  124  118  118  120  119  117  118  115  116  109  123  109  121  116  108  116  118  124   43
ch: 101  114  133  117  127  124  117  117  125  125  120  115  124  123  133  119  126  122  132  124  131  118  121  125  124  126  115  127  123  123  126  135   42
ch: 102  122  121  115  126  124  115  117  115  138  147  138  122  110  124  108  119  121  125  119  127  131  119  131  119  118  122  121  120  125  118  124   42
ch: 103  122  126  122  131  116  118  120  125  139  127  118  125  131  125  134  126  135  132  133  125  135  129  127  121  132  120  125  132  123  124  132   56
ch: 104  116  115  120  124  123  120  123  121  124  116  125  119  123  119  120  123  109  133  122  108  122  123  111  116  122  118  123  116  109  116  107   29
ch: 105  129  139  123  132  124  136  133  130  136  136  132  126  137  125  123  125  123  118  126  134  120  130  121  129  124  135  124  125  137  131  136   55
ch: 106  121  122  127  123  117  124  123  121  120  121  126  120  118  120  122  116  119  123  118  125  115  125  120  132  129  117  119  124  119  121  122   44
ch: 107  124  118  122  127  116  140  127  119  138  118  125  123  121  125  118  137  121  126  118  120  119  124  132  124  132  133  121  132  120  125  125   50
ch: 108  123  117  120  127  127  123  120  133  123  122  117  124  119  126  129  135  127  119  125  120  118  117  113  117  110  120  120  117  123  120  123   53
ch: 109  125  137  123  130  135  132  132  131  124  137  126  127  121  118  125  133  124  109  123  118  132  135  116  141  127  133  131  122  122  124  125   55
ch: 110  117  121  134  132  135  124  126  136  120  131  131  126  119  122  122  108  109  130  119  118  118  120  134  117  121  125  117  120  123  124  121   56
ch: 111  136  135  137  123  129  114  122  135  124  137  116  131  122  116  121  124  117  121  131  124  123  133  133  133  124  120  132  126  133  125  125   56
ch: 112  118  123  126  117  123  123  111  121  124  114  117  124  133  115  129  113  110  129  116  115  117  134  110  123  118  123  118  116  126  123  123   39
ch: 113  131  132  132   -1  121  121  125  121  133  132  123  117  131  125  123  132  133  133  132  134  124  126  123  125  126  131  121  125  122  133  130   56
ch: 114  120  123  129  130  124  133  122  121  116  120  115  123  117  119  121  126  116  110  110  107  108  118  121  113  107  105  116  116  115  110  123   48
ch: 115  125  122  131  134  126  124  122  132  126  126  129  126  123  118  121  130  120  124  126  125  131  118  125  122  123  133  134  135  117  119  123   50
ch: 116  121  120  125  119  132  131  125  127  114  109  124  114  131  120  110  121  109  120  117  110  116  117  115  119  107  117  117  112  107  115  119   47
ch: 117  118  123  122  116  131  131  118  125  121  116  123  122  123  124  119  124  120  124  117  133  114  132  124  119  127  122  124  131  135  123  127   56
ch: 118  120  116  132  124  118  107  116  125  122  120  117  130  119  124  116  124  127  129  117  105  122  124  117  117  120  108  108  108  109  117  119   44
ch: 119  121  119  126  126  117  119  127  116  117  115  126  116  125  114  120  132  135  120  115  125  126  124  120  119  114  132  129  123  123  131  139   31
ch: 120  122  121  131  135  120  119  121  126  132  111  121  120  122  120  126  120  116  120  122  114  121  120  107  110  108  115  124  118  121  122  106   43
ch: 121  134  131  106  134  131  119  126  125  136  119  111  123  123  120  127  117  125  122  131  124  130  133  121  127  131  132  119  133  119  120  131   34
ch: 122  131  120  122  135  119  123  121  127  118  122  119  115  116  117  117  114  113  108  121  120  117  103  125  115  125  111  116  110  108  120  110   34
ch: 123  125  122  122  121  126  117  125  124  117  125  123  120  121  122  131  127  139  120  107  116  118  121  114  132  136  117  118  121  125  135  116   31
ch: 124  119  119  132  130  122  122  121  122  125  108  116  129  132  120  122  121  124  115  117  120  119  120  107  126  114  113  118  123  109  107  134   37
ch: 125  130  119  122  126  120  136  135  140  134  126  121  115  124  123  122  133  119  126  124  119  125  127  137  115  131  119  110  116  125  123  137   34
ch: 126  118  133  119  130  123  135  117  126  120  130  120  122  125  117  122  125  133  120  114  123  118  115  119  124  118  127  116  116  115  114  124   44
ch: 127  124  120  131  126  124  137  123  124  122  126  120  120  131  126  138  130  125  135  118  139  125  130  133  121  136  140  132  139  126  141  135   21
