# ID XA-000-08-002-000-003-174-04
# Tag _trim_
# Date 240801_18:12:53
# Vref_p 54
# Vref_n 24
# Thr2_glb 43
# Vref_t 118
# Vref_t_range 1
# Pol 0
# ADC range 30-247
# FAST disc 30
ch:   0  137  137  138  136  126  132  133  136  123  135  131  119  126  123  124  124  117  124  109  107  109  126  119  115  116  116  104  108  118  109  118   46
ch:   1  140  142  139  140  151  138  147  147  130  132  124  124  134  118  126  121  124  132  123  123  117  124  118  128  122  127  118  121  134  119  119   56
ch:   2  142  136  150  132  138  124  130  130  140  123  135  132  133  122  129  124  128  118  118  113  111  125  126  104  110  108  110  117  117  108  114   53
ch:   3  136  143  151  137  142  132  131  136  136  135  140  136  134  130  129  125  119  138  132  121  126  122  123  121  125  127  119  116  117  121  136   56
ch:   4  138  139  138  136  142  149  133  138  130  141  130  124  124  117  124  109  119  108  121  114  121  104  115  111  108  105  117  119  113  123  126   56
ch:   5  127  136  137  136  138  126  133  136  135  137  131  131  127  145  131  131  133  121  118  131  129  134  124  116  118  117  117  120  116  127  121   56
ch:   6  139  139  135  131  133  138  137  129  129  129  118  132  126  121  116  123  123  120  115  122  108  109  107  120  110  113  106  108  106  102  101   56
ch:   7  139  147  138  137  132  142  138  137  137  116  132  127  140  134  126  124  126  124  124  119  128  123  121  121  119  127  119  122  130  130  125   55
ch:   8  151  135  133  137  137  139  141  135  134  134  136  131  132  137  121  132  117  118  109  119  126  116  117  117  119  118  114  120  118  121  116   54
ch:   9  148  132  149  139  135  126  139  129  137  152  134  134  135  140  119  124  127  128  125  124  109  118  120  119  125  127  133  123  121  121  121   56
ch:  10  141  145  138  133  139  136  130  122  119  132  135  128  123  117  124  129  117  119  120  119  105  122  119  108  122  106  117  117  120  103  118   42
ch:  11  148  139  142  150  132  139  150  149  141  137  130  129  126  138  130  133  127  122  124  123  133  122  131  124  130  131  123  131  122  132  129   56
ch:  12  142  137  138  136  146  131  134  131  137  132  134  123  125  130  134  127  123  115  109  118  117  115  116  108  118  101  116  114  116  117  102   56
ch:  13  150  156  137  139  137  130  138  136  136  140  131  141  132  123  129  133  123  132  130  129  126  119  133  123  119  134  137  128  121  121  125   56
ch:  14  135  141  133  141  136  131  135  135  136  130  134  126  120  129  132  119  118  131  119  122  121  117  123  113  117  129  107  116  109  125  116   53
ch:  15  148  147  141  140  149  138  136  129  135  134  134  134  127  130  127  125  126  122  123  125  125  122  116  136  124  130  130  128  119  123  127   56
ch:  16  139  138  137  151  136  134  136  139  120  133  128  130  129  130  130  134  120  123  120  125  129  117  120  114  119  117  110  116  118  120  111   50
ch:  17  150  149  139  147  135  130  135  127  142  125  140  132  136  130  146  128  137  131  140  129  123  120  110  120  122  124  126  123  127  126  131   55
ch:  18  136  148  151  152  132  140  132  137  132  126  124  133  125  126  120  134  121  111  124  117  119  118  121  124  123  119  117  104  116  108  114   39
ch:  19  149  142  130  147  145  139  132  149  149  146  135  137  141  136  132  123  133  124  131  126  134  128  123  131  124  129  125  131  130  121  131   56
ch:  20  136  138  149  131  134  131  133  131  129  130  126  126  122  133  120  126  129  123  125  121  115  124  122  116  110  105  115  108  122  104  108   48
ch:  21  139  143  149  139  135  135  145  134  133  131  140  123  137  137  130  138  127  131  132  119  136  131  121  129  126  125  127  132  122  136  126   55
ch:  22  145  153  134  132  135  136  134  132  121  140  123  131  131  119  124  123  125  123  124  108  110  120  116  114  118  125  109  117  118  115  124   49
ch:  23  141  132  147  132  136  132  134  130  140  140  145  141  134  137  134  130  127  125  133  131  126  122  124  127  134  120  120  123  127  131  125   56
ch:  24  151  140  136  133  137  131  134  137  136  133  130  126  133  128  133  126  118  126  121  124  125  107  123  114  108  121  116  106  107  117  117   50
ch:  25  148  143  131  136  136  142  132  143  132  140  137  127  131  124  131  130  140  127  124  135  134  120  116  139  127  132  126  130  123  124  123   56
ch:  26  136  149  132  130  132  140  140  126  135  126  132  131  131  124  123  121  129  131  117  127  119  117  118  124  118  108  118  121  107  121  124   55
ch:  27  145  141  146  150  149  135  138  135  134  133  142  135  139  134  130  125  135  152  134  122  132  133  132  126  133  126  136  129  139  132  130   56
ch:  28  142  142  136  150  135  139  133  136  135  141  129  126  134  122  134  126  139  126  109  122  124  113  121  121  118  125  117  115  131  108  123   54
ch:  29  153  142  148  142  138  136  141  139  141  137  138  149  132  129  131  133  133  147  131  138  124  125  136  135  131  131  129  132  129  130  117   56
ch:  30  150  136  135  137  131  140  138  135  131  131  125  124  125  130  124  126  129  121  118  122  117  107  108  106  124  123  103  118  109  113  106   50
ch:  31  140  155  141  141  138  151  149  151  141  143  134  133  128  134  136  150  134  133  135  128  145  129  133  143  127  132  126  139  127  125  135   56
ch:  32  148  143  136  140  139  140  129  150  136  139  131  126  132  135  130  122  124  127  130  129  124  127  116  117  122  118  121  119  121  129  122   49
ch:  33  148  141  136  142  136  137  134  131  129  129  139  149  129  140  130  134  127  132  134  131  128  129  124  122  132  130  121  131  129  128  126   56
ch:  34  139  142  139  141  145  140  140  132  130  131  129  130  120  132  133  130  116  124  126  120  122  120  105  103  128  109  119  129  125  119  123   46
ch:  35  149  140  150  149  139  142  150  143  128  134  132  134  136  141  122  134  128  127  126  134  139  128  128  122  131  135  129  123  124  122  123   56
ch:  36  134  148  148  140  130  138  139  131  130  138  134  139  125  130  137  110  120  132  117  120  123  125  109  118  120  110  119  128  117  130  111   55
ch:  37  137  139  135  151  135  135  134  137  129  145  134  138  122  132  139  130  125  133  124  139  118  135  122  135  131  118  136  125  130  125  139   56
ch:  38  139  130  138  138  133  137  135  139  131  130  132  135  131  121  126  125  118  122  119  129  130  126  123  122  119  115  119  109  122  110  117   50
ch:  39  148  147  133  138  141  138  136  138  140  150  135  140  129  135  135  139  129  127  130  139  129  128  143  130  140  141  133  136  133  132  132   56
ch:  40  141  151  141  134  128  137  137  129  129  135  131  131  126  135  125  122  128  135  127  129  119  124  118  117  125  123  126  126  109  116  122   52
ch:  41  147  151  129  155  134  129  137  148  138  141  146  139  140  137  124  125  140  131  133  125  134  126  132  123  134  123  131  131  126  131  124   50
ch:  42  148  131  129  145   -1  135  131  138  137  125  135  130  126  127  134  120  122  121  130  121  116  117  119  115  119  115  123  130  117  107  100   54
ch:  43  151  140  134  141  135  135  152  132  141  139  139  132  135  138  130  135  135  133  129  138  125  127  133  125  125  127  130  118  129  129  135   56
ch:  44  127  147  131  137  132  140  133  135  128  126  125  125  120  130  120  117  126  127  118  122  110  120  124  122  128  121  104  119  123  126  116   39
ch:  45  148  148  146  135  138  134  148  135  126  135  123  133  141  123  132  120  131  122  136  130  135  132  122  129  135  129  126  122  135  131  126   56
ch:  46  138  135  136  134  147  131  142  129  131  125  129  127  130  131  131  130  120  125  127  122  120  118  134  128  127  120  132  122  105  108  121   54
ch:  47  141  153  131  137  133  140  135  138  139  140  134  138  141  131  135  148  128  139  135  126  129  123  134  141  125  126  124  126  128  122  128   56
ch:  48  147  139  146  135  137  146  129  128  131  130  128  121  128  125  122  120  131  132  121  126  117  115  117  118  123  124  123  120  118  123  124   51
ch:  49  135  151  151  148  139  135  137  140  150  135  134  135  138  138  131  131  130  136  129  126  122  131  123  122  117  122  132  126  131  125  139   56
ch:  50  136  138  139  136  131  139  130  135  125  132  135  129  136  127  148  129  123  126  126  121  133  122  129  121  117  128  126  130  127  106  130   48
ch:  51  148  140  148  139  152  131  128  140  133  143  135  135  131  136  126  134  126  133  124  126  135  132  131  137  135  133  134  132  127  131  120   55
ch:  52  140  129  133  139  136  132  147  129  141  130  125  124  132  123  137  126  126  132  131  132  122  129  123  126  121  123  108  120  125  130  127   40
ch:  53  142  134  149  141  157  138  138  140  140  134  133  128  135  136  132  133  130  121  133  124  123  128  134  118  133  128  129  127  137  139  131   56
ch:  54  136  142  132  130  137  130  137  131  134  135  137  124  123  130  136  136  119  139  124  121  122  122  123  118  129  111  122  118  117  125  122   56
ch:  55  148  145  138  137  139  139  153  136  124  138  127  136  135  139  137  128  139  131  137  134  147  131  130  131  134  120  134  131  128  135  137   55
ch:  56  147  147  129  141  135  135  136  131  135  136  138  137  122  127  118  126  125  128  130  129  115  115  115  119  117  118  123  120  121  105  119   43
ch:  57  139  154  141  150  125   -1  143  139  136  149  140  139  136  135  134  148  139  130  131  124  141  130  134  131  117  132  121  127  127  135  119   56
ch:  58  131  148  147  142  137  134  132  137  127  130  127  115  129  130  126  129  134  125  126  127  128  122  117  120  122  120  119  108  128  135  127   44
ch:  59  140  142  140  141  139  136  137  136  140  149  134  134  137  137  137  136  132  137  135  134  122  138  129  130  137  136  133  130  141  135  126   54
ch:  60  139  136  140  142  140  148  131  132  135  127  123  137  131  129  122  132  131  124  124  126  125  129  117  129  120  119  118  123  124  121  120   49
ch:  61  142  152  150  140  139  132  139  141  147  148  131  134  138  132  137  138  128  132  131  124  123  123  127  131  124  131  129  132  123  126  133   52
ch:  62  140  138  138  135  138  140  127  132  127  134  131  125  126  124  133  126  126  124  118  120  122  127  116  121  123  105  126  115  117  124  120   54
ch:  63  147  148  141  134  140  141  136  143  138  133  131  149  141  132  142  138  138  135  143  135  132  131  137  127  132  131  128  149  128  129  136   56
ch:  64  130  148  138  133  138  130  148  136  126  135  128  136  128  131  128  124  124  124  116  136  124  120  118  131  129  117  113  135  129  127  130   39
ch:  65  148  152  138  139  140  147  141  138  138  133  134  123  135  139  134  125  132  135  133  134  131  124  129  122  126  127  127  134  131  125  133   56
ch:  66  137  133  132  130  124  134  136  137  150  126  131  119  133  123  119  132  130  124  131  125  120  131  108  121  125  120  134  124  119  127  124   53
ch:  67  149  137  139  147  140  150  146  143  149  139  131  135  141  136  150  133  128  151  132  130  138  145  122  132  125  135  133  141  132  133  134   56
ch:  68  140  147  147  137  128  138  143  127  136  132  140  137  128  129  128  127  129  118  124  117  114  121  125   -1  124  122  116  116  109  119  125   42
ch:  69  151  148  147  147  147  133  148  138  138  137  141  133  127  126  138  129  129  139  125  137  121  126  133  139  135  126  130  140  130  135  127   56
ch:  70  140  137  140  133  129  132  140  134  127  134  134  131  127  124  131  126  125  124  130  117  122  124  121  120  118  127  133  109  125  127  121   46
ch:  71  155  141  145  149  139  134  134  137  132  134  136  147  137  137  130  118  130  140  138  131  130  126  135  137  132  124  137  126  131  142  126   56
ch:  72  139  141  148  152  138  141  148  139  154  133  119  132  132  125  127  127  127  129  123  122  126  128  130  121  125  124  134  130  121  124  128   51
ch:  73  136  142  136  129  142  136  153  148  137  134  138  136  132  139  137  135  146  135  126  138  131  123  137  136  124  133  131  121  137  127  137   56
ch:  74  147  136  141  130  139  137  131  136  136  140  139  135  134  129  131  120  128  140  122  125  123  124  125  121  122  128  126  116  126  122  120   49
ch:  75  135  133  149  135  146  153  134  141  139  138  141  132  129  136  140  136  133  126  149  133  122  125  135  124  134  131  127  135  133  124  130   56
ch:  76  137  131  140  134  141  149  139  133  147  134  132  129  124  129  130  135  123  122  111  118  122  122  126  121  130  120  117  123  121  114  126   51
ch:  77  143  138  135  133  138  142  136  142  142  134  133  127  135  131  133  130  125  132  138  144  125  130  125  123  137  129  123  123  135  134  121   56
ch:  78  151  139  140  135  142  135  135  132  129  134  137  129  126  136  123  125  131  130  129  129  129  132  130  118  115  122  117  119  123  124  134   45
ch:  79  139  152  146  141  154  141  138  141  152  136  147  136  145  143  131  137  129  133  123  126  131  134  128  122  121  133  127  135  134  137  128   53
ch:  80  148  138  133  138   -1  136  141  136  128  137  134  132  133  126  129  139  131  134  127  116  123  126  131  119  119  124  124  104  119  135  124   56
ch:  81  138  150  142  141  142  149  150  136  147  134  140  135  127  139  138  138  132  146  127  133  130  124  132  135  118  124  132  128  133  125  130   56
ch:  82  133  149  150  133  126  148  135  150  136  139  130  130  132  136  132  129  124  127  120  124  121  121  132  129  115  120  117  116  117  120  130   56
ch:  83  146  152  142  142  138  138  136  131  149  136  135  138  124  135  130  132  133  132  123  129  125  128  137  120  124  141  133  134  132  137  128   56
ch:  84  136  138  134  130  134  133  133  152  132  125  125  135  132  122  129  124  122  126  121  115  124  122  131  119  119  116  126  115  108  118  122   56
ch:  85  148  140  150  147  141  143  141  146  139  133  150  139  137  141  138  142  136  130  124  125  137  136  135  130  130  123  131  129  134  128  130   56
ch:  86  126  153  148  138  132  135  140  139  140  126  131  127  122  135  119  122  118  129  118  108  127  110  126  105  119  115  120  120  110  110  125   56
ch:  87  148  150  147  147  150  135  148  139  132  139  137  137  131  132  147  130  134  137  136  135  129  131  134  128  128  130  132  133  130  130  139   56
ch:  88  140  153  135  139  135  125  131  132  139  134  138  121  130  130  131  129  130  137  124  130  124  124  122  118  125  123  123  124  110  117  115   54
ch:  89  134  141  151  153  138  151  133  141  140  153  131  149  130  136  129  137  129  139  133  139  134  124  133  136  131  142  126  129  134  123  123   56
ch:  90  135  142  136  136  138  130  134  135  137  132  131  126  139  121  132  126  113  131  119  124  123  126  116  118  121  111  105  123  119  110  121   54
ch:  91  152  149  137  139  149  143  157  135  131  140  133  132  125  132  128  136  130  128  126  143  134  124  132  133  124  129  135  129  140  130  131   56
ch:  92  149  137  136  137  146  138  133  131  127  130  129  133  134  122  119  131  120  125  127  115  122  116  131  117  124  123  122  113  121  120  137   56
ch:  93  148  147  151  150  147  134  142  141  139  139  129  148  139  132  130  138  134  125  135  139  137  122  133  139  119  128  131  128  128  127  128   56
ch:  94  148  155  134  140  134  129  131  131  131  135  132  125  130  129  125  121  124  124  114  124  116  120  119  116  119  120  125  110  118  106  119   53
ch:  95  140  147  142  137  132  140  133  143  132  135  131  141  150  124  130  132  137  135  138  135  135  130  148  132  127  127  136  130  134  130  138   56
ch:  96  140  151  146  150  135  152  141  136  132  134  129  130  127  121  120  129  124  127  116  130  135  120  120  129  123  127  130  121  120  122  123   49
ch:  97  131  140  151  146  146  134  138  152  132  134  138  138  135  133  136  130  135  134  128  134  123  125  128  124  136  132  129  124  125  134  128   52
ch:  98  150  148  158  129  139  138  132  125  123  141  136  127  130  134  131  121  131  130  129  124  110  130  122  121  129  130  126  123  123  119  135   53
ch:  99  149  138  140  140  138  131  139  147  136  133  142  130  140  132  136  136  148  134  129  136  125  131  133  131  134  133  133  123  134  131  134   56
ch: 100  141  132  147  138  133  133  148  130  133  132  138  129  130  140  132  132  133  125  124  124  134  118  119  123  120  118  121  126  119  120  124   47
ch: 101  142  150  135  135  139  145  141  135  135  136  137  133  133  136  129  153  138  148  124  135  126  127  130  132  137  126  138  133  125  136  125   56
ch: 102  136  134  139  136  137  149  126  132  140  129  124  130  133  131  134  131  119  130  128  123  125  114  119  118  118  129  126  115  107  122  103   54
ch: 103  151  151  143  140  139  147  138  139  138  153  148  139  131  133  136  130  132  133  131  133  127  127  134  126  129  132  126  123  135  118  134   56
ch: 104  153  136  138  137  138  133  137  135  134  130  126  131  134  129  139  130  131  131  117  120  125  119  108  116  110  119  127  118  120  108  118   53
ch: 105  142  153  142  147  133  140  149  134  138  134  141  138  133  133  131  134  133  126  130  131  139  132  129  128  117  131  124  121  134  124  133   56
ch: 106  132  148  148  137  138  129  136  131  135  126  136  135  129  121  134  118  125  132  120  109  118  106  121  118  125  120  120  124  120  116  125   49
ch: 107  147  155  128  138  140  137  140  126  133  137  131  140  132  132  137  135  143  123  130  127  119  126  125  137  132  126  126  126  130  126  125   56
ch: 108  138  141  142  133  143  138  139  136  136  134  124  123  137  128  118  126  131  132  123  124  125  118  127  132  121  104  106  123  105  109  116   53
ch: 109  140  142  140  151  148  132  141  136  131  129  143  133  137  133  138  136  150  132  137  134  137  133  129  122  129  136  129  135  127  138  127   55
ch: 110  149  145  133  137  136  139  138  136  125  138  134  130  127  125  138  124  124  132  122  125  124  123  121  120  110  114  118  125  106  119  116   56
ch: 111  149  135  146  136  141  138  135  141  142  136  135  134  132  136  136  135  127  132  137  124  126  122  126  123  123  132  125  133  133  130  121   56
ch: 112  143  136  139  136  134  131  141  139  124  133  136  129  125  131  130  132  130  117  120  126  111  121  122  125  121  112  115  120  109  104  124   55
ch: 113  140  140  154  155  133  138  137  138  140  149  129  143  134  135  131  134  135  133  132  132  134  123  124  130  134  125  133  132  129  128  137   56
ch: 114  140  154  131  138  142  131  130  137  132  126  123  135  123  126  128  135  126  130  129  121  133  119  117  121  108  115  118  109  124  121  128   48
ch: 115  153  147  150  138  143  152  136  141  130  150  133  138  132  141  136  129  135  137  128  126  127  126  137  134  129  140  120  134  129  124  131   56
ch: 116  154  149  147  141  140  135  121  123  126  122  126  129  125  123  124  123  134  122  123  131  130  124  119  113  117  107  109  116  121  117  118   50
ch: 117  140  161  152  148  138  137  146  136  132  140  123  131  141  132  132  138  131  134  126  130  125  135  134  129  138  127  137  125  137  130  131   56
ch: 118  150  138  147  151  138  129  132  133  137  122  129  131  123  125  131  127  126  122  129  115  115  123  115  108  117  111  117  122  107  107  101   38
ch: 119  147  153  155  139  158  137  134  151  156  147  131  140  133  133  142  135  131  124  130  127  131  137  131  132  132  135  134  132  136  127  137   56
ch: 120  150  141  154  137  151  138  131  124  125  132  129  127  124  128  130  128  132  120  125  118  109  116  117  107  117  117  127  115  124  124  118   52
ch: 121  140  132  143  138  142  139  147  140  139  148  137  149  140  134  129  133  131  130  134  131  131  134  133  137  132  128  139  147  132  130  126   56
ch: 122  143  131  134  140  148  134  140  131  132  128  121  124  133  117  129  129  120  121  121  121  116  114  121  117  112  117  108  116  110  111  108   47
ch: 123  153  138  157  143  135  138  135  133  136  139  126  136  138  135  131  133  131  126  131  135  131  135  131  132  125  122  134  130  121  125  126   56
ch: 124  149  141  132  140  140  140  138  135  127  127  127  122  131  136  116  131  125  127  125  116  124  121  125  117  116  131  121  116  121  128  120   47
ch: 125  141  139  150  153  143  141  138  138  135  139  135  136  133  127  138  126  139  128  133  140  146  137  128  142  126  127  135  131  141  129  127   47
ch: 126  136  135  140  141  134  148  135  126  129  136  124  125  127  137  132  122  116  118  123  120  129  117  122  122  115  120  114  118  127  129  125   41
ch: 127  146  147  140  148  152  138  142  141  132  138  140  136  139  142  133  139  130  147  133  128  133  134  133  127  124  141  134  130  130  126  135   40
