ch    0:      0     0     0     0     0     0     0     0     0     0     0     0     0     0     0     0     0     0     0     0     0     4    39   313  1453  8079 10182 11493  9320 12955  8283 16706
ch    1:      0     0     0     0     0     0     0     0     0     0     0     0     0     0     0     0     0     0     0     0     2     7    90   469  2699 13104 11245  7828 13786 14366 13872  7771
ch    2:      0     0     0     0     0     0     0     0     0     0     0     0     0     0     0     0     0     0     0     0     0     9    76   535  4315  5468  6513  8274  8563  9498 14900 11483
ch    3:      0     0     0     0     0     0     0     0     0     0     0     0     0     0     0     0     0     0     0     0     2    22    98   653  3968  9630  8641  9785  9948  9539 10080 11112
ch    4:      0     0     0     0     0     0     0     0     0     0     0     0     0     0     0     0     0     0     0     0     1    19    69   607  4182 10402  5544 12946 10746  5954  6780  7178
ch    5:      0     0     0     0     0     0     0     0     0     0     0     0     0     0     0     0     0     0     0     0     3    18   102  1178  4908 12364 13707 12234 16487 10180  3809 11407
ch    6:      0     0     0     0     0     0     0     0     0     0     0     0     0     0     0     0     0     0     0     0     0     5    71   655  4677  6640  6172 13115 12293 11421 10670  5088
ch    7:      0     0     0     0     0     0     0     0     0     0     0     0     0     0     0     0     0     0     0     0     4    23   148  1541  7953 15005 11694 11320 12077  9914  8967  8652
ch    8:      0     0     0     0     0     0     0     0     0     0     0     0     0     0     0     0     0     0     0     0     1     8   127   834  6207 11014  4356 12760 13882  8855 11063  9151
ch    9:      0     0     0     0     0     0     0     0     0     0     0     0     0     0     0     0     0     0     0     0     1    18   180  1297 11194 14612  7985  9546 11317 12403 12992  9666
ch   10:      0     0     0     0     0     0     0     0     0     0     0     0     0     0     0     0     0     0     0     0     0     8    95   996  7658  9956 10210  6325  9371  9104 14243  9439
ch   11:      0     0     0     0     0     0     0     0     0     0     0     0     0     0     0     0     0     0     0     0     4    27   301  1420 10222 10434  7578 12305  8553  6824 10296  8287
ch   12:      0     0     0     0     0     0     0     0     0     0     0     0     0     0     0     0     0     0     0     0     2    24   174  1805  8840 10211 12612  6679  6889 12295 12094 13608
ch   13:      0     0     0     0     0     0     0     0     0     0     0     0     0     0     0     0     0     0     0     0     2    34   201  2837 12040  9736 10393 12521 11738 10843  8911  9484
ch   14:      0     0     0     0     0     0     0     0     0     0     0     0     0     0     0     0     0     0     0     0     0    15   212  1177  9319 10843 11346 12610 13150 11476 11541  6023
ch   15:      0     0     0     0     0     0     0     0     0     0     0     0     0     0     0     0     0     0     0     1     2    41   285  3424  6096  5616  7961  8393 10169 13714  8958  9328
ch   16:      0     0     0     0     0     0     0     0     0     0     0     0     0     0     0     0     0     0     0     0     0    10   213  1331 13940  8914  6029 11383 14109  9379 10376  3985
ch   17:      0     0     0     0     0     0     0     0     0     0     0     0     0     0     0     0     0     0     1     1     4    43   258  2822 14990  9459  5610  9221 12178  8014 12249  6636
ch   18:      0     0     0     0     0     0     0     0     0     0     0     0     0     0     0     0     0     0     0     0     0    13   248  2109 13090  8120 12687  9631  8547 14072 12123 10701
ch   19:      0     0     0     0     0     0     0     0     0     0     0     0     0     0     0     0     0     0     0     0     5    52   264  3344  4031  9910  5426 10898  9675  9200 11660 10502
ch   20:      0     0     0     0     0     0     0     0     0     0     0     0     0     0     0     0     0     0     0     0     1    26   374  2421 15956 13288 11916  9847 11219  8295  5688 13030
ch   21:      0     0     0     0     0     0     0     0     0     0     0     0     0     0     0     0     0     0     0     0     9    49   649  2501  6102  6127  9295 14951  8916  9575  8921 10796
ch   22:      0     0     0     0     0     0     0     0     0     0     0     0     0     0     0     0     0     0     0     1     6    21   256  2676 11119  4852 10631  8826  9777 15940  7881 16268
ch   23:      0     0     0     0     0     0     0     0     0     0     0     0     0     0     0     0     0     0     0     0     5    34   407  4818 13763 13222  5777 12398 12299  9043  9347  7783
ch   24:      0     0     0     0     0     0     0     0     0     0     0     0     0     0     0     0     0     0     0     0     1    16   201  2656  9878  7484  8693  8184  8300 10075 15530 13731
ch   25:      0     0     0     0     0     0     0     0     0     0     0     0     0     0     0     0     0     0     0     0     6    43   577  4379  9402 14847  6484  9508 13422  8836 11190 14088
ch   26:      0     0     0     0     0     0     0     0     0     0     0     0     0     0     0     0     0     0     0     0     0    14   286  3010  4815  9230  8821  7924 12265 11762  9214  2849
ch   27:      0     0     0     0     0     0     0     0     0     0     0     0     0     0     0     0     0     0     0     0     4    91   568  5718  7357 10712  8559  7931 12941  6209  8310  9538
ch   28:      0     0     0     0     0     0     0     0     0     0     0     0     0     0     0     0     0     0     0     0     2    31   289  4259  7410 10880  9453  8949  6123 10754 14994 13843
ch   29:      0     0     0     0     0     0     0     0     0     0     0     0     0     0     0     0     0     0     1     1    10    29   466  5328  6706 10235 14629  9514  8560  7826 12838 10199
ch   30:      0     0     0     0     0     0     0     0     0     0     0     0     0     0     0     0     0     0     0     0     1    21   278  3012  7050 10471  7603  3687  9370 10801  4215  9312
ch   31:      0     0     0     0     0     0     0     0     0     0     0     0     0     0     0     0     0     0     1     1     4    64   425  5857 11918  9270 11798  9242 10492 13100  7132  9447
ch   32:      0     0     0     0     0     0     0     0     0     0     0     0     0     0     0     0     0     0     0     0     2    38   318  4964 11247 12471 10783  9733  9722 10299  7585  2289
ch   33:      0     0     0     0     0     0     0     0     0     0     0     0     0     0     0     0     0     0     0     0     4    53   669  6044 14096  8585 11263  8935 14842 11508 15502  9088
ch   34:      0     0     0     0     0     0     0     0     0     0     0     0     0     0     0     0     0     0     0     0     4    30   461  6345 11858 11049 12174  6754  9345  4908 14180  4918
ch   35:      0     0     0     0     0     0     0     0     0     0     0     0     0     0     0     0     0     0     0     0     5    46   690  6470  4494  8619  7626 10505  5471  9606  9136 14408
ch   36:      0     0     0     0     0     0     0     0     0     0     0     0     0     0     0     0     0     0     0     0     1    51   322  5514 12813 11447 11114 15334  6034 11743 13462 12679
ch   37:      0     0     0     0     0     0     0     0     0     0     0     0     0     0     0     0     0     0     0     0     2    44  1140  7550 12107 10202 11594  8241 12474 12759 12752  9557
ch   38:      0     0     0     0     0     0     0     0     0     0     0     0     0     0     0     0     0     0     0     0     1    36   709  5420  9536 13230  5368 16990  8205  7637  6803 10689
ch   39:      0     0     0     0     0     0     0     0     0     0     0     0     0     0     0     0     0     0     0     0     3    44   860  7067 14255 12846 11886 12515  9529  5038  9339 11363
ch   40:      0     0     0     0     0     0     0     0     0     0     0     0     0     0     0     0     0     0     0     0     3    40   555  4459 12002  9605 15751 11071  9132  8315  9792 15771
ch   41:      0     0     0     0     0     0     0     0     0     0     0     0     0     0     0     0     0     0     0     0     5    73  1058  5907  5916  6506 10926  5926  8380  9154  7738 11464
ch   42:      0     0     0     0     0     0     0     0     0     0     0     0     0     0     0     0     0     0     0     0     1    46   494  4800 15631  9893  9236  8685 15711 11094 12603 11614
ch   43:      0     0     0     0     0     0     0     0     0     0     0     0     0     0     0     0     0     0     0     1     8   107  1274 15286  5692 13080  8279 13627  9382 14530  8486 11386
ch   44:      0     0     0     0     0     0     0     0     0     0     0     0     0     0     0     0     0     0     0     0     1    72   681  7226  9012  8022 12468 10179 10888 14838 10953  5965
ch   45:      0     0     0     0     0     0     0     0     0     0     0     0     0     0     0     0     0     0     0     0     4    95   754 10271  7698  6706 15692  5894 10970 10670 13275 12076
ch   46:      0     0     0     0     0     0     0     0     0     0     0     0     0     0     0     0     0     0     0     0     1    52   583  6997  9425 11948 17186 12256 10704  9670 12998 13712
ch   47:      0     0     0     0     0     0     0     0     0     0     0     0     0     0     0     0     0     0     0     0     7   201   996 16734 14507  9691  8200  8030  9244  6773 10452 14453
ch   48:      0     0     0     0     0     0     0     0     0     0     0     0     0     0     0     0     0     0     0     0     4   120  1002  9309 13499  6953 12572  8520 10605 13931  8535 11347
ch   49:      0     0     0     0     0     0     0     0     0     0     0     0     0     0     0     0     0     0     0     0     9    63  1234 11743 10029  5200  8837  9662 16006 13616  9614  8881
ch   50:      0     0     0     0     0     0     0     0     0     0     0     0     0     0     0     0     0     0     0     0     2    40   976  6401 11153 11442  9427 10082 12986  8894  7286  3767
ch   51:      0     0     0     0     0     0     0     0     0     0     0     0     0     0     0     0     0     0     0     1    11   139  1688 12658 12424 10697  6602 11020 15592 13879  9015 10896
ch   52:      0     0     0     0     0     0     0     0     0     0     0     0     0     0     0     0     0     0     0     0     3    52   686  7554  9281 11857 12674 13168 10230 10628 16242 10134
ch   53:      0     0     0     0     0     0     0     0     0     0     0     0     0     0     0     0     0     0     0     0    14    91  1067 10052  9337  9400  6772  9735 13623  5751  8605  6939
ch   54:      0     0     0     0     0     0     0     0     0     0     0     0     0     0     0     0     0     0     0     2    10    82   651  6558 12840  9817 12327 11876 12642  7882  8966 16476
ch   55:      0     0     0     0     0     0     0     0     0     0     0     0     0     0     0     0     0     0     0     0     5   109  1088  5227  7726 14660  8771 10773  6013  8609 14840 12540
ch   56:      0     0     0     0     0     0     0     0     0     0     0     0     0     0     0     0     0     0     0     0     0    42   604 10355  9921  7762 13845  9387 12360 10492  9327 13934
ch   57:      0     0     0     0     0     0     0     0     0     0     0     0     0     0     0     0     0     0     0     0     4    76  1220 11804 13175  9355  9165 11107 12847 14032 14569 12433
ch   58:      0     0     0     0     0     0     0     0     0     0     0     0     0     0     0     0     0     0     0     0     3    77  1220  7662  5304 13842 11202  8696  7129 16607  9240 14621
ch   59:      0     0     0     0     0     0     0     0     0     0     0     0     0     0     0     0     0     0     0     0     8   257  1573 11539 11217  9190 13706  4933 12224 12456  6030 10407
ch   60:      0     0     0     0     0     0     0     0     0     0     0     0     0     0     0     0     0     0     0     0     5    87   958 10870 12509  8254  7064 10461  9904  6097 12587 13819
ch   61:      0     0     0     0     0     0     0     0     0     0     0     0     0     0     0     0     0     0     0     1     8   142  1079 15321  6759 10273 13328 10461 11151  8849  8173 11440
ch   62:      0     0     0     0     0     0     0     0     0     0     0     0     0     0     0     0     0     0     0     0     0    65   752  9552  9446  7437 13600  7033  7207  8586 13720 13215
ch   63:      0     0     0     0     0     0     0     0     0     0     0     0     0     0     0     0     0     0     0     0    10   126  1751 11566 13123 11962  6437 16082 11397 11198  9632 10162
ch   64:      0     0     0     0     0     0     0     0     0     0     0     0     0     0     0     0     0     0     0     0     9    94  1101  9394 11234 12341 13155  7507 11151 11162  8677  8283
ch   65:      0     0     0     0     0     0     0     0     0     0     0     0     0     0     0     0     0     0     0     0     4   126  1154  8238 14882 12059  7442 16082 10909  8221  6341 13806
ch   66:      0     0     0     0     0     0     0     0     0     0     0     0     0     0     0     0     0     0     0     0     4    82  1093  7138  8933 11964 10862  9800  9024  7698 12860 12154
ch   67:      0     0     0     0     0     0     0     0     0     0     0     0     0     0     0     0     0     0     1     1     8   200  1744 14599  8418 10415 12964  6084  9200 11332  8744 11796
ch   68:      0     0     0     0     0     0     0     0     0     0     0     0     0     0     0     0     0     0     0     0     6   119   670  9302  9880 10496  9861  9531  7695  8833 10388  8674
ch   69:      0     0     0     0     0     0     0     0     0     0     0     0     0     0     0     0     0     0     0     0     9    98  1701  5929  7638 11566 13988 14641 10697 10990 10824 13126
ch   70:      0     0     0     0     0     0     0     0     0     0     0     0     0     0     0     0     0     0     0     0     5    64   689  7655 10665 11063  8473 13954 11909 10189 12045 10054
ch   71:      0     0     0     0     0     0     0     0     0     0     0     0     0     0     0     0     0     0     0     0     8   100  1655  8865 10404  8311  5576 15409  4066 10323 11718 11236
ch   72:      0     0     0     0     0     0     0     0     0     0     0     0     0     0     0     0     0     0     0     0     6    73   584  7086 10273  8773 10316  6412 12052  8123  9225  7086
ch   73:      0     0     0     0     0     0     0     0     0     0     0     0     0     0     0     0     0     0     0     0     5    80  1218 14172  9474 13094 10063 12332  9297  7848 10626 14269
ch   74:      0     0     0     0     0     0     0     0     0     0     0     0     0     0     0     0     0     0     0     0     6    95  1122  8475  7820 10609  7532  6473 10395  9777  8192 11557
ch   75:      0     0     0     0     0     0     0     0     0     0     0     0     0     0     0     0     0     0     0     0    11   202  1624 15740 10633 10657  8353  8918  9288  9001  8212 10284
ch   76:      0     0     0     0     0     0     0     0     0     0     0     0     0     0     0     0     0     0     0     0     6    83  1234 10641  8777  4731 11272  9283 12134  4208 15625  7714
ch   77:      0     0     0     0     0     0     0     0     0     0     0     0     0     0     0     0     0     0     0     2     4   127  1697  5456  8465  9840  8070 16562  8181 10579 14344  8436
ch   78:      0     0     0     0     0     0     0     0     0     0     0     0     0     0     0     0     0     0     0     0     4    40  1469 10222  9625 12730 11461 12731 13184 12001 11725  9095
ch   79:      0     0     0     0     0     0     0     0     0     0     0     0     0     0     0     0     0     0     0     0     7   137  1517  6196  9479 11737  9484 12936  8010  8161 11019  8284
ch   80:      0     0     0     0     0     0     0     0     0     0     0     0     0     0     0     0     0     0     0     1     6   109  1514 11569  9273 10364 11516 11052  7530 15250  8868 12432
ch   81:      0     0     0     0     0     0     0     0     0     0     0     0     0     0     0     0     0     0     0     0    10   171  1385 18678 12013  8294 10073  9067  9787 11708  8002 17616
ch   82:      0     0     0     0     0     0     0     0     0     0     0     0     0     0     0     0     0     0     0     0     7    92  1083 12334 10205 13867 14280 11624  3203 12647 13545  9685
ch   83:      0     0     0     0     0     0     0     0     0     0     0     0     0     0     0     0     0     0     0     0     7   180  1416 18373 11394 12662 11421 13646 13601 11600  8599 12253
ch   84:      0     0     0     0     0     0     0     0     0     0     0     0     0     0     0     0     0     0     0     1     9    84   607  7982 12909  9140 12464  9924 10287  8412  6939 13131
ch   85:      0     0     0     0     0     0     0     0     0     0     0     0     0     0     0     0     0     0     0     0    10   241  1790 18235  9510 10709  7192  6645 10124  9801  3472  9160
ch   86:      0     0     0     0     0     0     0     0     0     0     0     0     0     0     0     0     0     0     0     0     5    49  2212 12660 13467  8553  8698  9978  8003 12380  9018  7488
ch   87:      0     0     0     0     0     0     0     0     0     0     0     0     0     0     0     0     0     0     0     1    16   217  1624  1806 10473 10447  5209 12385  8105 11881 12421 12696
ch   88:      0     0     0     0     0     0     0     0     0     0     0     0     0     0     0     0     0     0     0     0     6   136  1624 13534 11238  7327  7722 12733  8764 11691 10247 10555
ch   89:      0     0     0     0     0     0     0     0     0     0     0     0     0     0     0     0     0     0     0     0    22   207  2071 12299 14932  6423 10320 10982  7979  5566 10006  8837
ch   90:      0     0     0     0     0     0     0     0     0     0     0     0     0     0     0     0     0     0     0     1     5   108  1081  9959 11253  9572  9015  8796  9994  6150 14335 14746
ch   91:      0     0     0     0     0     0     0     0     0     0     0     0     0     0     0     0     0     0     0     0     7   135  2752  7737  7144  9822 10831 11080 10147  8911 11047 10792
ch   92:      0     0     0     0     0     0     0     0     0     0     0     0     0     0     0     0     0     0     0     0     8   129  3099  8265 10090  6439 11722  7356 11403  7392  8914 13881
ch   93:      0     0     0     0     0     0     0     0     0     0     0     0     0     0     0     0     0     0     0     1    18   167  1984 18357 12232 13030 11251 10328 11913  7233 10722 11620
ch   94:      0     0     0     0     0     0     0     0     0     0     0     0     0     0     0     0     0     0     0     0     9   121  1106 13568  8648  8070  8509 11748  7513 10878  9151  9013
ch   95:      0     0     0     0     0     0     0     0     0     0     0     0     0     0     0     0     0     0     0     2    12   304  3423  9285  8516  8001 11541 10495  9202  9012 15943 11980
ch   96:      0     0     0     0     0     0     0     0     0     0     0     0     0     0     0     0     0     0     0     1     2   116  1581 12000 10532  5500 10402 15055 12347  8406  9798 13286
ch   97:      0     0     0     0     0     0     0     0     0     0     0     0     0     0     0     0     0     0     0     0     9   165  2198  5929  7713  9718 16104 11289 13814 10565  7424  8995
ch   98:      0     0     0     0     0     0     0     0     0     0     0     0     0     0     0     0     0     0     0     0     2    50   784 13576  8834  9978 12537  6138 12873  9022  5582 13223
ch   99:      0     0     0     0     0     0     0     0     0     0     0     0     0     0     0     0     0     0     0     0    14   214  2397 13211 12943 10132  8864 11930 12286 13021 12802 10025
ch  100:      0     0     0     0     0     0     0     0     0     0     0     0     0     0     0     0     0     0     0     0     9   116  1509  9489  9313  7222  9532 12444  4958 11303 11236  6144
ch  101:      0     0     0     0     0     0     0     0     0     0     0     0     0     0     0     0     0     0     0     0    18   168  2426  2433 13043  8561 11003 12118 11719  8519 12745 10749
ch  102:      0     0     0     0     0     0     0     0     0     0     0     0     0     0     0     0     0     0     0     0     3    91  1738 15505 14601 13188 10024 11141 14555 12133 13019  7204
ch  103:      0     0     0     0     0     0     0     0     0     0     0     0     0     0     0     0     0     0     0     0    12   245  3613  3953 12182  7512  8792  8875 12618 10469  6438  9475
ch  104:      0     0     0     0     0     0     0     0     0     0     0     0     0     0     0     0     0     0     0     1     8   157  1523  9323 10811 12302 14973  8171  7295 10042  6322  6582
ch  105:      0     0     0     0     0     0     0     0     0     0     0     0     0     0     0     0     0     0     0     0    10   166  2040 17812  6992  8016 10426 11629  6191  9313 10295 10568
ch  106:      0     0     0     0     0     0     0     0     0     0     0     0     0     0     0     0     0     0     0     0     5   104  1308 11069  9574  7893 12003 13801  7133  4224 12913 12206
ch  107:      0     0     0     0     0     0     0     0     0     0     0     0     0     0     0     0     0     0     0     0    19   194  2150  3194  9132 12129 10129  7364  7898 10784 10511 13158
ch  108:      0     0     0     0     0     0     0     0     0     0     0     0     0     0     0     0     0     0     0     0    12    93  1738 16586  8654 10556 12143 13040 11255 11369 14003  9058
ch  109:      0     0     0     0     0     0     0     0     0     0     0     0     0     0     0     0     0     0     0     2    11   177  2408 17505  9686  9279 11448 10618  9097 15671  4622 12060
ch  110:      0     0     0     0     0     0     0     0     0     0     0     0     0     0     0     0     0     0     0     1    13   261  1437 17258 13349 12804  7317 10698 14388 11653 11615  6227
ch  111:      0     0     0     0     0     0     0     0     0     0     0     0     0     0     0     0     0     0     0     0     9   360  1693  9573  9875 14124  6808 10427 11172 12036 11188  5731
ch  112:      0     0     0     0     0     0     0     0     0     0     0     0     0     0     0     0     0     0     0     0     6   130  1902 13892  9770 10665  9329  7485 11489  7950  8523 12677
ch  113:      0     0     0     0     0     0     0     0     0     0     0     0     0     0     0     0     0     0     0     1    20   369  2763  8275 14371 12953  3567  8559  8411 10001 10367 11915
ch  114:      0     0     0     0     0     0     0     0     0     0     0     0     0     0     0     0     0     0     0     0     3   154  1535 14116  9508 10764  7121 10563  8321 13109  9564 15803
ch  115:      0     0     0     0     0     0     0     0     0     0     0     0     0     0     0     0     0     0     0     0    13   227  5457 12269  8492 11822  7821  8250  9307 12275  6347 11454
ch  116:      0     0     0     0     0     0     0     0     0     0     0     0     0     0     0     0     0     0     0     2    16   222  1643 13639  6821 13336 10516  9912  9016 12907  8657 11173
ch  117:      0     0     0     0     0     0     0     0     0     0     0     0     0     0     0     0     0     0     0     2    14   299  3091  6427 12895  7313 10519  6629  9895 11178 11504  8779
ch  118:      0     0     0     0     0     0     0     0     0     0     0     0     0     0     0     0     0     0     0     1    15   154  2054 13442 13172 10947  7285  9970 12512 13638 11476 12484
ch  119:      0     0     0     0     0     0     0     0     0     0     0     0     0     0     0     0     0     0     1     4    25   448  2237  9330  8185 14984  8021  9984 15387  9709  9011 11672
ch  120:      0     0     0     0     0     0     0     0     0     0     0     0     0     0     0     0     0     0     0     0    13   155  1442 12282 12651 12539 10276  8937 10524  7015 13478 10103
ch  121:      0     0     0     0     0     0     0     0     0     0     0     0     0     0     0     0     0     0     0     5    19   313  3726 13102  8937 12658  8052 10423 10276  9919 13507 10802
ch  122:      0     0     0     0     0     0     0     0     0     0     0     0     0     0     0     0     0     0     0     1     8   168  2209  8448 15300 11691  7154  8400  7592 11662  6477  8149
ch  123:      0     0     0     0     0     0     0     0     0     0     0     0     0     0     0     0     0     0     0     1    40   316  5637 14101 11412  9159  7534  8540 13886  7863  9590 11880
ch  124:      0     0     0     0     0     0     0     0     0     0     0     0     0     0     0     0     0     0     0     1    13   193  2522 15884 11685 11895  8236 12426 11149 10395 14373 10946
ch  125:      0     0     0     0     0     0     0     0     0     0     0     0     0     0     0     0     0     0     1     4    54   689  5287  4765  8078 13045 10408  5697  9944 12057  8644  7954
ch  126:      0     0     0     0     0     0     0     0     0     0     0     0     0     0     0     0     0     0     0     0    23   169  2361  3088  9241  8484 12581 10012 11246  8591  8040  8992
ch  127:      0     0     0     0     0     0     0     0     0     0     0     0     0     0     0     0     0     0     0     2   127  1446  9565  8539  7629 13509  9689  7704 11959 11232  6440 11563
