# ID XA-000-08-002-000-005-216-13
# Tag _trim_
# Date 240507_13:21:54
# Vref_p 58
# Vref_n 21
# Thr2_glb 10
# Vref_t 118
# Vref_t_range 1
# Pol 1
# ADC range 30-247
# FAST disc 30
ch:   0  125  119  121  119  116  117  121  118  124  106  109  116  108  116  113   90  116  108  116  106  107  121  109  116  121  117  120  123  137  122  131   -1
ch:   1  116  120  119  122  101  117  119  106  118  104  101  104  114  114  102  115  114  110  109  116  102  117  121  122  109  122  115  133  125  132  122   13
ch:   2  116  117  120  130  107  104  104  111  106  107  113  104  106  117  109  107  111  110  116  117  109  101  112  123  118  118  123  124  118  130  120   -1
ch:   3  106  116  116  121  108  132   -1  107  115  102  105  106  114  121  108  116  107  119  123  106  111  120  109  121  115  131  121  134  123  132  124   20
ch:   4  116  116  121  108  107  103  105  108  102  105  117  114  115  110  101  118  108  119  117  117  115  116  110  108  122  126  117  123  120  125  132    5
ch:   5  117  114  107  100  105  124  104  107  115  111  118  102  106  119  118  108  107  100  110  123  122  103  115  122  124  116  118  119  116  118  122   43
ch:   6  115  117  117  120  104  111  108  114  110  116  107  117  120  104  118  119  107  118  108  105  109  106  116  102  109  117  123  122  124  118  125    5
ch:   7  109  124  108  119  110  116  110  104  101  115  101  107  120  120  120  107  122  116  109  111  105  119  108  120  116  117  124  121  119  131  124   15
ch:   8  119  109  114  105  106  124  108  110  116  109  116  107   99  114  119  108  102  105  105  102  100  122  115  117  117  127  121  111  117  122  120   32
ch:   9  107  120  109  115  121  121  118  104  115  103  105  107  110  107  102  123  109  116  117  115  109  123  118  120  109  121  123  116  116  124  113    3
ch:  10  117  115  115  106  105  118  112  118  114  124  105  109  113  118  104  110  104  107  115  118  108  114  104  108  117  121  118  122  121  120  122   18
ch:  11  117  103  117  114  116  106  102  117  105  107  109  107  119  100  105  119  107  117  121  114  133  122  129  134  107  118  133  120  122  127  136   -1
ch:  12  107  116  103  118  117  123  117  121  122  115  115  113  116  106  115  118  121  120  108  117  125  106  115  120  133  122  135  119  123  132  126   -1
ch:  13  121  120  123  123  119  115  106  118  107  110  120  120  120  110  109  110  116  117  115  115  109  115  121  134  103  122  122  123  119  126  124   19
ch:  14  107  120  104  107  116  116  110  104  117  105  109  103  115  116  116  106  114  108  118  115  119  116  115  110  131  124  120  124  129  126  124   20
ch:  15  113  106  118  108  115  116  116  121  104  127  110  117  113  106  117  112  120  105  122  121  122  109  121  125  122  124  119  118  123  124  125    3
ch:  16  117  107  113  120  116  114  112  121  106  108  106  115  109  114  120  107  115  120  103  122  119  109  121  123  122  118  118  117  117  127  130   -1
ch:  17  115  101  124  116  116  120  110  118  117  116  116  100  121  117  102  116  108  118  113  108  118  129  121  115  123  108  119  122  124  122  125   -1
ch:  18  115  116  103   99  118  116  108  108  107  101  108  103  109  113  116  115  103  115  117  115  118  115  115  109  123  123  118  109  129  111  111   -1
ch:  19  116  110  116  121  117  116  101  106  103  114  120  119  108  109  119  118  123  116  106  116  110  120  108  121  117  117  123  122  118  133  137   -1
ch:  20  110  105  108  115  118  107  118  105  108  109  117  130  118  118  118  106  123  117  114  115  102  119  116  124  106  115  117  117  119  125  122   38
ch:  21  110  121  111  115  115  119  122  125  117  109  114  109  110  119  119  115  116  118  119  118  114  116  121  119  132  131  117  121  124  132  134   54
ch:  22  120  117  116  122  122  108  118  122  116  118  110  110  114  114  110  120  110  117  120  123  109  120  121  118  117  109  133  119  121  134  128    6
ch:  23  133  117  100  131  116  109  111  107  105  105  110  117  105  106  120  109  116  117  116  119  114  110  107  110  123  123  117  121  125  139  124   29
ch:  24  108  118  117  119  124  109  124  120  115  116  113  106  119  116  107  122  115  108  121  119  123  108  120  107  118  123  122  126  122  136  133   -1
ch:  25  116  130  126  121  116  118  111  122  107  115  123  120  123  121  118  116  114  105  106  120  103  119  116  105  120  121  110  122  122  130  131   40
ch:  26  106  106  121  115  107  120  108  122  117  105  110  117  122  109  109  118  118  115  123  119  122  109  104  131  107  118  125  125  135  133  132   -1
ch:  27  117  114  115  114  116  108  121  118  125  114  128  131  105  116  118  116  104  121  121  108  119  118  120  139  126  124  123  118  131  134  136   -1
ch:  28  111  118  108  118  120  119  108  117  110  110  106  119  112  107  114  133  113  120  125  117  111  103  121  118  123  122  129  126  131  123  130   -1
ch:  29  119  107  114  119  105  117  108  121  114  110  122  120  117  108  102  126  115  117  110  129  125  118  115  119  125  111  131  130  124  137  133   -1
ch:  30  120  122  116  108  106  125  111  120  126  111  117  123  124  117  113  118  104  110  103  115  119  110  117  130  116  127  116  117  139  121  135    1
ch:  31  119  120  119  110  106  115  120  115  111  115  107  115  116  111  123  126  121  125  123  118  116  124  121  112  123  135  135  123  131  134  122   -1
ch:  32  104  107  102  117  129  108  114  106  119  119  102  115  114  105  100  125  106  116  109  108  107  116  119  106  123  120  124  122  122  120  132   -1
ch:  33  105  117  123  108  109  109  115  110  113  123  118  117  117  118  117  118  109  120  118  121  129  123  126  121  122  125  116  125  129  124  138   53
ch:  34  110  121  119  118  102  116  106  110  107  114  106  116  109  123  110  117  111  111  120  125  123  124  117  119  123  119  121  126  122  137  130   -1
ch:  35  118  124  109   94  121  105  117  125  121  122  109  116  122  111  116  115  122  122  117  117  120  120  117  116  123  116  118  121  134  136  122    9
ch:  36  116  119  117  123  125  118  110  117  105  107  109  116  115  114  116  119  136  108  115  109  117  107  116  116  122  120  120  138  120  131  124    4
ch:  37  118  108  120  121  122  112  110  107  108  106  110  106  119  110  116  117  116  121  105  116  122  119  122  119  126  123  125  133  134  127  137   -1
ch:  38  118  117  109  120  115  114  109  117  108   -1  117  109  108  122  106  116  119  110  120  108  117  109  117  121  122  110  123  122  132  136  116   51
ch:  39  116  106  122  119  109  104  117  106  118  116  111  118  115  110  110  121  104  117  120  126  117  119  124  115  123  131  133  124  124  125  139   -1
ch:  40  103  120  122  114  121  120  115  114  106  108  109  121  117  126  121  117  121  108  126  126  119  119  115  119  116  127  109  124  119  123  139   -1
ch:  41  108  117  117  117  116  108  108  103  117  105  103  126  121  118  119  113  124  120  107  133  107  137  117  125  122  121  121  131  140  125  129   -1
ch:  42  118  116  120  108  113  114  108  117  120  123  120  115  120  121  115  105  116  119  116  117  121  117  133  121  128  130  126  132  116  127  136   -1
ch:  43  126  122  115  125  118  121  116  103  122  119  114  117  117  128  117  129  115  120  119  116  110  103  114  121  119  125  135  125  134  127  135   23
ch:  44  105  106  104  134  121  108  117  106  109  121  117  122  110  114  108  117  118  122  117  118  118  104  130  116  118  133  119  115  125  121  125   -1
ch:  45  130  115  120  110  113  107  117  136  117  116  110  123  108  103  104  115  132  119  120  124  111  120  132  125  132  118  130  119  122  132  131   -1
ch:  46  115  120  119  110  123  120  121  117  103  123  106  115  114  120  118  117  117  119  107  120  105  119  118  126  117  120  124  126  131  126  133   26
ch:  47  119  120  117  109  115  120  114  109  122  106  109  106  108  118  114  120  124  117  116  120  118  120  115  125  124  123  122  121  135  143  136   55
ch:  48  126  116  106  117  108  117  106  119  122  121  116  105  124  107  119  118  115  107  118  116  120  116  118  123  130  120  122  125  125  131  123   13
ch:  49  113  118  122  116  120  122  134  124  116  109  107  113  114  120  118  121  116  121  110  123  118  115  123  115  118  131  131  120  136  135  135   -1
ch:  50  117  126  121  119  120  120  119  110  105  117  126  109  117  114  116  123  126  120  107  119  122  119  110  123  121  110  120  122  122  137  134   -1
ch:  51  100  118  106  120  108  108  117  121  131  119  123  120  116  109  121  119  120  105  123  120  120  120  122  121  121  122  119  121  125  140  140    5
ch:  52  106  135  123  113  132  116  123  114  117  109  122  123  118  117  118  109  116  108  120  119  110  108  115  124  121  116  134  125  133  137  135    7
ch:  53  120  107  117  121  104  108  117  124  118  119  105  124  108  117  121  124  115  123  108  117  122  117  121  121  124  122  121  131  131  133  127    2
ch:  54  122  105  120  108  109  110  118  116  111  116  114  120  123  108  122  110  121  107  109  124  109  109  115  113  126  119  124  119  124  125  138   -1
ch:  55  101  117  126  122   99  118  115  122  120  116  115  109  115  115  121  115  116  122  123  116  122  110  113  122  123  124  133  133  115  122  134   50
ch:  56  122  121  124  114  116  118  107  117  117  102  115  119  123  115  118  134  119  116  113  117  124  124  115  116  136  127  109  135  117  140  134   45
ch:  57  125  123  130  114  115  120  117  117  109  117  114  117  108  119  122  124  117  116  106  114  108  121  108  121  127  119  125  135  117  126  136   15
ch:  58  110  125  118  117  118  105  121  108  110  124  115  109  116  116  105  122  118  110  125  119  111  119  133  134  111  120  120  130  118  131  130   14
ch:  59  102  118  115  114  110  121  124  114  116  107  123  129  117  120  108  116  105  121  122  115  119  117  130  117  123  124  121  132  136  125  134    7
ch:  60  107  131  118  121  118  103  120  108  125  117  128  117  108  124  118  116  124  109  119  109  117  123  127  119  117  121  111  127  126  135  129   -1
ch:  61  118  122  117  119  119  105  114  120  121  110  113  119  126  119  106  104  120  116  109  119  124  127  110  125  120  119  130  116  129  139  126   20
ch:  62  114  116  120  118  121  121  123  119  118  118  119  109  118  124  108  124  118  117  121  118  121  116  116  122  122  117  116  122  126  125  130   43
ch:  63  132  115  118  114  122  117  119  122  130  115  118  117  116  109  119  118  116  108  122  120  120  122  125  130  121  126  122  123  121  132  147   -1
ch:  64  124  124  120  119  120  105  119  120  116  121  118  110  109  107  114  107  108  109  115  120  121  124  115  119  124  130  120  131  133  130  126   -1
ch:  65  113  110  123  121  119  107  116  123  111  116  122  118  124  101  116  116  106  107  125  108  113  115  119  124  108  122  122  131  122  123  134   -1
ch:  66  130  118  118  113  119  125  115  105  101  118  123  108  117  114  121  114  129  118  121  132  124  117  123  117  126  123  121  116  118  126  118   40
ch:  67  109  117  117  121  117  121  115  109  126  119  120  116  104  121  108  113  108  114  126  119  132  106  127  123  122  116  121  118  130  136  121   31
ch:  68  116  104  123  110  117  119  109  114  119  117  113  109  124  111  108  123  122  109  107  119  121  121  126  126  124  122  132  130  124  120  126   -1
ch:  69  119  120  118  117  118  118  120  108  124  106  109  113  114  107  107  124  126  117  119  119  122  124  116  119  119  123  122  126  131  126  141   42
ch:  70  117  118  121  109  117  120  131  125  118  119  120  122  122  111  115  123  115  121  124  111  118  123  122  124  122  132  124  130  124  123  136   26
ch:  71  121  130  116  119  117  121  107  122  115  119  118  119  115  120  121  117  121  109  117  109  123  110  124  114  126  117  121  132  132  126  127   -1
ch:  72  119  118  123  119  118  101  113  117  112  119  115  124  129  116  108  120  115  118  122  121  121  120  131  117  123  117  122  124  131  142  134   17
ch:  73  120  106  116  123  115  122  107  116  119  117  106  114  121  117  120  108  117  121  115  121  122  124  130  131  122  134  122  122  141  127  130   50
ch:  74  114  115  117  118  106  120  119  119  122  125  110  120  122  121  107  118  120  116  119  121  115  123  121  125  121  119  123  131  121  127  125   -1
ch:  75  124  107  116  127  106  120  113  117  121  117  115  119  132  121  122  111   -1  120  111  115  117  121  123  124  121  116  125  118  127  141  146   -1
ch:  76  120  118  114  108  110  127  111  120  121  122  113  126  106  116  106  120  133  124  123  125  110  132  119  125  125  124  138  129  117  131  126   -1
ch:  77  120  124  124  116  114  114  120  114  104  123  116  108  118  115  115  120  117  116  126  124  131  106  119  122  117  120  123  133  118  135  133   38
ch:  78  125  118  120  118  121  118  107  109  109  119  107  121  106  124  119  107  126  110  119  119  120  116  133  136  122  121  122  123  124  122  133   35
ch:  79  120  106  110  119  120  115   -1  115  118  117  122  124  115  122  122  121  108  122  122  114  134  121  119  123  120  117  117  131  133  126  131   -1
ch:  80  120  116  107  117  109  119  111  119  133  116  117  116  117  122  121  106  122  120  113  121  115  121  124  109  118  126  121  138  119  131  125   -1
ch:  81  124  108  118  120  118  109  117  117  121  115  105  116  118  117  115  132  109  120  119  116  117  117  120  135  124  117  123  120  121  137  137   10
ch:  82  117  121  114  121  121  121  119  111  119  117  119  109  119  117  116  119  120  111  117  110  108  115  114  116  119  125  113  124  127  122  126   -1
ch:  83  122  116  117  121  108  120  108  114  107  124  120  115  106  114  114  117  107  116  115  119  108  107  108  119  104  124  126  132  133  126  130   -1
ch:  84  106  121  119  121  115  121  117   99  121  108  118  126  117  122  114  113  120  119  120  116  119  121  121  118  131  124  122  131  131  135  121    5
ch:  85  120  124  119  106  118  122  105  110  105  118  115  120  120   -1  115  120  122  120  104  117  133  119  120  116  123  120  130  123  121  131  148   12
ch:  86  102  118  120  119  106  120  106  108  121  122  120  114  113  122  121  117  119  128  100  108  107  132  109  122  119  120  133  121  133  132  133   -1
ch:  87  116  122  106  117  117  120  116  121  124  120  117  106  109  118  131  106  107  109  122  123  108  117  122  118  121  110  119  139  133  125  133   -1
ch:  88  118  127  131  119  110  103  116  120  117  126  110  108  121  121  122  120  120  121  121  123  123  114  121   -1  118  125  115  122  111  133  135   -1
ch:  89  119  119  122  120  111  122  119  122  124  114  104  125  124  126  118  108  119  117  122  120  118  108  134  123  122  124   -1  124  122  124  139   38
ch:  90  107  116  115  124  120  118  121  123   99  109  117  119  116  117  106  125  116  116  109  114  119  109  123  115  115  118  123  135  119  121  134    3
ch:  91  125  122  121  110  125  117  117  117  121  123  124  107  123  124  121  122  127  117  118  124  114  125  110  126  124  124  125  135  130  135  136   25
ch:  92  116  114  115  122  109  101  116  105  121  106  126  106  122  114  122  113  122  120  118  116  122  124  109  117  117  122  122  121  135  110  133   54
ch:  93  116  122  117  109  117  110  115  123  118  115  116  122  105  108  122  110  121  119  115  124  106  125  134  120  120  125  140  120  132  123  139   -1
ch:  94  121   -1  115  121  116  115  109  119  115  114  110  118  125  120  115  116  121  110  109  107  122  104  118  124  123  117  120  133  123  117  126   22
ch:  95  126  120  116  111  114  113  121  124  114  118  119  118  115  104  111  116  126  119  115  115  108  119  122  122  136  116  135  134  123  129  126   -1
ch:  96  108  121  114  131  115  121  127  121  122  120  120  120  116  116  120  103  120  111  115  111  117  122  116  118  124  124  113  125  123  131  138    9
ch:  97  122  119  122  127  120  119  108  109  106  119  120  130  131  120  118  117  110  118  116  119  113  118  116  129  121  118  122  131  126  133  139   -1
ch:  98  124  121  117  119  118  114  115  117  121  113  111  108  108  123  117  116  117  118  116  121  116  114  114  108  108  122  131  132  122  125  124   -1
ch:  99  105  120  126  117  120  120  116  121  115  104  107  114  118  117  118  119  130  123  117  121  109  118  109  125  120  124  123  123  136  135  131    7
ch: 100  122  114  108  115  122  108  124  106  106  116  119  109  117  120  117  122  117  108  117  119  115  124  121  119  119  121  130  123  121  131  134   -1
ch: 101  116  115  124  110  120  123  118  119  111  106  123  117  115  120  110  120  117  116  107  116  102  115  118  119  127  132  131  132  133  134  123   20
ch: 102  122  132  113  107  110  117  107  107  106  125  119  109  119  110  119  108  119  119  108  122  117  107  116  124  124  123  122  132  123  121  124   -1
ch: 103  116  115  106  121  116  115  119  111  110  115  119  118  115  120  104  117  122  106  113  120  120  125  113  116  121  124  118  120  125  131  136   49
ch: 104  129  120  109  123  119  121  121  103  105  118  115  115  115  118  116  118  131  118  123  122  108  122  108  119  125  116  121  118  122  137  125   52
ch: 105  116  118  116  122  114  119  101  116  110  122  114  116  121  116  114  120  117  103  125  114  116  119  118  123  126  130  122  129  128  123  133   -1
ch: 106  113  122  110  126  104  108  106  120  117  114  121  122  119  117  112  131  110  110  115  119  122  115  110  119  123  120  131  122  138  131  136   46
ch: 107  118  118  117  117  121  115  116  115  122  107  118  118  119  114  109  115  106  118  118  118  110  120  117  123  123  133  119  121  117  120  136   -1
ch: 108  122  117  106  118  123  123  115  122  118  123  126  120  125  124  115  115  100  107  117  123  114  123  116  116  120  122  130  131  122  120  124   56
ch: 109  107  120  106  107  118  131  118  101  101  108  120  107  115  116  119  114  118  115  104  116  107  119  110  109  122  127  124  126  119  126  122    6
ch: 110  123  122  114  116  102  116  115  118  121  115  108  121  120  119  118  122  132  116  122  115  121  118  122  119  123  120  133  133  134  135  138    2
ch: 111  115  116  121  121  100  122  119  108  108  111  104  113  124  105  118  121  106  119  120  117  118  111  110  125  125  126  117  131  138  134  124   50
ch: 112  119  117  124  127  106  123  116  134  114  115  108  105  127  121  113  117  114  115  118  125  119  105  115  131  116  116  121  122  130  115  132   29
ch: 113  103  110  117  111  119  109  121  125  120  109  110  118  117  110  114  119  107  111  104  124  127  109  125  111  118  118  130  131  126  135  134   25
ch: 114  124  130  115  114  121  111  106  110  120  115  105  120  108  111  113  116  115  111  124  121  120  117  106  122  132  121  122  123  131  122  122   -1
ch: 115  118  117  121  104  120  108  104  121  121  128  115  118  122  121  119  115  115  118  108  122  122  126  117  131  115  122  122  112  121  117  121    2
ch: 116  134  120  120  115  108  110  116  104  119  113  118  115  119  115  121  102  122  119  118  125  119  126  124  123  116  125  117  119  134  138  129   -1
ch: 117  120  120  116  115  105  113  107  115  113  119  105  108  107  106  113  116  109  108  115  118  118  119  125  136  125  107  120  134  130  126  126   36
ch: 118  103  106  104  100  104  102  107  107  116  105  103  116  102  102   93  122   92   99   94  103   93  104  105   91  107  108  117  109  118  109  108   -1
ch: 119  115  122  116  118  119  117  119  107  120  119  114  125  117  109  106  119  124  110  117  115  118  118  114  121  119  116  125  126  123  134  131   -1
ch: 120  105  117  103  119  106  104  105  106  108  107  102  106   89   93  100   94  102  100   93  103  101   90  108  100  105  108  102  107  105  114  106   -1
ch: 121  121  118  118  123  118  114  107  115   -1  119  120  122  107  121  116  111  108  119  121   -1  111  109  116  118  121  121  125  131  132  125  130   -1
ch: 122  121  117  111  131  121  122  114  119  110  110  115  106  114  118  116  116  118  107  110  116  118  119  128  116  121  118  121  126  119  126  124   -1
ch: 123  117  117  105  122  120  116  114  104  116  107  111  114  119  113  126  120  107  115  110  122  114  122  120  117  130  108  115  120  118  131  136   -1
ch: 124  116  114  117  116  122  116  117  121  102  114  115  106  118  107  107  109  116  109  108  123  118  136  108  137  130  124  111  127  125  124  124   -1
ch: 125  118  105  131  106  125  105  119  117  110  125  109  123  113  119  111  117  119  121  107  118  122  119  117  115  119  122  119  129  140  136  120   36
ch: 126  116  116  118  105  108  119  120  119  116  119  115  121  118  118  117  115  111  119  108  115  114  120  121  115  131  132  127  124  126  123  131   -1
ch: 127  119  117  121  116  115  115  119   92  119  120  108  116  131  104  116  117  133  105  123  119  114  130  119  119  135  116  125  123  121  136  140   -1
