# ID XA-000-08-002-000-003-081-02
# Tag _trim_
# Date 240409_20:54:00
# Vref_p 58
# Vref_n 19
# Thr2_glb 33
# Vref_t 118
# Vref_t_range 1
# Pol 1
# ADC range 30-247
# FAST disc 30
ch:   0  116  121  105  119  123  109  119  120  122  116  116  115  119  124  117  131  118  120  118  120  117  118  121  125  125  115  118  124  135  139  135   31
ch:   1  120  120  117  115  123  121  120  116  126  114  114  118  119  117  115  131  118  121  127  108  115  118  125  136  116  126  131  125  135  135  138   24
ch:   2  122  120  124  121  107  117  130  111  120  120  116  123  118   -1  119  121  119  130  126  110  121  119  111  133  126  131  126  132  132  137  141   28
ch:   3  119  118  108  126  103  123  124  117  122  109  134  121  111  118  110  118  117  126  121  120  126  130  124  123  127  132  131  126  135  132  141   16
ch:   4  119  116  106  109  123  118  117  121  115  117  110  108  118  109  124  116  120  113  121  114  131  127  126  124  118  124  114  118  130  131  132   28
ch:   5  104  124  120  125  122  111  113  110  118  122  119  118  115  125  117  122  126  118  126  121  117  124  132  138  109  120  129  126  135  125  133   20
ch:   6  108  122  117  114  110  110  121  120  118  113  120  117  116  118  123  107  118  118  113  108  123  116  126  117  117  123  122  124  120  133  126   25
ch:   7  117  116  110  117  116  120  117  123  119  108  124  124  111  105  119  109  118  122  125  126  123  123  123  139  114  120  130  119  142  138  132   16
ch:   8  121  118  114  115  114  122  107  116  108  119  115  116  123  105  108  119  121  116  117  119  123  117  123  115  116  118  123  122  121  137  137   30
ch:   9  120  110  120  115  115  117  108  123  118  121  119  124  116  124  107  117  115  118  120  118  119  117  119  125  134  122  126  123  130  139  131   23
ch:  10  119  126  116  115  102  111  119  116  111  115  122  125  109  131  115  116  114  126  116  109  118  119  121  124  117  120  124  124  126  126  130   29
ch:  11  102  120  119  115  132  108  117  109  119  128  117  105  111  124  115  118  120  119  118  108  116  111  129  127  120  130  131  133  137  131  132   22
ch:  12  125  116  115  116  109  113  120  121  119  108  122  113  121  123  115  122  121  116  129  108  114  119  111  121  121  126  121  130  124  134  132   27
ch:  13  108  104  107  109  122  109  117  116  123  119  109  124  118  118  118  121  113  121  117  115  121  132  122  122  134  124  130  134  130  133  135   16
ch:  14  119  117  119  119  117  124  103  122  109  111  121  118  117  117  116  119  121  124  118  119  111  117  122  118  127  110  119  125  131  131  126   30
ch:  15  131  121  124  107  111  111  108  115  108  115  121  116  118  115  107  129  109  122  120  117  129  122  123  119  116  133  119  125  133  132  139   30
ch:  16  124  107  108  110  119  120  116  121  122  106  121  116  119  117  121  130  125  120  119  123  125  122  120  107  120  132  132  123  127  134  126   35
ch:  17  114  103  116  107  111  110  119  108  116  124  123  102  118  116  120  118  124  110  123  119  122  119  121  111  133  121  130  124  124  123  131   21
ch:  18  116  108  122  102  124  118  108  115  121  119  125  106  117  109  106  120   -1  116  115  119  123  125  121  118  117  118  123  126  131  110  133   28
ch:  19  122  121  122  125  119  117  113  120  116  123  108  108  120  122  119  104  122  124  125  116  125  108  124  125  121  133  127  121  131  125  138   19
ch:  20  121  115  117  111  121  118  124  108  116  119  124  105  120  121  122  122  122  119  120  121  133  118  123  121  123  130  130  118  124  123  121   31
ch:  21  122  118  117  107  104  122  119  108  103  119  108  116  118  120  121  116  120  125  118  109  121  122  116  123  124  120  129  118  130  133  132   20
ch:  22  121  111  109  110  111  113  107  118  122  122  108  118  119  121  118  109  113  127  110  124  115  122  121  119  115  116  123  123  130  131  129   35
ch:  23  116  105  117  123  120  125  119  121  119  107  132  122  124  116  122  122  118  110  115  125  129  116  123  125  126  120  122  123  124  125  133   24
ch:  24  117  124  121  117  119  116  111  118  116  119  124  116  116  117  119  115  107  119  123  108  121  125  110  120  120  135  119  125  126  135  137   37
ch:  25  117  118  107  120  120  132  123  119  131  115  112  109  109  117  123  114  118  114  120  115  117  119  124  127  117  117  116  133  137  135  136   29
ch:  26  116  102  119  109  121   99  119  123  121  122  123  119  118  116  116  120  121  120  123  126  115  125  130  124  126  118  116  123  125  126  132   38
ch:  27  107  116  120  107  105  123  109  120  120  124  109  119  113  121  115  118  121  116  133  120  109  114  123  120  125  123  122  131  133  123  148   21
ch:  28  106  122  117  117  105  109  109  126  116  110  115  116  117  118  118  115  119  124  118  115  123  117  107  117  116  116  124  132  126  135  133   25
ch:  29  109  109  120  120  118  115  122  120  119  110  123  107  111  126  115  120  118  118  115  121  125  120  123  123  132  132  133  119  140  132  127   20
ch:  30  108  118  113  118  108  117  105  119  106  115  110  116  107  119  118  120  117  121  109  118  123  123  116  123  121  123  123  127  122  136  129   30
ch:  31  107  108  108  115  121  120  119  114  109  121  122  103  131  124  117  115  125  117  118  118  112  122  106  132  116  122  114  135  139  131  136   24
ch:  32  118  124  108  115  120  107  121  118  123  104  118  110  101  120  116  117  121  110  120  118  111  124  126  120  105  120  121  129  139  132  123   36
ch:  33   99  118  119  106  120  105  111  117  117  118  124  116  117  110  116  113  122  116  116  120  116  113  126  110  108  118  133  126  136  126  138   22
ch:  34  111  124  124  111  115  107  121  124  123  116  124  110  117  122  121  119  116  119  124  107  110  120  120  123  122  134  125  108  124  134  126   46
ch:  35  105  110  130  107  116  113  109  118  118  115  118  116  121  121  123  124  121  120  119  111  120  122  122  123  118  127  126  125  135  134  138   23
ch:  36  121  123  119  114  118  118  123  105  118  114  107  105  110  116  117  106  118  118  110  105  113  119  130  116  117  121  125  126  122  133  130   33
ch:  37  121  123  118  115  118  103  108  113  107  119  120  107  120  120  116  116  120  115  107  126  108  122  120  130  136  122  117  130  126  126  135   23
ch:  38  111  116  111  123  119  119  118  107  120  115  120  110  111  116  106  122  119  117  116  117  119  118  115  123  116  118  125  126  134  126  129   36
ch:  39  108  121  107  117  114  114  116  118  123  122  115  110  118  123  119  122  119  125  123  122  115  118  124  132  131  125  121  131  124  134  140   28
ch:  40  121  108  111  117  125  122  118  116  118  115  122  117  108  108  108  116  108  115  117  124  111  118  118  119  122  112  120  119  120  127  123   38
ch:  41  123  122  117  114  122  121  105  118  125  103  126  112  124  121  113  114  121  120  116  122  119  120  118  123  124  132  126  123  122  140  136   27
ch:  42  109  116  114  120  119  121  103  119  106   97  120  114  105  120  115  119  122  116  122  124  111  116  124  126  115  124  132  119  138  121  121   35
ch:  43  114  122  113  119  119  121  118  109  113  123  115  122  119  121  118  114  117  135  120  121  120  127  124  123  123  123  129  124  130  135  136   17
ch:  44  103  114  115  123  118  113  108  118  118  103  119  120  118  116  116  121  119  109  120  121  116  135  117  132  119  125  124  131  120  126  121   28
ch:  45  125  118  115  109  117  106  119  122  120  121  114  115  110  122  120  124  124  126  124  116  118  119  124  123  124  123  141  134  130  136  135   16
ch:  46  109  123  123  107  111  115  119  104  106  117  117  118  109  116  109  117  119  118  120  120  116  116  118  121  119  117  119  130  127  140  131   44
ch:  47  115  118  114  108  118  122  119  120  117  110  118  118  109  121  116  108  120  117  123  108  114  101  116  121  124  137  124  127  129  136  138   18
ch:  48  107  119  119  106  122  124  116  119  117  109  110  124  104  121  106  119  110  108  106  115  120  119  121  124  108  119  125  122  124  124  137   42
ch:  49  119  122  119  108  116  117  120  118  109  110  118  110  116  123  119  119  104  123  117  106  121  125  120  123  125  134  136  133  120  125  132   26
ch:  50  113  116  118  119  119  115  116  111  117  121  110  115  120  119  110  108  117  117  126  115  120  125  117  123  116  119  121  121  135  126  139   33
ch:  51  117  124  122  109  114  115  122  105  122  115  122  124  115  124  132  109  106  118  120  133  128  120  115  124  121  128  133  123  126  124  137   32
ch:  52  113  110  107  119  106  109  105  113  108  118  113  114  107  116  109  105  126  122  120  124  114  119  117  117  123  112  121  122  127  121  133   30
ch:  53  105  130  109  119  114  114  127  116  110  122  117  130  117  121  121  110  115  110  120  116  122  115  125  123  114  131  126  136  124  131  134   22
ch:  54  123  126  117  118  119  108  114  118  118  118  109  116  117  108  122  111  121  114  114  123  106  110  119  121  119  126  127  120  133  135  143   42
ch:  55  116  116  118  119  123  117  130  122  123  116  107  107  121  116  114  115  118  124  112  116  121  116  118  124  122  110  121  122  131  123  122   31
ch:  56  122  109  117  116  116  120  121  113  113  117  110  119  102  117  124  116  110  109  124  106  119  120  115  118  117  122  123  124  132  133  138   33
ch:  57  106  115  112  129  120  116  121  122  115  117  110  112  119  106  120  121  121  117  117  121  120  121  120  119  124  121  122  119  137  120  125   31
ch:  58  111  124  107  120  111  119  113  118  115  122  117  122  114  124  118  105  129  110  118  119  118  115  121  118  119  123  130  127  125  126  136   34
ch:  59  119  115  115  113  117  117  123  119  120  111  115  132  116  121  114  120  111  122  122  107  116  116  121  124  111  134  126  136  136  134  131   27
ch:  60  115  130  116  123  120  118  110  107  111  111  125  122  111  120  116  124  117  124  126  121  122  118  126  107  119  119  130  139  133  121  132   40
ch:  61  107  116  121  125  110  106  108  110  118  123  119  109  124  115  123  123  126  118  114  124  115  125  120  131  132  127  130  126  125  135  125   29
ch:  62  117  110  122  108  122  108  115  119  111  126  109  104  116  122  118  121  110  118  108  118  116  123  114  119  116  124  120  138  140  125  135   38
ch:  63  108  110  120  108  119  117  120  116  131  120  124  110  120  117  125  116  103  125  123  109  123  130  129  116  120  120  131  127  130  133  135   23
ch:  64  123  126  122  110  112  108  107  115  113  115  116  121  116  105  115  124  125  118  109  134  122  110  120  120  110  111  130  123  132  119  131   36
ch:  65  108  117  121  117  135  116  110  116  117  119  120  109  122  117  120  116  120  119  118  122  122  123  120  132  131  118  119  126  121  133  132   27
ch:  66  118  119  122  103  123  122  116  107  101  108  117  106  116  110  109  115  127  119  123  131  130  107  131  120  106  124  111  133  122  130  126   54
ch:  67  108  119  118  117  109  112  114  118  106  117  118  111  117  106  124  130  119  118  121  122  121  120  121  121  119  130  123  123  126  126  131   23
ch:  68  125  123  118  123  121  107  126  111  121  120  129  119  119  118  122  105  117  124  121  118  118  121  107  116  130  117  131  124  122  123  141   38
ch:  69  120  116  117  105  109  118  116  118  124  114  109  121  117  122  122  113  108  124  114  125  120  122  121  131  123  127  117  137  121  135  135   26
ch:  70  123  110  120  120  115  116  111  114  104  118  118  122  117  118  119  105  117  117  109  121  122  116  118  126  121  125  131  125  120  132  125   32
ch:  71  119  111  115  120  115  119  108  121  108  104  120  119  114  111  109  121  126  123  118  108  115  133  130  135  131  119  133  130  139  134  136   32
ch:  72  117  118  118  109  119   -1  122  119  106  116  119  111  111  115  109  120  117  110  131  118  120  126  126  119  127  122  125  123  130  130  126   37
ch:  73  125  124  121  119  116  118  117  114  120  121  125  119  111  115  121  120  138  110  113  123  121  128  126  127  122  123  127   -1  127  132  141   28
ch:  74  111  117  106  119  119  123  107  120  116  120  120  105  118  116  119  115  116  118  125  106  123  118  120  117  110  117  122  130  124  132  133   25
ch:  75  115  115  118  118  124  123  121  106  120  118  116  120  112  125  116  118  114  130  120  117  117  132  122  130  122   -1  120  124  135  133  131   26
ch:  76  119  107  120  124  114  117  116  117  125  116  110  116  115  117  123  114  122  115  135  116  118  116  124  124  126  119  122  119  124  123  131   36
ch:  77  118  116  115  116  115  120  118  123  117  116  117  119  120  117  119  116  109  110  121  125  122  122  130  119  120  131  125  124  122  135  133   17
ch:  78  115  121  110  124  116  122  120  120  115  115  118  118  122  117  117  126  121  125  115  119  111  122  109  118  118  120  133  118  125  122  124   29
ch:  79  126  117  110  124  116  118  107  113  124  109  114  120  116  115  119  109  115  110  123  118  118  123  117  117  116  120  121  124  134  135  132   15
ch:  80  120  116  117  125  117  109  110  119  117  108  116  109  124  114  111  130  107  108  113  118  110  124  121  117  120  123  117  116  132  117  133   37
ch:  81  122  116  115  117  117   -1  118  110  104  131  125  113  121  132  108  111  123  116  116  119  123  126  122  119  129  115  121  139  118  132  147   21
ch:  82  115  106  121  116  120  114  110  107  107  126  117  117  109  123  108  121  117  115  113  122  122  115  121  119  124  119  119  120  125  136  123   36
ch:  83  116  116  117   -1  108  118  119  127  121  119  119  119  122  111  119  120  119  126  118  121  119  118  119  120  132  129  131  125  135  140  132   31
ch:  84  117  121  109  120  125  106  117  111  124  120  104  117  117  125  117  114  117  122  121  120  119  120  125  118  133  133  132  121  125  127  137   30
ch:  85  122  110  125  117  125  119  106  116  115  118  115  117  107  117  115  117  123  105  119  130  117  112  122  124  124  141  116  126  136  136  123   41
ch:  86  122  121  114  108  123  115  117  120  119  109  123  117  110  116  121  119  105  110  122  121  110  116  119  108  121  121  124  122  136  126  133   42
ch:  87  133  116  118  119  125  122  120  116  118  110  120  117  116  102  116  117  119  114  120  119  121  117  108  131  131  136  120  132  140  134  133   21
ch:  88  108  106  119  115  117  132  116  122  119  118  115  109  115  122  124  120  120  118  130  123  119  111  133  111  122  123  136  118  139  121  125   48
ch:  89  126  120  118  119  118  120  115  123  116  118  116  123  121  122  119  121  129  117  117  122  120  114  123  115  121  120  131  124  136  140  132   28
ch:  90  114  119  119  105  124  109  114  117  117  133  116  119  106  125  131  111  106  112  118  122  118  123  120  119  114  117  123  118  114  132  133   32
ch:  91  115  115  109  125  117   -1  117  117  112  117  121  110  122  131  109  115  117  116  123  125  130  124  120  134  133  136  118  135  131  132  140   24
ch:  92  122  110  119  106  121  119  118  113  117  107  116  117  118  123  108  104  118  116  110  118  120  130  120  123  126  123  115  124  130  125  115   45
ch:  93  117  124  124  118  119  123  116  116  109  115  118  106  119  130  108  120  120  114  108  121  134  117  110  115  115  121  137  130  120  125  120   25
ch:  94  104  117  116  105  121  105  105  108  110  124  132  120  108  117  114  118  116  119  119  107  110  110  108  117  118  118  125  115  125  123  118   39
ch:  95  111  109  116  104  121  114  113  122  119  116  108  118  121  114  118  116  118  114  117  120  117  122  121  121  121  116  117  124  127  130  126   21
ch:  96  121  123  120  118  124  117  125  113  110  120  109  107  116  120  123  132  126  120  122  116  123  110  118  131  125  126  131  123  130  122  134   34
ch:  97  102  124  118  109  111  118  109  124  119  122  115  118  122  111  118  114  119  117  116  107  118  120  110  120  107  130  115  120  118  132  125   28
ch:  98  118  107  102  130  109  119  119  119  115  119  118  108  123  117  131  115  110  117  110  122  123  116  123  124  119  121  124  134  126  125  131   28
ch:  99  116  117  118  101  108  118  123  134  118  118  117  108  122  120  119  122  126  121  115  120  130  121  116  126  125  120  121  125  135  131  130   22
ch: 100  104  117  121  119  130  118  116  110  121  121  123  119  117  119  110  106  119  122  121  121  123  117  126  118  126  131  134  134  121  134  124   29
ch: 101  125  114  116  107  116   96  110  121  123  114  123  117  105  124  115  115  124  120  120  115  117  125  125  125  119  131  135  132  123  138  143   24
ch: 102  121  117  118  116  124  118  121  117  110  121  116  114  118  121  116  117  123  119  123  126  119  119  119  131  119  125  134  119  134  131  141   44
ch: 103  107  107  104  119  123  119  115  119  114  113  108  110  122  117  117  120  118  120  117  118  113  126  119  120  117  132  124  127  134  129  134   35
ch: 104  118  115  124  121  115  120  120  107  101  119  110  118  106  111  115  110  106  115  113  106  111  118  132  119  127  112  124  115  120  135  125   41
ch: 105  108  117  108  119  118  124  110  110  105  118  115  107  108  135  110  114  110  120   99  109  121  123  117  120  122  125  127  126  132  135  130   23
ch: 106  121  108  121  116  101  118  117  117  107  122  118  121  121  118  116  121  115  122  116  130  109  108  118  116  119  118  117  138  126  132  124   21
ch: 107  102  121  120  125  122  125  119  119  121  113  124  120  118  118  118  116  109  124  108  109  123  125  126  115  110  123  117  133  134  124  131   18
ch: 108  121  131  111  120  118  121  108  113  126  113  106  118  111  104  115  105  107  123  120  108  116  118  121  118  121  123  125  125  121  125  124   29
ch: 109  130  115  125  123  112  117  119  118  123  115  124  117  119  123  115  118  122  122  123  125  119  123  127  116  123  120  123  124  126  130  134   18
ch: 110  119  115  122  105  120  110  119  110  116  120  115  105  112  126  115  109  101  126  104  107  117  118  107  119  119  123  132  125  138  125  133   32
ch: 111  118  119  123  114  106  109  110  112  119  117  114  118  118  123  120  115  121  115  113  122  124  120  119  120  123  119  132  133  136  133  131   29
ch: 112  110  107  109  119  121  109  118  114  120  111  116  123  119  114  115  106  118  117  110  116  117  113  111  108  124  131  120  124  118  134  125   39
ch: 113  119  115  118  121  110  121  120  113  124  126  111  121  121  117  119  117  124  119  117  118  120  116  119  117  125  131  123  126  120  135  127   28
ch: 114  119  117  121  116  120  103  110  120  120  108  119  121  119  115  116  120  120  111  120  109  111  116  111  116  114  126  116  115  119  125  136   31
ch: 115  122  121  122  120  119  115  118  122  116  116  108  119  106  116  120  117  117  127  132  116  123  127  111  118  126  118  125   -1  124  129  131   28
ch: 116  116  117  105  122  122  120  118  117  111  125  121  125  124  125  114  114  124  117  120  129  109  116  117  121  117  110  130  121  127  126  131   32
ch: 117  122  107  107  110  121  121  106  115  106  120  109  117  124  116  106  121  110  114  117  116  120  126  120  123  122  120  131  134  134  133  125   32
ch: 118  109  110  123  118  117  121  101  116  110  127  122  116  127  104  115  119  116  114  111  117  119  118  115  125  109  115  123  127  108  121  128   39
ch: 119  107  116  120  115  117  122  116  116  114  119  103  107  116  115  116  110  107  107  115  104  120  115  107  121  123  107  125  133  122  136  124   28
ch: 120  116  115  107  106  117  106  121  107  117  124  113  103  105  122  113  116  120  105  127  123  122  119  123  123  119  116  131  120  136  136  126   25
ch: 121  126  114  119  120  107  109  116  117  121  118  108  117  109  115  117  125  106  116  114  112  122  116  126  118  125  123  122  139  133  129  135   18
ch: 122  107  122  116  114  113  118  105  131  114  100  119  130  119  107  121  120  120  110  108  117  124  106  120  118  122  121  120  122  115  133  131   34
ch: 123  108  117  121  121  118  121  121  120  111  123  110  115  117  117  117  109  124  131  110  118  120  106  130  127  110  117  127  134  124  129  122   22
ch: 124  119  120  103  116  116  123  113  118  121  109  118  117  118  106  115  119  111  108  120  124  107  116  121  115  122  120  120  119  124  131  133   41
ch: 125  118  131  117  123  116  111  108  114  110  118  119  108  122  113  107  120  121  114  116  114  115  105  119  126  120  125  115  116  123  133  136   23
ch: 126  122  118  119  125  122  114  124  115  122  118  113  117  111  105  107  121  118  112  118  121  119  121  116  119  109  125  108  121  126  135  128   43
ch: 127  117  121  119  118  119  106  115  117  123  116  109  115  106  117  116  116  109  117  107  121  114  120  114  126  115  123  120  131  140  123  126   30
