# ID XA-000-08-002-001-008-045-04
# Tag _trim_
# Date 240717_19:26:35
# Vref_p 56
# Vref_n 23
# Thr2_glb 64
# Vref_t 118
# Vref_t_range 1
# Pol 1
# ADC range 30-247
# FAST disc 30
ch:   0  117  121  122  108  121  108  122  118  117  119  111  104  111  107  104  104  105  101  106   99  114  108  119  107  116  103  106  117  109  125  127   -1
ch:   1  117  116  130  124  114  119  119  117  108  116  110  106  114  106  100   94  119  120  117  103  102  100  106  117  106  113  103  116  106  118  121   56
ch:   2  123  131  132  116  114  118  108  117  119  116  116  110  103  115  102  106  120  102  109  115  104  106  108   99  105  116  111  108  115  110  117    9
ch:   3  127  119  109  108  125  121  108  114  123  121  116  108  106  102  102  110  107  103  109  120  121  101  105  115  100  115  106  119  123  120  107   56
ch:   4  117  127  127  126  116  119  116  110  121  104  103  107  123  121  105  116  110  103   99  100  117  102  103  118  107  104  106  105  109  115  110   35
ch:   5  126  129  121  126  122  111  120  120  122  121  115  115  105  120  121  109   98  109  108  115   98  118  108  105  101  108  108  102  120  121  107   56
ch:   6  129  105  118  121  108  116  118  123  116  119  116  106  114  104  109  110  108  102  103  108  107  105  103  102  105  107  125  107  117  112  119   32
ch:   7  130  111  120  108  124  122  125  126  114  119  122  103  116  122  106  115  106  107  105  102  102  115  117  107  105  114  100  117  119  109  118   56
ch:   8  121  126  119  133  124  133  125  120  117  103  105  107  103  110  102   92  110  120  106  100  107  111  105  105  101  120  111  113  104  122  109   35
ch:   9  127  125  106  125  131  120  108  116  123  126  109  102  116  116  102  108  111  116  105  103  121  115  118  118  106  116  107  119  115  117  118   56
ch:  10  119  123  124  133  124  125  116  122  116  105  105  107  105  116  116  116  109  105  109  104  102  105  105  120  103  108  121  117  117  120  119   33
ch:  11  124  117  133  132  121  120  107  113  109  120  118  119  117  107  107  103  117  100  117  117  119  121  115  117  121  125  119  123  116  120  125   56
ch:  12  123  116  126  124  121  114  107  108  123  118  116  104  118  108  102  105  114   93  103  107  107  101  116  109  123  117  107  115  119  121  118   35
ch:  13  136  122  123  133  123  116  118  107  123  116  102  120  120  105  118  118  104  108  100  108  116  110  117  112  113  119  119  114  124  119  118   56
ch:  14  117  135  120  125  124  116  118  105  120  120  110  124  107  117  108  107  116  108  125  117  103  106  110  117  104  113  108  118  124  114  110   37
ch:  15  119  131  135  125  120  123  131  125  127  108  106  110  108  111  118  122  120  108  120  116  117  131  108  106  122  118  120  122  125  123  130   56
ch:  16  126  126  127  125  110  117  105  121  108  118  117  115  108  113  114  115  103  102  106  108  101  104  101  111  107  104  117  105  107  121  117   32
ch:  17  133  136  120  119  124  121  124  118  120  116  102  119  120  115  117  110  111  115  119  114  116  103  116  109  117  117  122  124  126  122  132   56
ch:  18  127  116  131  117  126  120  104  125  109  119  108  119  107  105  104  118  102  107  120  109  121  117  105  107  115  103  118  116  117  103  114   41
ch:  19  122  123  123  124  131  116  116  105  120  124  124  118  108  118  130  104  105  110  106  122  121  111  113  126  116  121  117  125  126  117  118   56
ch:  20  119  118  122  110  135  122  117  124  105  110  120  120  105  108   95  101  117   98  110  117  106  115  109  115  108  114  110  115  119  117  120   34
ch:  21  133  133  132  118  118  123  104  114  118  121  120  121  123  115  109  114  120  118  123  122  125  105  121  122  120  126  121  120  123  115  134   56
ch:  22  123  121  118  123  126  119  109  119  110  104  117  106  104  117  107  106  118  117  117  104  121  105   99  104  105  120  121  109  107  108  124   36
ch:  23  130  127  124  131  135  118  120  119  120  125  115  122  116  119  119  110  118  114  108  111  119  125  117  114  123  123  123  121  131  125  125   56
ch:  24  126  125  119  135  124  118  107  125  115  106  121  100  108   95  109  111  119  108  104  100  108  104  108  111  117  115  107  107  117  122  122   40
ch:  25  133  132  134  122  130  123  124  121  124  119  124  106  119  118  116  113  100  117  105  117  123  117  108  122  120  116  119  125  125  120  136   56
ch:  26  124  132  123  123  129  118  116  115  119  107  114  132  104  119  119  100  117  117  103  118  111  107  107  108  104  109  115  116  108  106  109   47
ch:  27  134  132  127  133  120  125  126  123  107  118  110  119  117  120  109  123  120  123  131  119  120  124  120  114  123  115  122  136  126  124  132   56
ch:  28  120  127  133  119  131  111  104  116  103  108  105  121  122  109  116  109  108  118  100  115  107  113   95  101  108  118  119  110  118  116  116   49
ch:  29  121  128  123  119  123  118  127  135  119  117  117  121  114  111  120  115  107  117  120  124  126  114  133  118  129  122  122  132  130  129  130   56
ch:  30  120  126  118  120  115  119  120  121  106  111  114  122  107  118  119  116  115  116  103  103  105  117  105  106  106  106  123  115  108  106  117   41
ch:  31  124  136  124  131  130  126  117  125  134  120  118  119  122  115  121  106  131  117  116  118  130  109  127  126  118  107  120  109  127  132  125   56
ch:  32  126  127  118  121  125  118  132  106  105  100  118  107  110  116  111  109  101  109  110  106  102  120  101  116  107  124  106  107  103  123  119   56
ch:  33  125  135  136  119  123  123  127  121  115  110  107  116  117  120  126  110  121  116  115  117  109  106  116  104  124  122  123  124  124  130  141   56
ch:  34  131  126  118  125  118  110  116  101  106  114  108  104  116  115  109  110  104  104  107  102  104  101  107  105  105  108  121   99  109  109  115   51
ch:  35  125  122  133  123  124  122  124  117  125  138  119  118  111  119  123  106  118  117  108  122  121  127  126  127  119  132  124  129  132  115  132   56
ch:  36  120  125  123  125  106  114  119  124  110  116  119  106  117  120  102  116  109  114  118  107  105  115  103   90  102  114  109  115  123  116  110   53
ch:  37  124  125  131  121  124  120  120  116  122  115  105  111  115  114  108  131  122  119  108  110  137  118  120  124  120  118  119  125  131  133  132   56
ch:  38  131  119  127  120  118  123  123  118  113  118  121  106  102  103  121  101  109  106  106  106  107  116  122  108  122  110  121  111  120  121  113   56
ch:  39  130  127  111  126  121  135  124  123  108  119  108  109  124  121  122  119  120  119  124  111  117  115  118  120  125  131  120  120  121  125  134   56
ch:  40  131  130  124  124  132  124  109  124  106  121  117  106  103  120  122  117  108  113  106  105  115  119  100  104  106  121  110  105  107  126  120   56
ch:  41  120  124  123  124  126  116  127  123  123  124  124  108  126  114  118  114  116  108  118  119  115  126  121  126  125  106  123   -1  118  126  132   56
ch:  42  133  131  123  136  107  123   99  108  122  121  106  109  116  117  107  120  106  115  116  100  100  108  117  107  115  107  108  105  108  111  116   56
ch:  43  125  120  135  126  120  133  119  123  125  123  125  119  125  117  113  121  115  121  108  121  115  119  134  118  121  122  110  123  126  133  123   56
ch:  44  116  130  119  135  116  121  105  125  119  113  100  121  114  108  103  104  106  102  120   98  116  104  108  126  116  115  127  108  121  105  111   54
ch:  45  135  136  125  145  118  121  118  118  117  125  118  125  124  106  118  116  118  122  123  117  116  116  118  126  131  122  126  121  127  137  130   56
ch:  46  110  123  127  122  115  121  109  126  125  124  115  117  109  116  110  110  123  101  105  106   95  105  117  116  107  111  122  109  116  118  115   56
ch:  47  131  119  128  131  133  133  115  134  126  125  123  124  119  121  103  118  114  117  126  122  120  118  121  131  123  122  123  126  120  134  137   56
ch:  48  117  118  133  119  121  110  122  119  123  115  120  106  114  116  102  117  106  106  104  104  116  105  107  118  104  121  119  123  113  107  121   56
ch:  49  145  124  126  133  109  123  126  123  132  135  119  121  108  130  122  118  119  124  123  124  122  121  123  126  129  131  137  135  130  131  127   56
ch:  50  119  138  122  124  124  125  117  131  119  117  108  106  114  116  119  105  103  105  121  110  114  120  109  121  120  115  109  116  116  119  124   56
ch:  51  121  135  123  132  124  116  122  108  123  122  122  116  118  123  115  123  120  117  102  107  119  123  122  120  131  119  120  126  124  127  126   56
ch:  52  127  125  122  122  132  135  123  122  129  117  124  105  108  117  115  106  122  114  102  118  107  115  104  110  115  106  107  106  118  119  120   56
ch:  53  134  135  124  132  124  119  124  127  123  118  121  122  120  131  118  120  121  116  123  122  114  123  108  126  135  119  122  123  123  118  133   56
ch:  54  126  130  117  117  126  124  107  117  115  111  126  104  119  106  106  115  105  115  114  104  105  107   93  107  103  113  114  116  122  118  114   54
ch:  55  134  125  132  126  118  137  118  125  118  123  123  119  123  119  121  126  124  119  106  116  122  125  125  119  126  133  119  122  124  137  133   56
ch:  56  127  121  124  124  124  118  127  117  123  113  116  108  119  117  111  107  102  105  119  120  111  103  106  106  115  118  107  116  118  116  122   43
ch:  57  116  132  126  124  134  137  126  122  120  131  135  109  136  116  107  119  126  122  123  123  116  123  121  117  120  133  108  126  133  137  144   56
ch:  58  132  123  124  117  130  122  118  120  124  123  116  116  114  113  119  100  119  106  121  122  111  102  114  107  115  122  113  125  119  121  124   36
ch:  59  126  126  121  120  133  130  124  118  121  125  121  120  107  116  118  106  122  117  120  110  121  120  122  126  122  124  130  137  131  131  132   56
ch:  60  129  125  127  122  120  127  126  115  115  108  119  106  109  118  122  115  110  115  119  119  119  103  107  109  108  116  108  118  119  116  105   42
ch:  61  126  125  134  119  131  105  110  119  122  116  124  125  138  108  118  124  106  117  123  107  123  118  121  134  125  125  123  121  132  139  138   56
ch:  62  118  135  119  131  117  117  124  122  117  107  111  113  104  107  103  109  104  101   94  110  107  109  103  118  109  122  109  117  122  118  125   30
ch:  63  137  131  117  132  134  122  124  121  122  124  123  118  119  122  117  119  120  119  115  123  131  125  119  133  119  122  124  133  134  135  133   56
ch:  64  125  125  127  117  126  132  111  117  130  123  116  113  120  111   97  116  104  108  122  107  108  107  105  107  119  106  118  110  124  129  124   27
ch:  65  133  126  140  129  126  133  125  125  122  125  117  119  130  115  114  132  124  129  123  118  125  133  134  125  122  117  132  132  138  136  131   56
ch:  66  126  131  132  123  122  115  135  124  122  108  104  115  101  103  106  115  109  104  119  111  120  111  103  114  120  108  111  119  119  116  117   27
ch:  67  122  119   -1  126  132  132  117  123  130  119  120  109  130  117  110  120  122  126  121  108  117  116  119  124  125  132  132  123  134  130  136   56
ch:  68  127  124  126  123  119  122  116  120  115  116  113  114  107  109  116  108  107  101  114  120  105  122  119  116  103  115  118  119  105  117  115   39
ch:  69  131  131  129  122  126  120  122  125  122  123  119  121  119  122  121  119  109  119  123  120  116  135  116  126  122  131  123  119  126  135  122   56
ch:  70  122  120  126  130  130  116  122  114  116  101  119  120  108  117  106  108  108  101  117  121  107  107  105  109  101  102  115  118  110  108  116   39
ch:  71  135  126  130  125  135  120  123  122  121  125  117  123  111  121  120  117  126  119  130  121  116  120  125  123  126  122  115  117  121  124  132   56
ch:  72  131  132  130  124  120  114  109  122  118  119  122  104  107  108  102  109  105  116  103  101  106  107  111  117  117  118  100  103  107  108  123   45
ch:  73  125  123  125  123  117  126  122  110  110  123  116  117  121  122  118  116  116  119  120  122  124  125  122  119  128  126  120  134  133  135  133   56
ch:  74  136  128  122  121  126  133  125  123  118  107  103  117  120  106  110  116  104  106  117  109  116  101  108  108  106  115  105  107  109  119  117   42
ch:  75  123  134  124  121  119  127  130  120  126  113  125  122  123  133  116  119  123  125  121  121  124  116  120  121  119  125  131  125  133  133  135   56
ch:  76  123  131  123  118  121  118  121  115  106  117  108  105  107  111  116  107  106  118  103  113  115  104  119  111  101  103  106  106  120  124  115   45
ch:  77  137  127  136  117  124  125  124  115  122  117  121  120  132  121  118  124  115  109  124  110  120  121  120  124  128  119  127  124  130  132  125   56
ch:  78  132  130  109  123  130  114  119  121  115  107  130  116  102  107  119  107  109  111  105  107  109  121  101  110  103  119  115  116  125  126  121   30
ch:  79  120  130  131  127  115  121  124  126  122  124  124  124  122  123  120  120  119  121  114  124  102  129  122  124  117  121  123  128  125  137  138   56
ch:  80  133  132  118  122  123  120  107  117  106  104  116  109  105  110   99  104  107  101  109  106  102  119  105  104  114  106   98  116  117  122  124   36
ch:  81  133  126  123  121  124  127  131  119  122  120  116  110  108  114  123  106  117  118  118  131  117  116  117  117  116  120  129  124  126  123  125   56
ch:  82  125  124  125  131  123  114  123  122  113  116  105  115  120  108  105  108  106  117  106   95  114  109  106  110  121  108  121  107  117  116  116   53
ch:  83  130  130  132  118  133  120  130  124  130  130  104  121  124  117  125  106  111  123  115  123  120  119  119  122  119  134  119  126  124  133  124   56
ch:  84  126  130  122  122  131  106  114  119  109  114  109  109  106  108  104  100  109   94  107  100  105  116  108  103  120  115  107  114  107  121  115   46
ch:  85  136  147  131  131  116  116  123  123  118  117  120  108  120  119  119  121  121  121  113  119  119  126  120  122  132  130  130  124  123  115  136   56
ch:  86  134  119  125  123  121  109  119  110  122  119  119  115  105  118  120  115  114  108  100  103   95  117  117  100  106  113  110  107  126  118  121   51
ch:  87  132  126  124  119  122  123  139  119  122  125  107  126  121  123  123  126  123  116  107  124  120  120  118  120  126  122  132  126  123  121  137   56
ch:  88  126  121  128  115  119  116  118  123  123  116  109  115  112  123  107  105  116  108  110  101  102  104  124  102  104  115  106  117  108  108  115   40
ch:  89  130  122  137  132  123  124  119  120  119  125  130  109  121  126  111  119  120  125  117  117  121  123  121  124  124  134  120  130  132  124  124   56
ch:  90  122  124  129  135  123  125  117  123  108  106  121  121  120  115  101  104  107  102  118  103  102  104  104  109  108  112  109  121  117  108  119   35
ch:  91  122  120  125  130  125  120  108  120  117  119  123  108  123  103  117  123  116  119  110  116  122  119  122  130  117  106  131  120  131  131  134   56
ch:  92  139  122  131  124  124  113  109  117  110  123  108  110  115  117  111  104  104  114  104  105  108  101   98  104  100  110  117   95  120  116  124   33
ch:  93  125  132  124  124  137  123  118  131  134  115  116  119  120  119  120  115  107  122  123  111  124  105  122  122  126  115  134  121  132  121  130   56
ch:  94  134  125  125  124  126  120  115  121  120  131  107  119  110  131  108  101  109  100  113  101   93  117  117  100  111  105  106  109  107  117  119   37
ch:  95  134  135  131  133  119  126  117  131  126  119  121  121  125  108  121  127  117  133  117  108  121  125  115  121  111  120  126  122  132  132  130   56
ch:  96  117  125  121  120  119  121  130  108  123  118  105  108  105  104  107  102   94  116  119  104  108  105  109  109  110  116  115  105  102  126  123   29
ch:  97  120  121  130  123  125  126  121  121  124  124  122  121  121  119  121  109  117  122  107  123  108  114  107  123  119  119  118  124  120  132  120   56
ch:  98  119  119  130  122  123  111  123  116  116  102  101  106  107  103  104  100  105  104  101  117  107  103  115  107  104  103  125  116  106  118  133   33
ch:  99  131  126  135  127  117  123  122  118  130  117  119  117  121  118  116  124  116  117  109  122  116  115  116  109  118  123  104  126  130  132  122   56
ch: 100  131  132  110  115  127  121  105  120  105  105  115  107  106  120  111  118   99  108  114  117  119  106  113  102  118  118  114  120  121  115  119   24
ch: 101  130  130  115  122  124  126  125  129  125  122  104  118  124  125  115  106  119  120  125  119  121  115  115  121  120  118  122  114  119  134  131   56
ch: 102  126  119  131  119  117  119  129  125  123  126  119  110  107  114  102  106   93  108  107  106  108  104  117  117  115  121  118  118  120  111  119   16
ch: 103  132  131  135  116  119  132  125  110  116  121  122  121  108  118  123  116  114  123  132  111  121  115  118  122  121  127  124  121  130  123  126   56
ch: 104  118  121  119  120  111  116  124  116  123  122  117  114  109  110  123  101  100  118  114  102  115  117  104  110  107  109  108  105  113  109  119   26
ch: 105  133  134  122  130  121  125  117  133  119  132  120  120  123  122  120  129  119  122  118  124  124  123  120  133  123  118  121  122  120  131  131   56
ch: 106  122  125  116  119  115  121  120  130  125  110  116  115  106  119  116  107  106  110  106  116  119  116  109  111  103  117  108  126  119  118  123   35
ch: 107  126  126  118  123  130  135  108  116  121  126  123  104  107  126  115  120  124  124  121  125  123  116  122  116  119  126  125  113  124  131  125   56
ch: 108  120  132  123  119  125  107  133  119  120  106  114  114  107  110  105  114  101  106  105  116  106  107  109  104  108  125  123  120  116  119  116   25
ch: 109  122  119  119  122  118  123  123  122  117  119  131  123  121  115  124  123  125  119  118  124  113  108  120  121  131  135  120  137  133  120  121   56
ch: 110  121  120  119  117  122  116  125  124  122  122  119  117  106  118   99  108  103  107  105  117  103  103  105  103  107  107  105  101  102  116  117   25
ch: 111  134  122  132  109  124  124  124  123  130  123  117  125  106  126  117  109  103  129  107  120  121  122  124  121  121  126  121  124  118  125  132   56
ch: 112  121  126  122  126  135  122  124  123  117  114  111  115  106  124  107  110  108  124  108   91  116  116  102  114  115   92  117  115  116  118  115   23
ch: 113  124  124  120  122  123  119  107  125  132  134  118  118  120  129  116  123  108  119  123  114  121  124  117  122  109  129  127  130  126  127  124   56
ch: 114  131  125  120  124  115  123  119  129  116  119  119  106  107  118  117  115  102  106  106  107  102  106  104  118  115  106  104  110  101  116  108   30
ch: 115  125  133  125  132  126  126  117  107  119  125  123  123  122  116  118  123  117  118  117  107  109  123  124  133  120  117  124  123  129  134  124   56
ch: 116  126  124  116  119  119  120  114  115  125  122  124  110  103  107  110  111  121   95  121  110  116  105  105  116  101  103  115  103  105  121  120   31
ch: 117  125  124  124  134  121  125  122  120  121  119  124  122  119  116  116  117  122  109  117  121  102  119  124  125  114  120  132  115  132  129  136   56
ch: 118  125  110  116  117  107  129  119   -1  108  109  117  115  102  104  124  106  110  103  101  106  109  108  108  100  116   -1  116  114  104  119  118   28
ch: 119  130  134  125  122  122  132  119  116  120  109  123  119  117  117  109  113  118  120  106  109  109  117  120  108  122  106  124  108  130  131  123   56
ch: 120  119  126  114  126  119  105  110  108  117  105  109  114  105  108  108  105  117  106  104  116  106  105  101  121  125  118  102  132  107  116  118   29
ch: 121  133  129  125  126  131  116  126  118  123  117  119  131  114  122  123  108  115  118  123  102  124  111  134  121  120  122  120  121  133  122  121   56
ch: 122  131  133  132  123  124  118  122  119  118  110  104  108  109  104  109   91  104   98  102  108  109  106  121  119  103  115  114  118  113  111  116   23
ch: 123  125  125  135  123  121  134  121  106  122  116  119  121  125  121  117  121  116  116  107  105  107  115  124  121  118  108  119  123  135  117  118   56
ch: 124  125  121  117  116  122  113  121  121  120  119  118  116  114  106  100  107  108  102  114  101  110  123  106  107  116  107  103  120  114  118  125    6
ch: 125  124  122  125  122  124  118  122  116  109  122  121  107  123  118  118  124   99  120  105  121  119  109  119  117  126  120  120  119  123  125  121   56
ch: 126  126  126  117  121  121  121  123  118  107  115  117  100  116  119  119  107  115  101  105  109  117  106  108  115  105  125  113  117  107  134  121   -1
ch: 127  126  120  124  125  124  120  121  130  105  109  123  119  119  108  108  101  114  107  100  104  108  117  117  109  124  127  134  119  111  121  122   56
