# ID XA-000-08-002-000-001-090-01
# Tag _trim_
# Date 240507_13:18:53
# Vref_p 56
# Vref_n 23
# Thr2_glb 53
# Vref_t 118
# Vref_t_range 1
# Pol 1
# ADC range 30-247
# FAST disc 30
ch:   0  127  132  122  135  123  138  132  131  134  134  137  125  126  131  122  109  120  132  119  118  123  120  123  122  130  126  124  132  130  136  124   -1
ch:   1  137  115  124  120  122  133  133  135  124  122  124  123  130  118  120  117  117  136  118  116  121  129  130  130  116  116  133  116  124  122  121   -1
ch:   2  133  132  126  125  138  133  120  117  139  120  130  125  120  129  139  126  122  122  118  132  123  136  119  131  123  135  126  127  121  131  121   17
ch:   3  121  131  121  123  120  134  121  123  105  131  124  132  136  124  113  121  118  119  117  124  118  125  121  127  133  134  124  127  129  122  126    7
ch:   4  124  124  133  120  141  123  120  120  123  122  125  129  120  126  120  120  115  131  117  123  107  132  117  125  120  131  130  131  126  130  132    4
ch:   5  122  120  135  134  134  124  126  124  119  123  126  133  133  131  114  106  120  118  124  122  125  123  121  123  122  125  120  122  137  122  132    2
ch:   6  138  127  123  120  125  137  129  121  125  121  123  132  118  121  128  118  123  127  121  131  134  115  125  121  124  117  119  115  123  125  123    6
ch:   7  122  130  125  123  119  122  135  118  115  123  127  136  122  120  121  118  139  121  120  124  136  121  118  125  118  121  118  119  111  125  124    8
ch:   8  131  137  136  134  127  132  124  127  127  123  129  140  135  119  133  124  135  108  121  127  117  110  126  120  111  120  124  123  122  124  130    7
ch:   9  125  125  124  124  118  121  120  138  121  125  120  121  119  137  116  120  123  124  124  120  119  121  131  122  123  121  115  119  131  122  124    3
ch:  10  131  122  132  122  133  121  121  124  121  118  126  124  124  120  121   -1  131  132  131  122  116  124  131  119  124  130  125  118  126  131  136    5
ch:  11  120  121  120  134  118  124  121  125  136  130  121  133  122  117  131  119  117  123  119  122  120  132  116  113  119  113  124  122  124  126  122   43
ch:  12  133  124  124  121  123  138  131  132  124  132  132  117  124  125  126  132  121  119  131  135  123  119  133  122  123  121  139  127  132  125  123    3
ch:  13  122  131  130  127  131  132  135  134  140  124  121  119  119  124  120  132  123  115  118  122  122  120  117  134  115  119  110  108  120  118  134    4
ch:  14  121  124  120  130  138  138  129  123  124  121  119  124  133  132  119  119  126  123  118  130  124  116  121  126  102  121  124  124  123  125  134    8
ch:  15  137  124  135  122  122  127  125  123  122  134  130  118  116  121  122  117  133  130  131  126  125  125  107  121  109  133  117  138  133  120  132   10
ch:  16  130  126  120  123  130  135  127  130  124  123  129  130  127  127  133  124  132  123  116  116  118  120  118  124  118  108  121  118   -1  131  126    4
ch:  17  135  131  121  122  132  124  122  125  138  122  136  122  116   -1  122  125  115  134  121  134  124  122  132  120  125  123  114  109  120  126  126    8
ch:  18  121  117  121  132  134  124  125  124  135  124  131  123  119  122  117  120  117  125  121  121  129  122  118  120  125  125  124  124  126  118  122   -1
ch:  19  133  131  132  129  131  132  121  132  124  123  115  114  109  122  118  117  125  116  105  131  111  120  109  117  117  126  125  126  124  122  125   10
ch:  20  133  134  125  133  118  133  129  132  126  122  122  114  135  124  121  118  122  123  121  120  122  125  120  125  119  125  122  133  124  130  133   26
ch:  21  125  122  132  123  123  123  126  128  118  109  126  124  123  125  109  108  125  117  123  132  122  133  130  109  110  127  106  123  136  123  125   11
ch:  22  134  126  135  131  122  126  133  139  122  120  130  122  133  118  116  117  119  134  132  123  116  124  123  123  117  116  115  134  134  126  129   11
ch:  23  116  118  124  120  123  130  108  123  130  123  119  129  131  125  119  114  124  124  125  120  118  117  119  123  119  135  118  120  134  130  125   14
ch:  24  127  130  139  122  124  139  132  127  132  132  125  121  134  117  125  122  122  125  116  137  120  119  133  131  119  136  122  121  124  119  134   10
ch:  25  122  119  117  123  135  121  132  124  121  132  121  120  133  125  123  120  123  116  119  122  117  121  111  110  117  121  125  122  123  124  122    8
ch:  26  120  134  123  138  126  125  131  133  126  134  123  122  125  138  129  131  125  122  133  120  123  124  125  125  123  118  131  118  136  126  118   -1
ch:  27  119  124  131  124  132  132  117  126  118  132  134  125  124  117  130  119  121  119  123  117  115  127  125  114  121  122  124  115  140  116  125   13
ch:  28  126  122  118  127  123  129  132  138  135  126  126  135  126  125  132  129  110  122  120  125  132  122  120  123  125  115  133  131  131  130  125    2
ch:  29  126  122  132  127  130  139  126  141  131  118  116  126  116  123  120  122  121  131  122  121  134  133  120  131  133  121  119  120  134  130  134   22
ch:  30  122  132  131  125  137  133  123  123  124  124  120  131  117  121  123  105  121  124  118  109  121  111  124  132  129  118  133  121  123  123  120    9
ch:  31  124  125  123  126  125  131  126  123  132  122  122  124  126  120  122  115  120  124  130  133  111  122  120  129  117  139  123  126  124  122  131   14
ch:  32  149  138  129  121  127  128  115  131  134  130  110  122  131  130  122  131  132  127  122  120  121  119  125  120  131  131  126  117  133  134  146   21
ch:  33  134  134  125  116  133  122  117  125  123  131  120  124  121  122  123  116  117  102  119  120  124  124  136  123  121  126  113  136  130  122  124   19
ch:  34  134  138  123  116  137  130  135  137  129  135  116  124  125  117  125  118  119  122  122  122  117  120  117  132  124  125  122  133  135  132  132   26
ch:  35  133  123  132  134  124  131  124  132  121  124  116  123  122  119  127  129  119  137  126  126  124  137  124  124  131  118  123  124  124  125  135   22
ch:  36  126  122  135  130  122  135  124  116  134  132  132  134  130  125  122  126  121  123  125  132  126  122  121  123  122  133  132  124  118  132  131   -1
ch:  37  124  122  130  135  139  135  122  134  122  125  125  124  137  121  130  120  127  123  121  122  110  114  119  137  124  137  122  124  126  121  136   19
ch:  38  123  123  131  136  134  120  133  125  126  122  122  116  119  119  123  122  124  132   -1  124  120  122  118  123  122  125  133  125  123  130  133   -1
ch:  39  134  136  124  126  135  139  136  132  130  119  119  123  120  133  137  122  129  122  106  125  122  127  124  108  132  106  122  120  135  131  133   28
ch:  40  129  125  133  142  124  125  121  135  140  132  122  121  126  121  124  125  119  121  122  127  133  125  123  110  118  125  124  119  120  132  133    3
ch:  41  132  131  122  135  133  123  127  132  122  135  131  126  126  132  122  132  131  117  123  119  123  125  122  117   -1  133  121  132  132  138  138   27
ch:  42  131  138   -1  129  137  124  135  125  124  135  125  123  121  131  125  123  139  120  139  125  122  120  118  120  120  132  133  124  121  120  120    3
ch:  43  131  133  126  133  137  133  132  134  129  133  131  134  127  138  134  127  135  121  134  120  133  121  132  109  123  130  119  125  134  126  131   31
ch:  44  123   -1  137  124  126  131  129  126  135  125  122  131  130  134  126  131  121  131  117  125  123  126  116  118  123  121  124  126  122  124  121    9
ch:  45  124  125  123  133  119  119  132  131  131  124  118  125  132  119  137  124  121  125  117  116  122  118  118  132  120  129  128  124  133  126  118   16
ch:  46  125  132  123  131  124  132  134  118  135  135  133  125  131  132  117  125  121  124  118  121  131  133  129  109  123  123  123  135  133  122  130   -1
ch:  47  126  124  123  133  123  119  133  137  133  133  139  123  135  126  135  123  130  119  134  123  121  133  122  123  118  137  138  131  122  133  123   31
ch:  48  129  132  136  136  137  135  118  133  136  131  120  130  133  116  122  132  123  123  126  124  120  125  124  122  133  117  118  135  131  134  125   -1
ch:  49  137  125  122  132  130  133  131  117  126  124  110  120  121  126  134  126  130  121  130  124  134  126  125  120  125  123  122  137  135  119  135   22
ch:  50  139  125  135  122  135  136  131  135  125  123  135  129  118  136  133  125  125  135  122  126  119  119  127  123  123  124  133  122  127  124  124    4
ch:  51  122  133  125  135  134  131  127  134  118  123  125  126  136  120  123  123  116  126  121  117  124  118  120  134  132  124  123  124  124  124  134   26
ch:  52  123  136  126  135  135  133  133  135  123  129  124  125  131  120  122  131  125  132  119  135  123  133  127  138  123  124  136  138  136  133  123    6
ch:  53  125  131  135  126  130  126  123  118  131  119  130  124  130  130  116  122  132  132  135  124  119  132  130  120  121  125  122  118  123  127  133   21
ch:  54  122  124  130  131  126  140  119  122  134  132  135  132  131  132  132  122  135  125  119  122  118  120  127  134  139  131  145  119  136  123  126    2
ch:  55  132  126  128  121  131  133  132  134  124  120  129  131  131  124  137  124  123  124  123  121  120  133  120  123  122  125  119  126  126  144  125   26
ch:  56  125  131  136  136  132  140  132  124  135  146  125  125  118  130  127  120  133  125  132  134  114  122  119  130  129  119  133  118  122  125  126    6
ch:  57  135  121  123  133  132  137  131  123  122  120  109  127  139  123  131  126  121  131  124  118  123  123  137  122  124  121  125  135  123  125  132   54
ch:  58  132  139  134  139  119  139  136  122  139  132  133  124  135  126  130  124  124  124  124  124  126  127  124  127  127  119  120  135  142  146  119    3
ch:  59  119  127  120  133  142  133  132  133  124  136  130  117  131  132  128  136  135  131  125  134  119  115  123  133  124  118  117  137  133  135  137   35
ch:  60  119  134  135  125  134  115  147  124  118  122  134  136  124  124  131  133  127  120  126  119  135  123  122  122  124  132  129  123  122  120  133    9
ch:  61  136  124  136  116  137  148  126  123  139  119  125  123  123  127  131  134  134  130  130  119  123  132  124  131  131  135  124  119  126  121  129   27
ch:  62  132  118  126  132  135  134  133  127  123  136  122  131  122  126  119  117  122  125  131  120  124  124  135  123  119  136   -1  131  126  134  123    6
ch:  63  137  132  133  130  132  126  118  131  132  119  135  132  123  115  122  116  124  133  137  121  133  124  123  124  134  119  121  125  123  133  122   42
ch:  64  124  117  118  141  133  122  139  135  131  132  135  131  118  124  120  126  121  129  121  135  118  124  121  118  131  116  125  125  121  122  125    5
ch:  65  106  120  126  141  121  131  126  136  138  133  132  122  122  122  117  124  126  120  127  131  130  130  123  120  131  121  122  124  125  127  140   27
ch:  66  133  121  133  123  120  126  131  132  134  123  131  134  124  137  119  134  126  125  129  117  126  126  119  133  120  131  123  122  136  139  122    7
ch:  67  124  135  136  123  123  137  125  121  122  135  139  122  124  122  141  115  130  123  125  130  138  123  123  136  135  130  138  143  132  134  125   51
ch:  68  133  122  126  132  125  125  123  122  145  133  126  130  120  122  123  125  124  114  120  124  129  137  124  125  124  121  131  124  117  132  138    4
ch:  69  119  122  135  139  135  138  123  135  130  131  127  131  132  123  134  132  121  130  120  123  117  125  117  129  138  120  116  137  136  125  137   56
ch:  70  124  138  119  131  136  135  135  130  132  133  132  134  116  127  119  121  129  116  123  132  137  132  116  125  122  124  124  124  125  134  134    9
ch:  71  132  134  126  124  124  139  121  116  134  123  119  126  134  126  134  124  120  134  122  108  127  121  126  121  123  124  123  123  137  126  135   44
ch:  72  138  134  122  124  121  132  133  132  135  137  118  126  123  119  122  136  125  116  124  125  131  108  131  121  123  133  125  125  134  126  127    8
ch:  73  136  126  136  125  121  121  134  125  131  133  126  125  133  124  124  125  122  132  125  124  127  121  132  131  133  121  132  133  131  123  121   38
ch:  74  135  134  128  121  133  131  132  137  132  135  121  127  129  132  123  131  129  130  125  130  125  142  131  131  125  127  136  134  130  123  126    5
ch:  75  123  134  118  125  118  137  127  131  129  137  135  131  122  124  122  123  129  119  121  116  126  121  131  126  124  126  116  125  121  122  133   42
ch:  76  117  124  124  122  137  131  138  131  132  125  127  135  135  135  118  126  121  131  119  123  123  134  117  125  138  122  129  125  119  136  126    9
ch:  77  132  125  122  125  133  121  135  131  124  121  121  126  123  120  124  125  101  116  115  131  135  116  131  118  122  125  137  132  135  123  133   56
ch:  78  139  133  124  132  136  119  136  133  135  133  118  123  139  124  130  119  124  120  116  123  124  123  138  120  132  116  124  118  118  126  120    7
ch:  79  134  130  118  123  137  131  131  130  125  122  118  122  122  122  133  116  120  123  123  126  127  122  137  134  133  121  133  124  136  137  133   56
ch:  80  134  126  133  121  120  126  121  120  121  135  123  131  118  132  131  122  119  130  133  118  122  127  129  122  133  118  134  121  118  120  124   13
ch:  81  129  132  131  139  136  123  126  123  131  133  122  121  124  123  124  124  125  125  124  115  132  131  121  138  137  124  123  127  126  125  132   45
ch:  82  121  124  131  140  138  133  133  128  137   -1  130  126  141  118  131  125  122  121  134  109  118  137  119  123  117  132  122  122  127  124  134    9
ch:  83  119  136  121  123  131  124  137  133  133  126  138  120  124  133  115  131  123  133  126  131  125  118  131  119  126  125  132  120  126  131  121   56
ch:  84  141  136  127  135  131  121  136  137  131  123  140  123  133  120  121  124  115  122  121  123  124  125  138  132  121  134  134  134  125  120  136    9
ch:  85  134  127  139  123  122  131  134  132  125  136  132  136  123  123  122  123  121  125  122  116  122  116  134  122  116  124  125  139  131  126  125   55
ch:  86  131  132  111  119  131  121  135  131  130  125  131  131  122  135  135  120  126  122  116  132  132  132  130  131  130  120  120  109  125  129  123   17
ch:  87  117  136  125  124  133  125  136  121  124  134  130  124  132  119  134  120  114  130  125  130  109  122  119  122  118  118  118  132  120  133  133   52
ch:  88  123  123  134  136  124  139  137  135  126  124  133  123  110  122  123  132  123  129  116  120  119  120  116  131  121  121  123  140  131  124  115   12
ch:  89  118  131  133  131  126  140  121  130  133  122  123  121  119  121  121  116  122  117  111  134  117  121  126  123  134  133  134  126  130  138  124   47
ch:  90  124  123  131  133  122  125  136  118  133  124  124  131  136  126  122  120  127  121  134  122  133  107  108  126  116  125  133  123  133  119  135   22
ch:  91  125  137  138  131  130  120  124  124  123  118  122  122  121  133  134  123  129  121  121  121  123  133  124  127  120  122  117  130  125  134  123   49
ch:  92  133  130  131  118  133  141  124  132  122  131  134  122  121  136  117  136  124  111  106  135  124  122  121  125  121  124  132  123  130  122  126   11
ch:  93  125  130  134  123  132  131  122  110  132  121  129  124  124  118  132  118  116  122  117  121  114  125  110  124  118  134  131  131  127  124  137   43
ch:  94  134  124  121  136  135  135  135  120  124  124  133  118  126  130  134  131  124  136  133  109  120  133  124  118  121  135  132  140  136  131  124   25
ch:  95  133  117  133  135  130  127  123  125  132  129  129  123  125  123  117  135  119  126  127  121  131  121  124  121  132  121  127  122  135  121  134   42
ch:  96  131  136  131  132  124  132  135  132  117  131  109  139  135  120  122  123  131  115  121  123  124  123  133  124  124  126  118  127  123  131  124   43
ch:  97  131  139  133  137  135  129  124  127  118  133  132  130  124  122  123  136  137  133  124  134  119  135  129  125  123  120  133   -1  124  127  126   56
ch:  98  124   -1  127  122  125  131  123  134  130  131  134  123  123  137  130  130  123  126  121  127  132  116  119  133  110  127  131  120  131  116  139   29
ch:  99  123  124  125  131  126  133  134  131  124  131  124  126  120  124  136  123  120  122  121  133  131  125  133  123  116  132  123  125  123  134  123   42
ch: 100  127  136  134  134  120  139  125  123  135  119  124  129  121  127  121  120  115  127  123  125  122  130  120  123  121  122  119  133  124  120  132   19
ch: 101  124  124  136  135  131  121  130  123  121  137  137  122  124  119  122  125  116  133  117  121  111  132  117  121  122  125  124  124  137  122  132   56
ch: 102  126  129  136  135  137  126  125  136  135  136  125  128  122  120  119  116  115  116  120  132  124  110  121  116  122  133  113  122  120  131  126   56
ch: 103  133  126  134  134  136  123  131  120  123  133  126  116  123  125  123  117  119  115  132  123  121  124  106  134  105  135  122  121  134  141  132   52
ch: 104  133  123  132  126  136  121  123  123  131  126  124  135  133  125  125  126  131  131  135  121  122  121  120  108  124  124  131  121  123  118  136   27
ch: 105  123  122  132  132  144  132  132  121  118  121  133  120  133  124  121  131  120  126  123  119  132  119  137  125  118  116  124  125  119  133  135   56
ch: 106  133  123  132  126  117  134  136  129  126  134  123  122  118  120  119  123  132  123  125  117  117  132  124  125  126  114  124  137  125  124  121   56
ch: 107  131  133  126  124  130  126  117  132  123  122  132  119  126  126  136  123  134  121  121  124  121  123  132  134  118  126  117  118  130  129  131   56
ch: 108  137  124  123  124  136  123  124  119  123  123  131  123  127  123  117  123  121  136  125  122  130  123  122  127  115  119  102  124  133  124  124   56
ch: 109  134  136  125  140  134  131  132  122  134  124  136  118  126  123  115  130  123  120  123  121  122  123  118  115  106  119  131  124  117  124  119   49
ch: 110  140  139  132  134  132  130  136  118  126  123  123   -1  132  114  125  117  119  118  125  115  115  120  116  109  115  119   -1  111  125  125  119   56
ch: 111  131  133  122  127  125  123  132  134  117  140  135  119  137  118  121  118  130  123  110  115  121  132  122  118  131  119  127  118  124  123  123   56
ch: 112  123  126  130  134  121  125  121  121  135  121  123  137  125  124  124  132  121  119  132  139  117  120  118  120  122  122  118  133  124  122  119   56
ch: 113  127  121  131  122  121  130  132  122  124  131  125  111  110  117  111  122  115  117  121  121  123  115  110  107  109  115  116  123  114  119  125   56
ch: 114  130  124  131  136  135  137  120  118  110  124  120  117  121  122  124  123  120  120  124  126  123  120  116  125  133  131  131  124  116  119  126   56
ch: 115  120  135  130  139  119  134  125  116  122  124  123  116  123  107  133  107  116  120  120  121  122  122  117  121  118  114  116  130  120  131  122   56
ch: 116  137  145  132  109  133  119  132  132  117  133  132  137  121  117  111  119  124  137  123  118  124  108  124  114  117   -1  130  132  120  116  124   56
ch: 117  130  123  133  138  118  126  133  122  125  123  124  121  124  125  110  118  114  116  121  117  132  120  122  120  110  118  120  123  124  121  114   53
ch: 118  131  122  117  127  125  135  131  132  131  132  117  124  118  131  108  117  122  115  119  125  121  111  125  115  119  130  119  123  117  123  123   56
ch: 119  134  118  122  117  134  123  123  122  126  122  123  120  125  124  122  117  119  109  121  121  116  118  116  116  122  119  116  115  118  116  114   41
ch: 120  126  124  135  133  133  122  123  118  119  126  122  121  115  119  125  120  115  108  119  116  122  121  107  120  119  123  118  131  118  120  130   56
ch: 121  134  121  117  126  124  133  118  121  122  132  123  119  121  129  122  126  120  118  117  110  117  116  118  115  118  127  121  120  133  123  120   49
ch: 122  123  118  120  136  125  118  121  127  121  120  117  118  133  118  131  131  124  122  117  118  116  114  123  110  115  110  121  118  107  115  130   56
ch: 123  122  126  125  136  133  126  124  131  118  123  122  116  121  120  104  119  110  120  118  118  122  116  108  115  117  120  126  124  115  118  125   31
ch: 124  125  122  131  126  122  122  132  125  123  120  127  124  120  131  119  117  121  122  123  124  123  122  119  124  119  119  124  119  126  123  125   56
ch: 125  134  126  125  126  119  139  136  125  131  133  125  116  124  119  119  120  122  101  120  119  118  120  125  120  125  124  125  123  124  127  122   31
ch: 126  130  131  121  136  126  118  105  132  126  131  125  120  125  126  115  122  119  113  119  122  119  132  123  134  117  121  122  107  121  124  122   56
ch: 127  129  119  127  139  122  116  125  127  126  122  132  123  122  125  121  109  127  129  125  110  108  134  111  123  120  124  117  123  133  123  131   12
