# ID XA-000-08-002-000-001-196-12
# Tag _trim_
# Date 240507_12:43:41
# Vref_p 56
# Vref_n 23
# Thr2_glb 42
# Vref_t 118
# Vref_t_range 1
# Pol 0
# ADC range 30-247
# FAST disc 30
ch:   0  103  121  117  111  123  123  125  124  126  121  117  126  119  117  117  118  122  124  122  124  120  117  126  122  131  123  118  136  141  133  122   26
ch:   1  125  127  136  118  119  136  116  130  136  130  136  138  125  133  118  134  137  122  131  139  126  149  137  141  140  149  148  148  154  141  164   56
ch:   2  118  120  120  135  122  119  125  125  120  110  117  119  120  117  131  134  122  133  132  123  131  136  123  132  129  124  127  131  131  135  138   46
ch:   3  119  121  131  122  119  124  119  138  119  127  139  122  133  141  131  132  123  124  132  126  132  140  138  149  138  138  136  135  150  154  151   56
ch:   4  121  119  127  133  117  115  119  116  119  113  117  120  127  121  131  124  115  116  123  118  121  131  132  137  135  115  125  133  121  134  132   47
ch:   5  124  126  124  120  116  122  133  118  133  122  123  123  126  132  134  132  127  121  133  140  135  149  133  131  136  125  145  139  139  151  137   40
ch:   6  125  130  125  121  119  123  123  121  117  123  132  132  123  134  126  124  125  133  121  115  117  126  121  123  125  131  132  136  141  136  141   34
ch:   7  125  125  124  123  126  129  130  126  134  135  119  131  124  130  135  134  131  136  132  130  149  138  133  132  143  134  136  148  151  139  147   55
ch:   8  121  124  132  118  115  133  119  132  123  125  119  112  123  117  107  123  125  120  131  122  122  121  131  127  131  119  137  138  138  127  150   38
ch:   9  133  133  130  119  132  125  131  125  123  125  133  133  126  131  130  136  125  137  139  139  148  149  138  153  139  140  136  139  147  156  148   56
ch:  10  126  125  122  106  115  111  115  123  125  119  120  124  124  116  123  124  126  119  127  115  135  130  127  124  135  149  134  125  136  136  148   33
ch:  11  121  137  124  121  125  131  131  121  136  130  124  133  134  133  135  139  121  124  133  148  134  136  146  142  150  133  139  138  142  140  150   46
ch:  12  133  118  116  123  123  119  124  123  117  123  122  119  125  122  116  120  122  125  118  126  125  135  120  134  132  131  126  140  140  123  125   36
ch:  13  123  149  116  119  127  137  125  118  124  133  132  125  135  132  130  131  120  124  132  133  125  136  134  149  135  140  148  138  143  151  155   56
ch:  14  133  131  124  124  116  130  132  122  118  131  120  109  122  122  125  117  126  111  132  126  124  125  135  132  125  120  126  126  136  136  141   56
ch:  15  137  123  122  125  125  119  125  121  124  137  124  141  129  141  123  135  126  134  134  126  141  147  149  148  139  134  136  149  141  161  153   53
ch:  16  132  118  124  133  119  105  131  124  123  119  125  118  130  123  121  120  127  111  125  124  122  132  125  120  132  125  123  122  137  134  137   38
ch:  17  130  117  126  136  124  111  127  118  133  132  124  130  125  125  132  125  134  132  131  135  136  134  132  137  150  135  134  135  151  141  147   56
ch:  18  122  117  120  132  119  134  121  110  123  116  114  126  115  124  125  120  139  117  138  119  127  125  122  118  122  122  132  135  147  140  132   49
ch:  19  126  131  126  136  146  124  131  123  124  133  125  127  138  133  124  133  127  137  138  138  139  132  140  156  142  154  150  153  155  155  150   51
ch:  20  133  118  120  119  125  122  127  126  126  119  105  113  115  109  123  124  124  123  126  130  131  134  126  126  129  134  137  126  121  131  148   44
ch:  21  118  132  131  131  130  138  130  136  130  137  122  148  125  134  131  126  139  138  131  145  123  137  137  138  141  138  146  155  139  157  152   56
ch:  22  131  132  120  126  116  125  131   -1  118  134  111  130  117  132  125  125  124  132  126  124  130  127  125  118  124  140  140  140  136  143  133   49
ch:  23  120  124  124  132  122  121  121  122  122  126  125  119  126  132  131  136  140  138  131  136  138  149  140  138  145  141  142  139  143  155  156   56
ch:  24  115  135  116  120  125  120  132  120  126  122  123  118  118  133  119  124  131  134  127  120  136  122  131  137  120  137  145  126  150  146  148   43
ch:  25  133  120  122  118  129  125  135  130  133  133  133  122  137  137  124  138  126  135  135  138  137  132  150  145  145  141  150  148  149  148  149   56
ch:  26  123  125  123  124  124  119  124  121  122  132  108  123  118  121  125  133  122  123  133  119  117  124  127  140  140  135  139  123  137  124  137   39
ch:  27  127  137  128  127  131  129  125  133  133  132  137  121  135  137  123  124  131  129  138  136  140  138  138  154  145  140  148  136  153  152  155   56
ch:  28  127  125  121  124  117  122  120  120  130  119  114  124  124  127  124  120  124  125  117  124  120  130  135  115  138  140  124  126  134  136  139   43
ch:  29  134  131  118  124  132  131  135  133  123  126  135  127  139  139  121  135  142  151  138  142  140  132  150  132  138  150  141  152  163  150  150   52
ch:  30  123  125  125  121  129  124  110  122  127  122  115  129  136  130  122  124  119  114  120  122  130  123  131  118  136  135  142  138  148  131  136   45
ch:  31  123  133  122  125  123  120  135  134  133  124  137  132  138  122  137  123  117  147  136  146  136  141  141  145  136  151  135  136  146  155  150   55
ch:  32  122  122  131  124  119  131  124  122  123  123  122  122  124  132  126  130  124  123  126  134  124  138  132  134  125  133  141  137  140  140  140   42
ch:  33  140  129  131  121  124  125  122  124  135  131  126  125  125  135  131  124  149  136  134  140  131  133  136  141  148  149  147  150  155  153  155   54
ch:  34  122  115  122  119  119  125  140  115  117  118  117  122  127  120  117  138  122  122  125  132  120  146  116  126  132  131  131  136  135  137  153   51
ch:  35  123  134  116  125  118  121  126  126  137  126  132  126  123  135  131  133  127  137  125  141  136  139  138  139  139  139  139  168  132  148  148   51
ch:  36  122  120  122  121  134  127  119  122  126  132  121  119  118  136  122  124  134  135  119  127  139  117  133  137  134  135  125  124  134  139  141   42
ch:  37  126  132  124  126  130  138  132  129  132  121  132  132  127  127  131  137  136  132  132  131  136  138  139  134  141  136  139  139  150  149  149   56
ch:  38  119  119  122  138  125  119  132  115  119  122  135  119  125  124  138  120  122  123  122  135  132  122  134  136  136  134  135  135  151  137  141   43
ch:  39  124  132  125  124  125  126  124  125  124  120  135  134  126  126  119  124  134  122  133  136  137  132  125  136  149  139  138  141  142  155  157   49
ch:  40  126  117  131  118  131  123  122  132  123  120  117  126  118  116  121  121  125  131  134  132  125  134  137  134  134  133  138  150  146  139  135   34
ch:  41  125  136  127  122  132  107  132  120  118  124  133  123  126  133  133  132  125  121  142  137  137  134  138  135  140  137  162  150  152  158  148   56
ch:  42  125  120  124  118  121  126  121  123  124  118  121  124  134  137  124  127  125  129  127  117  127  132  117  131  137  136  146  136  138  153  134   43
ch:  43  132  123  124  129  121  114  126  125  138  132  133  134  130  136  130  125  131  148  148  124  137  146  140  147  141  142  140  141  149  149  158   47
ch:  44  120  118  130  120  127  118  119  117  126  136  134  130  122  120  133  132  127  125  123  124  131  120  132  137  132  138  140  155  136  138  137   45
ch:  45  124  133  127  119  130  123  123  116  126  119  121  124  137  134  126  134  136  122  130  139  134  135  140  131  138  132  139  135  132  152  138   50
ch:  46  123  137  129  130  133  124  120  125  131  121  127  129  124  119  130  117  122  136  130  130  119  113  133  122  130  126  138  136  142  135  132   47
ch:  47  121  121  121  125  137  125  110  125  135  132  137  135  121  130  126  133  122  147  134  142  141  138  153  137  153  156  135  149  151  153  150   56
ch:  48  145  126  115  126  130  116  124  123  125  125  118  120  119  138  121  119  124  123  119  136  127  131  132  126  136  134  151  132  148  131  136   48
ch:  49  132  119  131  119  118  131  138  132  122  139  131  140  125  135  123  135  139  132  135  138  137  141  138  139  154  141  146  150  140  137  154   48
ch:  50  123   -1  122  123  126  125  134  124  119  114  125  120  133  124  130  122  132  131  125  133  127  133  125  141  137  138  139  134  142  137  140   45
ch:  51  124  135  131  131  125  140  124  124  132  121  126  123  125  131  138  131  131  139  139  135  138  133  134  137  143  152  139  133  150  153  153   56
ch:  52  121  132  108  119  121  133  134  123  121  121  126  124  124  125  137  134  125  133  126  136  122  134  126  139  142  139  127  149  135  135  147   40
ch:  53  134  130  123  125  132  134  135  126  148  122  124  126  126  126  132  136  142  138  139  136  140  142  148  151  150  150  153  148  155  146  142   50
ch:  54  123  115  124  123  133  125  124  136  119  124  126  122  119  132  126  119  130  108  119  124  118  134  133  123  134  139  126  133  122  138  148   47
ch:  55  122  126  122  127  125  117  121  121  124  137  133  120  124  138  127  138  130  138  133  148  134  121  149  143  145  146  155  142  152  152  152   56
ch:  56  123  133   -1  124  125  120  119  135  126  122  134  124  121  131  127  125  132  137  139  125  132  125  133  136  136  132  138  136  146  140  154   51
ch:  57  122  120  120  123  134  135  127  122  135  141  147  134  137  146  137  134  134  126  137  135  138  138  139  142  142  150  147  149  153  154  148   56
ch:  58  120  139  123  124  133  131  137  118  124  122  109  132  130  138  126  125  122  131  132  126  134  134  133  135  142  140  126  146  140  132  153   47
ch:  59  135  122  124  116  120  124  127  139  135  140  120  136  132  132  140  153  126  136  135  133  138  137  151  141  140  147  142  151  141  150  152   56
ch:  60  118  124  125  133  118  120  134  137  132  137  123  123  135  126  126  111  134  136  137  136  135  138  137  139  133  138  139  140  148  139  133   48
ch:  61  137  133  131  123  116  130  133  129  132  132  127  119  125  125  133  141  136  134  138  137  140  144  139  151  151  139  154  153  143  157  152   52
ch:  62  122  134  120  121  126  119  120  125  128  118  126  120  131  131  132  123  126  124  124  122  124  124  119  135  125  146  139  142  136  134  137   45
ch:  63  123  133  126  120  134  125  122  121  125  137  124  138  136  150  140  131  139  135  146  137  139  137  153  138  155  154  141  147  159  166  156   49
ch:  64  125  126  126  120  121  118  125  130  123  126  131  124  131  118  126  121  118  124  132  130  134  130  138  133  123  135  131  140  124  133  127   42
ch:  65  134  147  120  121  140  111  138  118  136  135  139  137  126  132  148  126  125  142  138  146  138  132  138  140  139  140  137  153  141  152  163   56
ch:  66  124  123  132  120  117  111  118  134  124  125  120  130  122  123  122  136  117  123  133  126  132  134  135  129  136  136  135  148  149  141  134   41
ch:  67  126  125  132  132  137  123  117  126  116  136  124  126  126  134  126  126  134  137  131  138  140  141  142  150  138  138  138  152  154  153  155   43
ch:  68  124  133  129  126  126  134  128  126  121  118  132  134  123  136  134  123  139  133  132  132  133  132  134  140  134  136  136  148  135  141  149   44
ch:  69  120  139  126  119  125  124  139  121  141  132  134  137  135  131  134  139  140  132  137  138  138  136  150  138  140  150  164  149  151  155  159   56
ch:  70  133  125  136  120  120  126  115  123  119  124  124  131  120  118  137  131  123  121  140  134  138  136  131  124  133  138  126  157  154  153  150   46
ch:  71  126  131  126  124  130  132  127  124  129  141  141  139  122  140  127  139  138  133  147  136  139  137  149  154  134  158  147  143  154  154  152   51
ch:  72  116  123  123  122  116  119  119  118  115  116  124  115  119  125  119  136  124  118  122  117  130  132  121  126  138  139  127  126  133  137  122   42
ch:  73  132  124  126  119  119  138  123  123  131  131  121  134  135  124  135  132  131  134  131  132  132  130  143  143  149  149  141  142  142  152  151   56
ch:  74  123  124  123  109  134  131  124  121  131  123  121  119  122  125  120  121  130  134  140  131  125  135  139  135  136  134  132  137  131  150  146   39
ch:  75  135  134  117  139  124  136  135  131  131  126  137  122  121  136  139  134  141  126  134  134  136  134  139  131  130  151  150  150  139  149  150   51
ch:  76  134  123  117  124  111  121  124  123  123  130  124  120  122  124  117  132  122  126  121  123  125  139  125  132  138  138  134  136  137  134  140   41
ch:  77  123  126  116  131  129  125  135  121  121  127  135  128  136  135  132  140  136  151  149  142  124  152  142  143  148  141  142  157  154  148  155   56
ch:  78  133  129  118  114  126  126  131  133  126  121  120  122  126  125  124  125  124  118  118  130  130  132  145  124  140  132  138  147  148  136  150   55
ch:  79  125  122  134  125  125  132  132  138  131  135  122  138  133  118  139  140  135  140  140  140  136  140  152  149  153  155  143  153  152  163  149   56
ch:  80  125  129  132  139  125  133  132  137  108  124  122  122  117  126  137  124  135  135  135  138  130  140  137  137  139  138  132  147  151  139  139   56
ch:  81  121  122  122  141  124  124  130  141  133  139  126  137  130  124  133  125  136  139  131  140  140  147  137  149  140  150  153  155  153  162  154   56
ch:  82  123  134  113  139  120  119  133  130  134  123  110  137  121  119  135  133  122  133  121  135  137  125  134  136  138  126  135  149  138  150  152   55
ch:  83  124  138  131  123  134  122  139  135  140  132  126  126  127  130  138  142  135  134  136  140  148  139  134  139  150  163  133  138  154  161  141   56
ch:  84  121  120  121  123  123  136  134  120  120  118  120  120  126  129  124  124  138  123  135  132  130  138  135  138  130  135  140  140  148  142  148   44
ch:  85  131  123  123  137  121  123  120  124  130  134  131  135  140  133  136  140  135  134  131  132  140  139  139  137  140  143  156  147  154  149  164   56
ch:  86  122  123  126  123  122  136  125  134  135  122  125  124  132  125  132  134  118  126  125  134  123  141  137  130  136  139  124  139  137  138  151   53
ch:  87  126  122  126  125  124  127  124  127  136  126  135  140  137  123  136  121  140  132  138  138  140  133  156  134  136  152  137  148  154  150  155   56
ch:  88  136  121  124  123  124  127  133  121  121  119  131  130  123  120  132  133  125  137  122  123  147  139  138  134  139  137  139  139  152  146  142   49
ch:  89  123  127  122  118  134  120  133  123  137  140  132  134  136  141  142  134  140  135  133  134  141  121  140  145  153  153  148  150  154  152  153   56
ch:  90  123  119  132  132  126  119  131  126  133  131  131  121  118  124  126  123  131  126  126  118  138  138  147  142  130  141  134  134  142  136  137   47
ch:  91  131  121  135  125  132  133  139  126  137  126  135  140  121  130  123  127  138  146  138  146  138  124  134  156  141  145  151  149  141  162  155   49
ch:  92  138  135  118  127  117  119  124  127  117  111  133  135  120  131  124  116  130  126  131  132  124  122  135  130  133  147  136  149  136  140  147   51
ch:  93  122  140  140  136  123  130  139  133  145  126  125  125  133  136  132  133  133  136  155  145  140  137  147  152  131  145  151  151  151  156  150   55
ch:  94  126  122  132  132  121  130  119  122  130  123  133  122  134  111  123  133  126  120  123  138  137  137  137  134  128  138  137  140  134  151  151   43
ch:  95  130  122  119  117  127  116  133  125  121  134  127  133  124  132  134  134  133  136  151  136  136  134  135  147  139  141  147  140  153  155  155   49
ch:  96  119  126  124  122  115  124  120  116  127  124  119  124  134  130  126  129  138  130  126  120  126  131  131  135  127  126  133  149  152  148  142   40
ch:  97  123  134  110  131  131  122  131  132  129  141  139  127  121  120  133  131  138  132  131  138  132  142  135  134  145  142  134  161  157  140  152   56
ch:  98  131  110  129  133  121  135  122  122  126  121  121  123  126  133  135  117  122  123  130  132  119  126  120  125  134  140  139  140  138  134  150   51
ch:  99  123  122  126  131  138  125  132  135  130  132  148  124  132  138  136  139  134  133  125  133  150  140  129  150  152  139  140  153  151  150  171   51
ch: 100  132  122  110  121  124  133  124  131  122  120  120  120  133  131  123  124  124  119  118  126  121  120  122  130  139  140  140  141  136  132  139   56
ch: 101  133  126  135  125  135  125  130  129  134  125  130  126  124  130  133  131  132  133  139  136  133  140  134  139  148  134  140  140  136  153  153   50
ch: 102  122  133  125  131  134  123  136  135  119  135  124  127  127  121  126  131  123  136  119  133  123  132  138  135  137  125  135  149  151  134  132   39
ch: 103  125  117  129  131  123  123  125  139  133  130  132  121  125  123  139  126  130  125  131  141  138  136  138  147  136  137  142  153  146  151  159   56
ch: 104  122  117  124  139  131  122  137  123  119  126  133  137  135  126  135  136  131  115  134  132  122  123  123  135  136  136  146  154  131  148  135   54
ch: 105  118  123  130  134  123  131  118  132  146  122  122  135  136  131  147  137  134  132  131  135  146  135  139  140  135  141  147  138  153  142  149   48
ch: 106  118  125  113  121  118  124  117  121  116  131  135  131  127  121  133  120  118  126  113  119  132  124  133  125  132  136  139  140  143  139  138   51
ch: 107  119  134  123  132  125  121  126  133  125  129  134  123  136  139  135  135  133  136  136  126  134  153  140  149  133  152  148  143  152  149  165   56
ch: 108  120  118  138  133  126  123  120  117  137  123  134  121  120  100  122  124  126  121  119  127  126  126  135  124  131  135  134  137  139  135  152   41
ch: 109  136  127  132  130  131  124  124  135  131  132  136  134  124  122  135  151  147  142  132  133  141  150  127  139  147  137  150  150  152  149  154   56
ch: 110  121  116  116  141  122  121  125  116  124  116  136  122  122  122  120  124  123  123  130  125  138  135  133  140  137  137  151  145  125  141  132   40
ch: 111  122  145  122  129  139  126  123  121  119  127  132  116  121  125  131  139  135  131  127  134  131  139  139  135  135  152  149  140  148  142  141   56
ch: 112  118  132  126  123  126  135  117  123  126  123  135  121  120  124  137  121  125  133  135  127  124  125  134  138  125  141  133  155  139  140  142   50
ch: 113  126  117  122  127  131  137  134  131  137  135  127  117  118  135  136  135  132  135  142  132  151  121  148  136  139  150  146  154  149  152  147   56
ch: 114  126  132  127  123  117  132  122  120  130  126  122  118  131  133  133  122  132  125  119  133  131  132  127  136  132  122  137  139  124  136  139   44
ch: 115  120  121  138  127  135  133  131  133  135  136  133  139  124  124  127  135  145  133  131  141  136  147  138  137  140  152  141  152  149  160  158   56
ch: 116  126  122  120  131  120  124  124  120  123  121  131  119  132  132  124  127  139  133  135  123  139  122  131  135  124  138  136  134  140  140  151   44
ch: 117  137  133  137  125  124  123  133  138  130  135  134  131  130  123  131  123  140  142  136  145  137  140  142  148  135  150  153  153  163  165  166   56
ch: 118  134  127  132  124  123  127  121  122  123  125  121  121  123  120  132  121  119  135  125  139  119  133  139  137  120  131  133  127  137  138  150   45
ch: 119  130  123  131  119  139  134  131  131  127  132  122  137  136  122  141  126  125  141  147  140  136  125  140  139  139  153  141  151  150  142  169   55
ch: 120  122  120  120  123  134  119  132  117  121  120  116  122  124  124  113  115  121  123  123  121  134  123  133  138  138  138  139  125  133  133  135   40
ch: 121  134  127  133  123  126  134  131  124  137  127  131  132  139  120  132  121  139  137  127  126  134  140  141  137  133  139  149  151  152  147  151   56
ch: 122  134  121  120  121  127  118  122  122  132  134  122  131  128  129  131  124  132  125  133  121  137  124  136  129  136  135  140  148  142  127  149   47
ch: 123  132  121  122  118  133  124  135  131  134  137  137  133  125  124  137  139  124  131  136  134  141  134  130  141  132  149  149  134  149  149  139   56
ch: 124  130  122  129   -1  122  120  122  121  121  121  109  120  124  123  121  114  122  134  120  130  134  120  155  135  125  132  151  137  139  139  133   35
ch: 125  134  120  117  135  125  123  132  136  131  133  134  133  130  138  132  134  138  136  140  135  140  138  127  135  143  147  137  152  148  149  149   56
ch: 126  110  130  133  131  121  125  126  117  117  120  120  117  118  122  124  132  121  110  122  135  124  136  131  127  132  137  133  134  139  139  150   37
ch: 127  134  125  134  132  124  125  138  119  138  126  132  136  120  124  132  121  137  126  135  137  126  134  135  150  130  151  149  139  158  161  150   35
