# ID XA-000-08-002-000-007-123-10
# Tag _trim_
# Date 240716_14:34:39
# Vref_p 55
# Vref_n 18
# Thr2_glb 37
# Vref_t 118
# Vref_t_range 1
# Pol 1
# ADC range 30-247
# FAST disc 30
ch:   0  140  127  126  133  126  137  110  132  121  117  126  114  119  107  118  126  118  114  121  119  115  111  133  117  123  116  118  122  123  121  121   12
ch:   1  135  132  126  136  131  126  122  136  121  134  121  113  118  120  123  124  118  117  119  125  120  125  122  118  123  117  125  119  137  136  119   18
ch:   2  136  131  136  133  137  137  131  125  122  131  121  126  139  117  120  123  123  125  131  131  123  141  126  133  141  124  135  137  132  136  137   -1
ch:   3  138  126  130  126  125  121  124  123  129  122  122  130  129  124  124  118  130  133  124  118  122  133  122  131  123  137  119  122  119  130  122   10
ch:   4  133  147  135  134  134  134  138  135  126  123  125  134  129  125  118  117  106  124  119  125  122  120  131  134  119  125  129  125  131  130  142   15
ch:   5  135  125  133  124  134  113  123  123  126  134  123  120  123  120  124  123  122  119  124  118  123  119  131  114  126  136  121  124  138  146  134   22
ch:   6  134  133  133  123  125  134  133  122  121  136  123  124  134  125  123  131  137  121  120  130  120  120  126  123  121  135  125  135  138  126  134    8
ch:   7  140  121  133  126  130  133  124  137  134  132  125  122  130  131  125  120  125  117  123  120  123  126  123  125  132  123  116  122  122  120  130   21
ch:   8  132  126  129  132  132  137  132  136  136  123  130  122  126  133  123  123  125  117  135  126  135  117  121  125  133  121  138  133  137  133  132   14
ch:   9  134  130  131  131  131  133  124  123  139  118  130  122  120  125  121  118  121  119  121  121  121  124  124  123  123  116  126  127  122  132  130   22
ch:  10  136  141  134  123  140  136  121  124  127  138  123  122  123  118  127  122  117  132  129  120  124  132  135  122  125  123  132  131  130  138  133   10
ch:  11  136  134  133  137  130  136  122  120  132  127  127  133  120  132  125  131  130  127  124  119  118  116  123  123  122  134  131  130  138  127  135   18
ch:  12  133  135  137  131  120  123  133  134  124  136  127  126  140  122  131  123  136  130  132  122  125  122  127  122  137  132  125  134  127  134  147   18
ch:  13  140  127  128  133  127  133  126  120  132  119  123  139  126  141  131  129  124  126  118  132  123  120  123  126  129  130  121  120  132  133  140   21
ch:  14  135  134  123  139  145  124  132  136  116  118  123  137  126  124  128  119  124  132  129  110  115  122  117  125  121  132  132  120  132  130  139   18
ch:  15  133  134  131  121  111  133  135  131  132  132  125  119  132  117  121  121  132  126  132  120  123  124  136  126  134  136  133  136  131  137  134   12
ch:  16  140  142  135  133  125  124  133  123  137  118  124  139  131  126  129  121  126  127  136  135  120  133  126  126  131  124  132  133  131  134  138   20
ch:  17  138  126  118  132  135  136  134  125  115  126  138  117  122  120  118  125  121  130  109  116  124  132  117  119  137  134  124  125  124  133  148   15
ch:  18  127  139  123  139  133  140  135  133  135  134  131  125  132  121  125  122  123  117  134  126  122  120  118  115  129  126  120  132  121  127  137   20
ch:  19  140  120  142  134  131  122  130  129  120  130  119  120  124  136  123  125  136  116  125  120  131  118  123  124  126  125  127  134  131  119  136   24
ch:  20  142  135  132  139  132  135  123  134  140  136  130  125  124  127  125  122  131  121  125  118  132  118  134  122  135  129  126  121  130  129  134   20
ch:  21  136  125  133  136  119  132  121  134  122  122  133  121  130  134  117  133  120  135  110  125  126  124  125  117  124  133  122  148  127  137  134   18
ch:  22  140  142  127  138  137  131  126  123  130  123  124  133  137  131  124  123  125  118  119  133  135  132  131  121  115  131  142  123  121  150  127   19
ch:  23  137  146  137  137  130  118  134  125  125  130  137  134  139  135  125  133  121  122  123  123  131  121  123  123  130  133  106  131  137  135  127   24
ch:  24  127  126  126  125  120  133  126  134  133  133  136  122   -1  123  131  131  124  131  122  125  124   -1  124  123  133  130  127  126  130  132  124   16
ch:  25  130  133  131  133  126  139  139  130  134  136  122  134  126  123  129  123  133  127  125  133  125  121  122  130  125  125  125  135  125  134  138   19
ch:  26  136  132  135  145  136  140  132  131  138  127  127  124  121  122  123  130  110  134  125  133  121  126  125  119  118  130  133  124  141  132  135   14
ch:  27  142  136  127  136  129  117  127  125  136  131  127  123  134  123  140  121  124  131  122  115  117  120  126  121  121  128  131  135  133  140  140   23
ch:  28  142  132  127  127  126  122  124  136  124  133  127  138  134  126  124  130  130  124  122  124  126  135  130  130  124  141  137  125  130  136  132   18
ch:  29  142  130  125  123  126  132  132  122  117  124  126  125  129  118  124  121  122  127  119  114  126  119  121  123  120  124  123  118  131  124  129   28
ch:  30  135  134  124  122  135  130  148  130  137  133  126  125  133  122  119  125  124  120  118  124  132  123  130  120  133  135  123  119  133  126  133   29
ch:  31  130  156  125  134  132  131  134  139  125  122  134  137  123  125  125  118  120  122  131  118  119  132  125  118  127  133  139  125  132  130  138   20
ch:  32  136  130  134  133  124  127  123  137  138  121  127  133  138  133  123  131  147  127  134  126  125  123  123  130  124  132  124  116  126  134  136   32
ch:  33  124  134  133  137  122  119  119  124  125  122  124  131  133  124  127  117  129  132  119  120  125  125  130  135  135  118  126  124  133  133  133   26
ch:  34  135  136  137  137  135  126  121  130  127  125  111  138  121  125  121  121  135  137  131  123   -1  120  125  121  134  118  123  134  125  130  139   26
ch:  35  131  134  130  130  125  131  136  136  135  119  134  130  124  120  131  130  123  130  124  133  125  130  123  126  126  129  126  140  130  135  146   28
ch:  36  135  136  137  129  132  134  126  120  138  130  124  124  120  137  124  130  123  125  120  125  130  135  119  132  133   -1  126  127  131  138  135   26
ch:  37  132  135  135  134  124  115  126  132  135  125  119  133  124  124  137  118  117  120  120  134  130  131  124  131  125  134  127  131  133  135  151   35
ch:  38  138  134  133  132  139  137  124  133  131  125  134  121  124  124  134  120  135  120  121  121  123  125  125  134  126  123  120  125  134  135  140   32
ch:  39  136  130  136  139  124  131  132  131  127  134  129  130  129  119  134  131  135  119  120  122  122  126  135  132  131  142  137  131  148  131  150   31
ch:  40  135  140  140  135  123  123  117  132  130  124  131  137  132  132  135  132  125  121  132  120  123  132  125  125  118  110  133  130  132  126  136   25
ch:  41  141  140  136  139  130  133  124  119  135  126  126  115  123  122  118  124  123  120  133  121  119  125  133  132  125  136  130  121  136  133  141   31
ch:  42  142  124  136  136  126  121  133  125  135  126  133  127  126  127  122  133  132  123  130  125  135  118  119  126  130  124  126  133  139  136  141   29
ch:  43  122  124  153  116  135  116  119  123  135  121  124  137  122  131  115  126  124  132  125  123  131  124  135  132  134  118  119  122  124  132  134   34
ch:  44  139  147  137  134  137  133  123  126  133  119  124  121  126  135  137  124  121  133  119  122  125  140  132  119  122  131  137  123  122  132  133   27
ch:  45  142  138  139  136  150  131  126  131  127  131  121  125  134  134  125  129  120  126  133  123  119  135  119  131  122  122  131  121  133  138  146   29
ch:  46  135  129  132  132  134  130  134   -1  136  123  139  128  126  125  126  126  137  128  119  124  118  131  130  122  123  139  122  135  133  138  141   25
ch:  47  127  123  137  124  134  134  129  125  135  125  133  122  123  120  124  125  126  124  123  133  130  121  126  121  124  131  125  118  123  136  142   26
ch:  48  137  133  131  134  136  135  127  124  136  135  131  121  125  136  130  131  116  126  124  119  126  125  126  131  127  125  131  142  132  127  139   26
ch:  49  123  140  127  124  136  134  132  136  121  130  132  126  124  132  133  122  117  126  122  132  129  122  130  120  123  129  127  121  133  140  129   31
ch:  50  138  137  136  139  136  133  126  130  131  131  123  133  126  125  126  125  119  124  126  133  122  123  125  119  122  117  139  122  124  138  135   34
ch:  51  133  127  133  132  132  135  122  113  130  124  134  118  120  121  116  124  134  122  121  134  115  117  123  116  122  123  123  126  124  131  134   34
ch:  52  136  137  122  137  134  124  136  130  124  123  133  126  120  134  117  121  118  126  117  121  122  121  126  127  126  132  123  129  129  136  136   27
ch:  53  131  135  126  135  122  134  131  124  132  116  123  121  136  123  132  125  115  116  117  120  123  122  118  121  126  134  125  123  132  134  133   30
ch:  54  152  131  143  136  135  135  123  138  123  126  136  124  132  130  132  135  125  123  136  116  119  129  136  133  130  123  123  125  133  132  132   40
ch:  55  132  126  134  121  124  145  138  127  128  123  133  124  115  120  133  130  136  134  123  124  120  134  126  132  119  130  138  126  138  136  136   30
ch:  56  134  126  132  137  119  131  134  130  136  130  134  130  123  130  120  125  130  137  123  111  120  137  136  121  127  134  124  132  126  135  137   35
ch:  57  131  127  137  124  134  124  124  130  122  127  140  136  122  124  135  134  123  125  126  126  119  118  116  116  126  127  130  133  125  136  138   42
ch:  58  131  137  122  136  136  134  126  132  132  123  126  119  130  124  131  119  121  125  122  135  121  123  131  121  135  123  130  135  138  135  140   29
ch:  59  140  130  134  137  125  140  117  123  136  134  127  134  126  121  131  123  132  131  120  129  126  126  121  129  131  130  133  121  130  135  134   23
ch:  60  139  130  123  127  126  131  124  121  132  124  114  120  130  134  116  137  131  126  132  132  127  122  127  124  123  133  124  127  139  136  136   29
ch:  61  131  137  140  118  140  125  122  126  132  132  127  123  121  120  123  118  131  125  131  122  109  132  123  122  133  122  133  133  140  125  139   30
ch:  62  131  133  139  140  133  127  135  131  137  127  125  132  132  133  124  131  127  120  123  126  126  120  120  132  126  120  125  125  129  133  134   27
ch:  63  135  133  123  137  130  125  126  121  131  126  123  131  124  132  135  125  120  120  126  130  122  123  119  125  130  123  126  132  127  137  137   35
ch:  64  126  136  134  142  125  131  133  131  131  131  135  123  135  129  137  120  122  124  131  125  124  125  123  123  124  118  135  126  127  138  132   29
ch:  65  127  126  136  119  123  137  125  127  122  116  117  134  133  126  137  117  120  124  131  129  118  130  127  132  131  127  134  133  123  130  122   29
ch:  66  134  130  133  132  124  137  134  125  123  124  135  126  132  134  121  117  120  123  121  121  125  132  133  132  126  129  124  149  131  137  137   36
ch:  67  147  139  137  132  127  133  126  137  137  123  132  125  134  123  121  136  120  122  120  122  121  124  133  119  136  127  119  124  138  126  132   26
ch:  68  134  135  136  123  138  141  123  132  121  126  131  125  137  139  120  119  135  132  133  125  127  122  124  120  121  134  137  124  132  135  138   26
ch:  69  128  131  137  132  137  131  125  132  134  118  128  139  122   -1  124  120  135  131  117  122  126  132  135  121  131  124  139  131  138  124  139   32
ch:  70  125  138  136  121  127  135  135  132  141  125  141  123  141  119  123  131  126  127  121  125  119  139  132  133  123  135  132  122  124  124  124   21
ch:  71  138  146  137  134  137  125  131  122  124  135  123  124  124  121  118  116  125  117  123  121  122  136  123  125  123  123  118  134  133  131  132   25
ch:  72  137  140  140  132  131  134  127  118  149  125  136  132  118  132  123  122  133  134  136  121  127  131  124  115  134  124  124  133  136  143  139   37
ch:  73  147  136  129  134  147  125  136  138  124  122  133  131  124  126  123  126  117  123  125  122  133  117  123  134  123  125  114  131  133  133  140   31
ch:  74  148  141  140  133  134  138  125  132  132  130  130  135  117  134  131  138  116  116  142  127  123  125  134  125  134  135  125  130  120  135  139   22
ch:  75  136  147  122  123  140  133  138  136  136  119  139  108  130  134  110  123  133  132  132  124  118  120  121  123  118  137  133  131  134  138  140   21
ch:  76  136  132  134  126  125  124  125  131  135  131  141  114  136  122  131  125  120  127  115  131  134  132  137  137  133  117  131  125  133  131  144   24
ch:  77  135  131  135  130  135  131  126  122  135  132  126  131  136  124  121  131  125  126  116  130  125  125  121  124  124  135  127  126  126  122  146   30
ch:  78  146  133  130  136  138  146  136  123  132  131  132  131  139  123  124  122  119  117  117  132  117  134  121  124  137  134  124  136  141  139  135   28
ch:  79  142  137  137  130  121  138  124  134  122  129  126  134  125  127  132  119  126  132  125  116  117  130  117  126  124  130  135  134  133  133  147   34
ch:  80  132  148  145  137  123  139  136  130  133  134  135  125  132  133  122  134  120  120  133  133  137  133  142  137  125  135  132  137  147  133  123   40
ch:  81  136  136  132  132  139  131  136  126  119  134  125  133  125  136  126  127  131  122  125  122  129  135  123  135  127  137  132  135  148  148  142   23
ch:  82  138  147  126  130  131  126  132  123  131  136  125  124  131  127  130  131  134  123  131  134  124  119  134  126  117  126  132  133  133  141  147   23
ch:  83  134  131  139  137  121  120  126  123  124  131  125  133  131  140  127  131  132  123  127  123  124  117  134  137  121  135  125  134  121  147  148   28
ch:  84  127  132  136  134  137  132  126  135  134  124  138  132  122  129  132  131  125  132  126  126  122  131  126  123  124  131  136  136  134  124  136   28
ch:  85  139  139  136  131  122  140  136  135  137  122  119  130  124  126  121  127  124  135  119  130  122  138  125  123  120  131  123  140  126  133  135   24
ch:  86  143  133  134  131  134  132  138  123  133  124  138  130  134  126  125  136  120  118  118  123  130  124  137  135  125  140  137  133  136  134  137   38
ch:  87  140  134  129  136  134  126  120  129  132  132  125  131  131  135  141  127  123  124  125  125  125  132  123  131  134  132  137  122  141  134  137   23
ch:  88  136  139  137  137  137  137  148  134  119  133  133  120  134  122  131  134  127  134  121  132  120  138  123  131  133  133  123  132  134  141  133   35
ch:  89  127  136  121  137  121  138  126  142  137  123  126  131  126  127  121  131  123  121  127  122  134  124   -1  134  125  134  137  138  125  139  132   21
ch:  90  141  134  145  132  132  135  125  137  132  135  134  134  135  123  138  124  120  123  122  127  119  113  137  134  136  133  125  137  134  140  132   24
ch:  91  131  137  143  133  141  134  126  136  132  133  124  125  139  124  124  130  127  135  137  132  119  136  124  124  119  135  131  134  148  141  143   24
ch:  92  150  133  140  137  136  135  136  136  131  123  119  136  124  125  133  135  126  124  122  121  126  132  124  124  119  124  138  123  136  139  139   24
ch:  93  136  137  135  132  136  135  120  132  126  124  134  136  126  138  132  111  132  131  120  127  137  130  134  122  135  126  136  137  137  138  140   19
ch:  94  124  147  147  122  136  131  131  125  138  131  125  122  132  135  133  136  133  132  131  136  132  126  130  135  130  132  133  120  137  140  141   33
ch:  95  136  120  134  137  138  138  141  121  131  129  124  138  126  135  135  120  128  131  137  122  122  136  125  129  129  137  131  134  130  136  148   29
ch:  96  135  150  134  138  135  134  132  122  131  132  124  133  132  126  121  123  124  135  117  134  135  121  126  132  122  147  148  126  139  134  146   17
ch:  97  127  138  138  126  124  129  136  132  130  116  120  131  135  117  119  130  130  126  131  120  130  121  133  126  121  122  127  134  134  140  139   26
ch:  98  141  131  143  124  135  131  135  133  130  136  125  124  137  137  124  126  121  121  130  131  143  123  137  119  126  123  122  135  130  138  140   26
ch:  99  146  137  135  131  132  132  137  127  136  136  127  135  132  131  129  123  134  120  130  130  120  133  135  126  139  129  136  135  134  136  131   13
ch: 100  131  136  134  141  142  126  130  131  141  122  126  125  133  130  131  120  137  136  138  131  122  121  133  148  133  141  126  130  138  139  142   16
ch: 101  138  133  136  132  121  137  149  126  132  132  140  123  137  134  125  124  137  124  122  121  124  136  133  135  126  137  124  146  141  138  139   31
ch: 102  136  148  130  134  131  123  137  134  121  130  138  133  126  131  133  134  137  145  121  126  126  122  126  131  133  127  127  140  138  143  148   25
ch: 103  133  136  150  141  136  135  132  124  127  125  132  124  119  123  138  134  125  124  122  117  138  132  121  131  136  131  130  134  132  151  139   24
ch: 104  136  136  135  134  136  133  136  121  135  120  141  121  124  129  124  134  137  119  125  135  124  126  131  140  132  133  133  133  132  147  134   18
ch: 105  131  133  127  129  134  136  142  129  131  137  131  120  126  136  124  133  127  125  131  124  135  138  124  131  123  133  130  141  126  140  131   24
ch: 106  134  135  141  122  122  132  126  121  131  123  130  130  127  125  124  130  133  134  123  125  123  132  137  123  138  121  126  131  139  148  141   17
ch: 107  126  126  138  133  141  135  126  146  125  138  138  127  133  136  136  133  135  119  131  122  125  132  133  120  135  138  110  135  140  141  132   20
ch: 108  136  136  148  127  125  137  125  137  136  135  126  120  125  130  132  142  120  126  120  135  133  131  125  135  127  129  135  130  139  139  132   10
ch: 109  139  138  123  123  132  141  138  139  125  133  130  130  125  131  126  133  133  123  125  128  123  135  123  130  149  134  140  133  135  140  148   19
ch: 110  137  150  142  124  135  133  143  137  126  137  126  135  126  136  130  126  132  123  132  145  124  132  136  124  134  135  135  139  134  124  142   22
ch: 111  126  140  134  135  134  122  146  136  126  122  125  126  132  133  131  122  131  120  125  127  118  125  132  133  136  135  140  135  132  138  135   28
ch: 112  132  134  146  136  126  137  130  130  134  132  132  133  147  121  123  132  132  117  134  131  134  130  133  143  140  134  138  131  136  138  145   19
ch: 113  139  133  134  130  136  131  132  131  124  131  135  130  131  132  119  130  124  136  125  124  134  124  136  137  135  132  130  142  134  141  130   20
ch: 114  133  139  132  130  136  132  137  121  130  137  120  131  138  140  122  139  123  130  139  132  133  125  132  122  134  130  122  133  149  148  145   14
ch: 115  122  140  136  134  134  134  132  132  133  124  124  133  123  131  146  121  130  135  132  124  119  138  132  137  139  138  137  145  134  140  143   21
ch: 116  129  138  126  136  136  136  136  135  130  130  116  124  129  127  126  132  129  132  118  129  123  133  124  125  121  133  138  136  134  135  135   19
ch: 117  141  138  131  137  133  136  132  135  137  134  125  126  126  137  132  124  137  132  134  126  118  116  134  123  125  137  131  132  137  126  133   25
ch: 118  139  135  150  139  139  126  134  133  134  132  123  133  131  123  133  124  120  124  123  121  126  120  132  126  126  124  140  136  132  140  137   14
ch: 119  136  136  139  130  132  134  130  133  134  134  137  124  126  148  123  129  120  123  135  133  133  135  130  129  132  133  127  137  138  140  137   23
ch: 120  136  123  136  149  122  134  137  136  121  130  134  121  132  131  132  130  140  123  132  127  123  131  134  130  125  132  120  130  134  125  150   14
ch: 121  137  135  133  136  118  140  135  124  139  137  126  123  120  130  123  129  135  138  125  134  123  126  137  119  136  130  131  126  145  133  127   29
ch: 122  127  134  137  134  133  129  121  124  122  137  123  133  124  127  124  134  122  121  137  131  131  120  120  121  131  124  137  139  134  135  130   10
ch: 123  134  148  135  138  140  135  134  123  122  138  132  138  123  126  132  129  130  125  133  135  134  125  130  142  131  136  132  139  141  140  152   33
ch: 124  131  150  136  135  141  138  135  132  150  125  127  134  125  121  130  136  115  132  134  138  122  122  126  133  123  129  133  132  124  133  137   -1
ch: 125  134  141  137  126  131  131  135  134  134  132  141  137  136  135  130  132  133  135  130  131  132  122  131  133  133  133  131  135  131  138  142   26
ch: 126  130  133  126  140  148  136  134  151  133  132  136  124  122  124  136  137  135  126  123  134  119  131  132  133  125  137  139  136  136  140  136    1
ch: 127  137  137  124  132  135  139  124  124  136  125  132  115  134  116  122  136  120  119  116  118  118  132  126  121  124  124  133  129  127  136  135   32
