ch    0:      0     0     0     0     0     0     0     0     0     0     0     0     0     0     0     0     0     0     0     1     3     7    60   364  1811  9393  7524  7746 12187  9495  7265  1027
ch    1:      0     0     0     0     0     0     0     0     0     0     0     0     0     0     0     0     0     0     0     0     3    26   140   694  5086 13864 11756 11815  8759 13009 14679 13223
ch    2:      0     0     0     0     0     0     0     0     0     0     0     0     0     0     0     0     0     0     0     0     0     9   197   905  6317  9944 12650 14903  8891  5960 10080  9598
ch    3:      0     0     0     0     0     0     0     0     0     0     0     0     0     0     0     0     0     0     0     0     1    59   335  1881 11741 10461  8299 12727  4737 11382 13865  8896
ch    4:      0     0     0     0     0     0     0     0     0     0     0     0     0     0     0     0     0     0     0     1     3    46   423  1704 11568  7243 12744 15180  7776 14546  7558 17925
ch    5:      0     0     0     0     0     0     0     0     0     0     0     0     0     0     0     0     0     0     1     1     7    82   599  3130 15859 11880 10018  9663  9212  8892  6271  8027
ch    6:      0     0     0     0     0     0     0     0     0     0     0     0     0     0     0     0     0     0     0     0     1    31   478  2921 14955 16690  9498  9158 15984  6816 12329  1702
ch    7:      0     0     0     0     0     0     0     0     0     0     0     0     0     0     0     0     0     0     0     1    11   111   718  3526 16920  7305 12862  9876 12214 10109  5366  8044
ch    8:      0     0     0     0     0     0     0     0     0     0     0     0     0     0     0     0     0     0     0     3    13    74   697  3592 14469 12639  9673 13412  7687  6305  7776  8525
ch    9:      0     0     0     0     0     0     0     0     0     0     0     0     0     0     0     0     0     0     0     1    10   150   717  4772  5948  4844 12814  7396 11750  9410  9321  8531
ch   10:      0     0     0     0     0     0     0     0     0     0     0     0     0     0     0     0     0     0     0     1    11   130   651  4653  6933  4458 11861 13086 10350  6786  9886  4372
ch   11:      0     0     0     0     0     0     0     0     0     0     0     0     0     0     0     0     0     0     0     1    33   212  1041  7378 10774 15952 11004 10155  9694 12710 13436 16345
ch   12:      0     0     0     0     0     0     0     0     0     0     0     0     0     0     0     0     0     0     0     1    19   165  1133  6431  8917  7368 11747 10962 12093 11032 11862 13490
ch   13:      0     0     0     0     0     0     0     0     0     0     0     0     0     0     0     0     0     0     0     3    23   248  2301  7331 11406 10083  9248  9720 11006  9691 11764  6767
ch   14:      0     0     0     0     0     0     0     0     0     0     0     0     0     0     0     0     0     0     0     4    14   194  1308  7929  7276 11449 12861 12224  9166 12399 12930 11451
ch   15:      0     0     0     0     0     0     0     0     0     0     0     0     0     0     0     0     0     0     1     5    33   274  1605  9777  4074  8192 13555  8504 17431  7134 11676  7310
ch   16:      0     0     0     0     0     0     0     0     0     0     0     0     0     0     0     0     0     0     0     4    15   210  1153  8720 16362 14087  9942 11903  9864 12164 11037  6092
ch   17:      0     0     0     0     0     0     0     0     0     0     0     0     0     0     0     0     0     0     2     5    38   288  2469 11892  9428 10203 14497 11368 11421 11356 10168  5884
ch   18:      0     0     0     0     0     0     0     0     0     0     0     0     0     0     0     0     0     0     1     1    20   214  1320  6319 15521 12436 12114  7514  8724 14317 11807  7032
ch   19:      0     0     0     0     0     0     0     0     0     0     0     0     0     0     0     0     0     0     0     2    44   298  2032 12438  9498 13006  9016  7598  7864 15465 10450  9005
ch   20:      0     0     0     0     0     0     0     0     0     0     0     0     0     0     0     0     0     0     0     2    30   289  2017 11937  5791  9995 10382  8350  9529 11523  8625 14449
ch   21:      0     0     0     0     0     0     0     0     0     0     0     0     0     0     0     0     0     0     0     8    63   358  2260 11313  5935  6543 10006  9037 10482  6552 11908 12845
ch   22:      0     0     0     0     0     0     0     0     0     0     0     0     0     0     0     0     0     0     0     6    35   339  2068 11122 10794 10399  7734  8478 13714 14333 11643 14220
ch   23:      0     0     0     0     0     0     0     0     0     0     0     0     0     0     0     0     0     0     2    11    67   450  3836 10383  8524 12454 13726 11596  6254  9253 10887 11113
ch   24:      0     0     0     0     0     0     0     0     0     0     0     0     0     0     0     0     0     0     0     4    51   360  1741 12603  6364  4005  6374  8150 11535 10442 10455 18853
ch   25:      0     0     0     0     0     0     0     0     0     0     0     0     0     0     0     0     0     0     1     6    40   333  3060 15862  5625  7872 10524 11932 11680  7344 15674 13947
ch   26:      0     0     0     0     0     0     0     0     0     0     0     0     0     0     0     0     0     0     0     4    35   269  2226 11294  5362 14955 11666  9733  6013  6241  9623  4751
ch   27:      0     0     0     0     0     0     0     0     0     0     0     0     0     0     0     0     0     0     0    10    67   752  4357 14587  6699 13382  9056  3896 12681  4130 11240 13420
ch   28:      0     0     0     0     0     0     0     0     0     0     0     0     0     0     0     0     0     0     1     2    30   300  2908 14368 11198 12704  9391  8627  6275 10283 15575   827
ch   29:      0     0     0     0     0     0     0     0     0     0     0     0     0     0     0     0     0     0     2     4    63   472  3250 15962 11336 12970 10873 16390 11488 11109  8917 10980
ch   30:      0     0     0     0     0     0     0     0     0     0     0     0     0     0     0     0     0     0     1     3    34   298  2691 12824  9894 11077 11536 11906  9541 13446 11202  8524
ch   31:      0     0     0     0     0     0     0     0     0     0     0     0     0     0     0     0     0     0     0     9    91   566  4175 12206 13695  9902  5617  7684  7590  7423  5286 10870
ch   32:      0     0     0     0     0     0     0     0     0     0     0     0     0     0     0     0     0     0     2    10    77   494  3538 14116 11582 11535 12580  9433  6935  9315 10080 16702
ch   33:      0     0     0     0     0     0     0     0     0     0     0     0     0     0     0     0     0     2     2    10    86   595  4510 14310 10225  8170 12996 11596 11574  7920  9467 10622
ch   34:      0     0     0     0     0     0     0     0     0     0     0     0     0     0     0     0     0     0     0     4    47   394  2814 11443 12286  7104 10067 11729 12502  9331  9145 14456
ch   35:      0     0     0     0     0     0     0     0     0     0     0     0     0     0     0     0     0     0     3     9   136  1103  4272  7450  6746 13413 11176 11346  9933 14140  6900  7774
ch   36:      0     0     0     0     0     0     0     0     0     0     0     0     0     0     0     0     0     0     1     6    69   665  2779 12581  9535 14559  8485  8974  8337 14095 13594 14138
ch   37:      0     0     0     0     0     0     0     0     0     0     0     0     0     0     0     0     0     0     0     5   116  1035  5494  7608 16196 12116 13105  4746 12052  4276 12352 10271
ch   38:      0     0     0     0     0     0     0     0     0     0     0     0     0     0     0     0     0     0     0     5    84   414  3714 12060 12974 10242 14008 14484 11307 13067 14330  7976
ch   39:      0     0     0     0     0     0     0     0     0     0     0     0     0     0     0     0     0     1     2    14   136   999  7279  8716  5739 11161  6218 14954 13478  5922  8468 12754
ch   40:      0     0     0     0     0     0     0     0     0     0     0     0     0     0     0     0     0     0     1    15    82   762  4498 11364 16005 10764  9197 12458 12169 10832  9047  9459
ch   41:      0     0     0     0     0     0     0     0     0     0     0     0     0     0     0     0     0     0     2    10    94   864  4741 10165  3360  5117  6930 12012  9397  4684 13034  4492
ch   42:      0     0     0     0     0     0     0     0     0     0     0     0     0     0     0     0     0     0     0     2    82   499  4489  4172 12360 11518 11421 10762 12050 17424 10642  9585
ch   43:      0     0     0     0     0     0     0     0     0     0     0     0     0     0     0     0     0     0     1    16   108   874  5539  8828  8689 10226  8606  8912  6013 13437 10891  9570
ch   44:      0     0     0     0     0     0     0     0     0     0     0     0     0     0     0     0     0     0     0    12   135   711  4997  9154  4714 11776  9827  8485 11870  8096  6161  9424
ch   45:      0     0     0     0     0     0     0     0     0     0     0     0     0     0     0     0     0     0     3    15   159   973  5533  8886  9504 12243  9942  9634  8821  9211  7124  8104
ch   46:      0     0     0     0     0     0     0     0     0     0     0     0     0     0     0     0     0     0     2     8    78   616  5681  6559  6413 10993  9447  9017 10423 10947 11844 14031
ch   47:      0     0     0     0     0     0     0     0     0     0     0     0     0     0     0     0     0     0     1    13   143  1141  6808  5949 12631 13096 11778 12733  5123 15549  8845  7066
ch   48:      0     0     0     0     0     0     0     0     0     0     0     0     0     0     0     0     0     0     1     7    66   547  3873  4828  9148 10698 13911  8370  8517  8812  7518 10669
ch   49:      0     0     0     0     0     0     0     0     0     0     0     0     0     0     0     0     0     0     1    13   111   810  6446  6526 10540 12447 12122  9268  9498  8800  9808 14436
ch   50:      0     0     0     0     0     0     0     0     0     0     0     0     0     0     0     0     0     0     1     2    83   608  3998  7688  4616 11583 11152  9995  9856  6692  8766  7843
ch   51:      0     0     0     0     0     0     0     0     0     0     0     0     0     0     0     0     0     1     4    18   156   923  7824 15755 16101  6534  9571 13834  5228  8270 13285  7461
ch   52:      0     0     0     0     0     0     0     0     0     0     0     0     0     0     0     0     0     0     0    12    79   844  5351  7683 18076  6598  8972  7837  8711  8511  8567 14455
ch   53:      0     0     0     0     0     0     0     0     0     0     0     0     0     0     0     0     0     0     0    10   121  1489  7868  9259  9018  9000 10591  7329  4041 10428 11918  7977
ch   54:      0     0     0     0     0     0     0     0     0     0     0     0     0     0     0     0     0     0     0     9   100   594  3802 13855  8194  7567  8773  7812  9877  9833 12515 18636
ch   55:      0     0     0     0     0     0     0     0     0     0     0     0     0     0     0     0     0     1     7    25   260  1392 10356 10134 12391  7478 13881  6756 10098  8530 10413  3784
ch   56:      0     0     0     0     0     0     0     0     0     0     0     0     0     0     0     0     0     0     1    11    80   806  9567  6865 11514  9083 11803 11777 10841  9747  9176 13072
ch   57:      0     0     0     0     0     0     0     0     0     0     0     0     0     0     0     0     0     0     2    17   176   977  9611 13897 13078 13285  8102  8598 13334 12928  6526  8173
ch   58:      0     0     0     0     0     0     0     0     0     0     0     0     0     0     0     0     0     0     1     5   113   825  7331  7868  8786  9306 11003  6783  7893 11759  9242 15123
ch   59:      0     0     0     0     0     0     0     0     0     0     0     0     0     0     0     0     0     0     3    14   179  1732  9283 13597  7446  9267 11666 13864 11994  9727 13289 13859
ch   60:      0     0     0     0     0     0     0     0     0     0     0     0     0     0     0     0     0     1     2    10   142   741  7283  6558  8987 10921  8244 11169 11987  9428  9672 11261
ch   61:      0     0     0     0     0     0     0     0     0     0     0     0     0     0     0     0     0     0     2    29   192  1493  8114  7938  6072  8699  9852  8693 13061  7899 15616  3779
ch   62:      0     0     0     0     0     0     0     0     0     0     0     0     0     0     0     0     0     0     1     5   134   767  6158 11647  8812 13188 17047  6538  9745 12632  7811  7970
ch   63:      0     0     0     0     0     0     0     0     0     0     0     0     0     0     0     0     0     0     4    36   324  1829 12058  7698 10516  9441  8997  9206 10252  5018  9040 14008
ch   64:      0     0     0     0     0     0     0     0     0     0     0     0     0     0     0     0     0     0     2    10   158   979  9655 13822  7946 11038 10117  7632  9772  8088 13155  6365
ch   65:      0     0     0     0     0     0     0     0     0     0     0     0     0     0     0     0     0     0     3    28   184  1898 10932  4319 11977 10773 10331 13894 11133 12619 10659  8188
ch   66:      0     0     0     0     0     0     0     0     0     0     0     0     0     0     0     0     0     0     0     9   130  1238  6209 17998 10157 11282 10516 10371 13669 14490 11573 13829
ch   67:      0     0     0     0     0     0     0     0     0     0     0     0     0     0     0     0     0     0     2    26   213  1531 11678  4348 10889 14614 11902 11082 13352 10260  8048 14509
ch   68:      0     0     0     0     0     0     0     0     0     0     0     0     0     0     0     0     0     0     3    12   115  1375  6281 11342  7614  7788  7151 10978 13174 15413 10007  9596
ch   69:      0     0     0     0     0     0     0     0     0     0     0     0     0     0     0     0     0     0     7    48   333  2586  9491  4626  9012 11559 13330 11641 13493 11648 10194 17611
ch   70:      0     0     0     0     0     0     0     0     0     0     0     0     0     0     0     0     0     0     2    17   135   861  6547 16016 12188 12688 15850  8576  9571  8740 10785  5444
ch   71:      0     0     0     0     0     0     0     0     0     0     0     0     0     0     0     0     0     0     5    33   308  1647 12134  7349 10892 10378  8919  4368 11525  9765 10003 12279
ch   72:      0     0     0     0     0     0     0     0     0     0     0     0     0     0     0     0     0     1     2    21   177   941  8169  6136 11285  7217  9041  9962 11320  9337 12885  6904
ch   73:      0     0     0     0     0     0     0     0     0     0     0     0     0     0     0     0     0     1     5    29   313  1780 12832 14333  6988  5232  7397 12124 12591  4617  9599  7107
ch   74:      0     0     0     0     0     0     0     0     0     0     0     0     0     0     0     0     0     0     3    18   167  1211 10973 13079 10497 11308  4700 12770 10255  9203  9889  4577
ch   75:      0     0     0     0     0     0     0     0     0     0     0     0     0     0     0     0     0     0     1    36   262  1561 12119 10495  9263 10856 12631 14463 12034 12149 13596  7159
ch   76:      0     0     0     0     0     0     0     0     0     0     0     0     0     0     0     0     0     1     1    25   195  1329  7351  7953 10724  5891 10364  8713 11649  9108  9536  8848
ch   77:      0     0     0     0     0     0     0     0     0     0     0     0     0     0     0     0     0     0     1    39   284  1808 13175  6445  7315 16470 13073 12080  7864  8157  8517 13776
ch   78:      0     0     0     0     0     0     0     0     0     0     0     0     0     0     0     0     0     0     2    16   159  1293 11311  5642 13055 11575  9852  5835 11536 13204 12765 10922
ch   79:      0     0     0     0     0     0     0     0     0     0     0     0     0     0     0     0     0     0     7    48   313  2295 11874 11652 12642 12664  9346  9701 11491 13421  5849  9212
ch   80:      0     0     0     0     0     0     0     0     0     0     0     0     0     0     0     0     0     0     2    20   164  1071 13232 12581  8858 10401  3021  7730  8668 10860 12226 13745
ch   81:      0     0     0     0     0     0     0     0     0     0     0     0     0     0     0     0     0     0     2    32   276  1881 11294 14331 11185 11794  6669 11034  9106 11847 11641 11305
ch   82:      0     0     0     0     0     0     0     0     0     0     0     0     0     0     0     0     0     0     0    23   131  1435  7491 13930 12722 10615 10122  9611 12915 10748 13255  7599
ch   83:      0     0     0     0     0     0     0     0     0     0     0     0     0     0     0     0     0     0     0    42   295  2255 13197  8414 11743  4606 12021  9337 12906 10239 10203 15861
ch   84:      0     0     0     0     0     0     0     0     0     0     0     0     0     0     0     0     0     0     2     8   194  1337  9095  9020  8192 10779  8695 11946 14002  8390  8020 14994
ch   85:      0     0     0     0     0     0     0     0     0     0     0     0     0     0     0     0     0     0     3    41   343  3134 13205  7038 12367 11715  8898 12046  9084 12683  7213  6993
ch   86:      0     0     0     0     0     0     0     0     0     0     0     0     0     0     0     0     0     0     0    10   165  1213  7888  8248 12753  9989  5741  7805 15672 11562  7256 11988
ch   87:      0     0     0     0     0     0     0     0     0     0     0     0     0     0     0     0     0     0     3    61   428  2714 11706  8475 10202 10149 10279  7040 11787  6593 10587 12209
ch   88:      0     0     0     0     0     0     0     0     0     0     0     0     0     0     0     0     0     0     4    34   292  1625 13907  7036  9592 13646 10548  9646 10944  7902  9274  4712
ch   89:      0     0     0     0     0     0     0     0     0     0     0     0     0     0     0     0     0     0     7    57   433  3287 16265  4265  7273 11539  6034  8467 11351 10955  4844  9003
ch   90:      0     0     0     0     0     0     0     0     0     0     0     0     0     0     0     0     0     0     0     6   139  1548 13299 12765 10433  6924  6597  9232 10236 10731  7935 12528
ch   91:      0     0     0     0     0     0     0     0     0     0     0     0     0     0     0     0     0     0     4    47   407  2450 10750 12532 11146  8195  7246 14900  5766  9710 11503  6449
ch   92:      0     0     0     0     0     0     0     0     0     0     0     0     0     0     0     0     0     0     0    14   178  1770  9918 12698  8109  7567  7603 11863 14180  9249 12532 10094
ch   93:      0     0     0     0     0     0     0     0     0     0     0     0     0     0     0     0     0     0     4    63   306  2816  9698  8798  9532  8581 12572  9710  9228 10050 12376  5191
ch   94:      0     0     0     0     0     0     0     0     0     0     0     0     0     0     0     0     0     1     3    17   162  1394 10384  8622  9562  8548  6514  6191  6491  7390  9880 11599
ch   95:      0     0     0     0     0     0     0     0     0     0     0     0     0     0     0     0     0     0     3    38   398  2569  9872  9681 10650 12658 10096 12043 10247 12932 13131 11232
ch   96:      0     0     0     0     0     0     0     0     0     0     0     0     0     0     0     0     0     0     0    28   274  1918 14134  7033  8051 11703  9347 12691 11635  6236 10552  9484
ch   97:      0     0     0     0     0     0     0     0     0     0     0     0     0     0     0     0     0     0     4    66   485  2605  8813 10199 11344  5412 18329 10064  9170 10356  9621 12944
ch   98:      0     0     0     0     0     0     0     0     0     0     0     0     0     0     0     0     0     0     4    34   231  1712 14581 12232 10154 10906 12307 13924 11894 14996 10375  6363
ch   99:      0     0     0     0     0     0     0     0     0     0     0     0     0     0     0     0     0     0     3    52   551  3095  8832  9318  9743  9160 13809 14557 13370  8906  5604  9282
ch  100:      0     0     0     0     0     0     0     0     0     0     0     0     0     0     0     0     0     0     6    28   221  1985 14941  6864  9614 13039 11408 12326  7260 10364 10607 10519
ch  101:      0     0     0     0     0     0     0     0     0     0     0     0     0     0     0     0     0     0     9    79   427  2670 10886  9491 10274  8567  5690 12948 12699 10292  9206  9767
ch  102:      0     0     0     0     0     0     0     0     0     0     0     0     0     0     0     0     0     0     2    25   211  1729 13387 12928 11336 10005 10418  8241  9669 11213 10921 10761
ch  103:      0     0     0     0     0     0     0     0     0     0     0     0     0     0     0     0     0     0     6    83   619  3108 13991  9941 10913  6759  6358 11989  9651  8706  9471  8995
ch  104:      0     0     0     0     0     0     0     0     0     0     0     0     0     0     0     0     0     0     4    41   369  2185 12258 14356  8761  9221 12123  9039  8003  6286 10920  7626
ch  105:      0     0     0     0     0     0     0     0     0     0     0     0     0     0     0     0     0     0     3    45   440  2713 13035 12946 11076 11908 12471 10304 12613  5199  9329 15925
ch  106:      0     0     0     0     0     0     0     0     0     0     0     0     0     0     0     0     0     0     5    20   182  2030 11947 11424 12821  9628  7415 12518 11329 13379  9680  4812
ch  107:      0     0     0     0     0     0     0     0     0     0     0     0     0     0     0     0     0     0     7    47   389  3187  8804  8748 11689  6328  8065 11748  9366 10125 13280 12122
ch  108:      0     0     0     0     0     0     0     0     0     0     0     0     0     0     0     0     0     0     0    18   294  2420 10820  6532 13706  5590  7418 10920  8734  9710 11376  8957
ch  109:      0     0     0     0     0     0     0     0     0     0     0     0     0     0     0     0     0     1    13    64   427  3408  9424  6648 11693 11925  9699  5881 11331 11124  9363  8118
ch  110:      0     0     0     0     0     0     0     0     0     0     0     0     0     0     0     0     0     0     0    14   174  1303 10128  8862  9574  7672 14009  8139 11103  3640  7780  6507
ch  111:      0     0     0     0     0     0     0     0     0     0     0     0     0     0     0     0     0     0     4    28   326  2498  7688 10829  9925 10558 11076 14831  4955 12086 11335 12145
ch  112:      0     0     0     0     0     0     0     0     0     0     0     0     0     0     0     0     0     0     1    28   254  2038 14903  8887  7623  8878  9700  8686 10656  9735  5784  7750
ch  113:      0     0     0     0     0     0     0     0     0     0     0     0     0     0     0     0     0     0     7    66   410  3712 14070  4708 13483  9378 14293 12480 10613 16410  6549 11664
ch  114:      0     0     0     0     0     0     0     0     0     0     0     0     0     0     0     0     0     0     4    29   230  1404 11682  4643  7291 13516  8415 11459 10384 14747  7148 11731
ch  115:      0     0     0     0     0     0     0     0     0     0     0     0     0     0     0     0     0     2     5    61   487  4520  9207  9922 12284  9038  7768  8997 10267  9439 12418 16134
ch  116:      0     0     0     0     0     0     0     0     0     0     0     0     0     0     0     0     0     0     3    27   225  1798  9487  6876 12083  6753 13527  8573  7743 10721  4683 15246
ch  117:      0     0     0     0     0     0     0     0     0     0     0     0     0     0     0     0     0     1     3    47   486  2436  9502  5279  7710  9205  4433  8428  7774 10859  7911  7578
ch  118:      0     0     0     0     0     0     0     0     0     0     0     0     0     0     0     0     0     0     1    11   247  1129  9589 15667  7303 13290 15933  7674  7523 12635 11581 10503
ch  119:      0     0     0     0     0     0     0     0     0     0     0     0     0     0     0     0     0     2     7    46   341  2818 11605  5622 10519  9813 11798  7843 12969 16396 12219  3842
ch  120:      0     0     0     0     0     0     0     0     0     0     0     0     0     0     0     0     0     0     4    29   206  1876 10014 10964  9395 13164 10576 13901 12567 11363 12870 12433
ch  121:      0     0     0     0     0     0     0     0     0     0     0     0     0     0     0     0     0     0     1    34   350  3794  9582  9719  4460  9735  6740 12665 10563  8577  6853 10495
ch  122:      0     0     0     0     0     0     0     0     0     0     0     0     0     0     0     0     0     1     2    21   187  1311  9809 13267 12949  9891 12610 10170  6134 10933 11456  5933
ch  123:      0     0     0     0     0     0     0     0     0     0     0     0     0     0     0     0     0     0     6    62   487  2788 11625  8881 10348 15041 11275  6354 10144 10349  7530 11134
ch  124:      0     0     0     0     0     0     0     0     0     0     0     0     0     0     0     0     0     0     1    20   138  1774 14271 10959  8700 12829 11105  6629 12409  7041  8301  8959
ch  125:      0     0     0     0     0     0     0     0     0     0     0     0     0     0     0     0     0     0     4    57   418  4184  9120 13133 11624  6136 13097 10705 10518  6832 12578 11010
ch  126:      0     0     0     0     0     0     0     0     0     0     0     0     0     0     0     0     0     0     3    19   182  2011 11198 10235  7956 10209 12578 10380 10192  8226  9404  7410
ch  127:      0     0     0     0     0     0     0     0     0     0     0     0     0     0     0     0     0     1     5    75   518  5612  7859  9689 12827  8527  9480 11948 10842 13841 13432  7013
