# ID XA-000-08-002-000-006-083-09
# Tag _trim_
# Date 240513_13:45:55
# Vref_p 56
# Vref_n 18
# Thr2_glb 68
# Vref_t 118
# Vref_t_range 1
# Pol 1
# ADC range 30-247
# FAST disc 30
ch:   0  131  139  132  132  130  131  118  126  126  123  132  135  118  123  129  137  125  123  126  121  134  134  136  135  135  139  139  130  138  139  145   -1
ch:   1  134  136  122  141  114  120  123  123  116  133  123  126  123  122  116  123  117  118  117  135  122  118  122  135  122  137  132  137  150  136  140    6
ch:   2  119  134  131  130  124  121  119  116  137  132  120  132  120  140  122  119  136  125  125  121  126  136  123  135  131  134  135  130  140  135  134   -1
ch:   3  135  140  130  120  134  141  123  124  122  137  119  120  132  125  133  124  121  127  133  123  117  129  125  125  140  123  138  140  137  139  147   12
ch:   4  137  138  124  126  117  132  127  130  121  130  122  117  126  132  123  136  129  125  116  121  124  121  123  132  131  133  135  120  140  134  146   12
ch:   5  131  126  136  126  121  134  124  125  116  134  122  122  133  119  124  123  118  116  124  117  131  135  131  139  121  130  136  124  134  132  134   15
ch:   6  126  133  130  120  132  134  116  121  118  125  124  126  118  121  117  123  132  135  119  121  130  122  123  121  122  129  130  132  132  139  140   15
ch:   7  120  116  118  123  111  131  123  124  131  120  125  121  134  117  131  121  132  141  137  121  125  134  126  138  127  117  119  131  125  132  136   24
ch:   8  122  122  134  137  121  133  133  136  120  134  131  131  115  121  132  134  135  123  135  124  132  125  129  122  131  123  132  136  134  135  150   26
ch:   9  132  121  125  131  133  126  126  116  131  133  132  122  119  133  121  130  125  121  122  133  124  123  133  124  122  135  131  132  139  137  149   33
ch:  10  123  134  125  131  123  134  120  124  132  147  124  124  127  125  110  121  121  134  133  133  124  132  124  133  126  137  141  139  136  137  137   38
ch:  11  124  124  119  133  130  125  123  126  133  137  127  124  123  136  127  132  134  123  120  131  116  124  126  137  127  134  136  135  139  131  141   43
ch:  12  131  135  131  125  132  134  125  129  135  111  132  123  129  125  130  129  133  121  132  137  130  131  131  134  123  127  137  133  143  143  138   50
ch:  13  122  126  134  134  133  122  122  131  121  121  137  131  119  123  124  125  120  123  122  120  133  118  122  133  124  131  132  122  133  139  146   56
ch:  14  125  124  133  125  121  130  124  119  121  122  125  120  120  132  124  133  132  119  118  119  123  141  139  136  126  143  138  134  138  146  141   50
ch:  15  134  119  130  115  131  134  132  127  123  130  124  130  118  131  118  123  117  123  118  119  125  127  136  132  140  135  124  137  149  146  140   56
ch:  16  117  122  120  131  131  131  132  124  130  126  134  129  124  132  125  132  119  125  129  123  131  126  134  132  135  136  133  131  125  136  140   56
ch:  17  122  118  125  114  119  120  119  116  110  103  116  108  118  110   -1  122  115  124  119  104  123  120  116  120  123  119  108  125  123  122  132   56
ch:  18  131  108  122  122  121  123  120  117  121  119  115  123  111  115  115  116  131  120  121  118  108  119  123  109  120  123  124  136  132  121  131   56
ch:  19  122  125  125  122  127  125  122  116  122  127  120  109  120  116  118  116  121  108  115  113  118  108  105  126  120  120  120  120  122  123  136   56
ch:  20  131  120  110  113  122  106  123  122  121  114  121  117  110  114  125  101  113  111  110  118  121  116  114  121  108  113  110  124  126  125  126   52
ch:  21  132  120  120  118  125  120  116  121  122  110  126  121  120  106  116  124  115  118  120  116  116  108  105  109  109  125  123  122  132  127  126   56
ch:  22  131  124  122  131  121  125  108  121  122  110  116  118  122  106  107  111  107  109  116  118  110  109  107  121  119  124  118  123  121  133  124   49
ch:  23  121  137  130  132  119  126  121  132  118  118  123  122  121  119  118  115  108  121  104  112  117  118  118   -1  126  111  125  116  134  122  133   56
ch:  24  121  116  121  123  124  123  118  123  121  119  122  110  121  118  118  110  110  119  105  116  115  120  118  123  120  119  124  119  124  120  123   38
ch:  25  133  120  117  124  122  123  124  130  117  122  132  127  122  117  118  108  106  118  115  123  120  108  121  117  123  125  134  118  120  131  134   56
ch:  26  121  132  113  109  116  120  116  121  116  116  124  123  124  114  118  108  132  118  101  109  109  120  129  122  134  122  124  122  118  115  138   42
ch:  27  131  123  116  121  116  121  124  114  105  125  126  121  123  111  120  115  117  129  113  107  134  110  124  126  125  119  123  121  126  134  139   56
ch:  28  123  123  119  119  123  111  110  117  119  118  113  112  103  119  115  124  110  120  115  116  121  119  122  115  121  121  120  116  122  120  125   49
ch:  29  117  122  124  120  118  119  117  119  124  107  120  121  124  106  110  118  117  107  116  114  115  116  109  125  118  133  121  121  133  126  148   56
ch:  30  126  121  118  120  126  119  110  121  123  114  115  116  111  121  107  101  101  119  118  109  117  122  118  102  110  118  114  107  109  120  123   43
ch:  31  135  115  124  124  125  124  117  125  120  108  125  118  119  115  135  127  116  118  103  131  108  119  116  132  123  120  136  122  124  131  132   56
ch:  32  117  124  120  119  119  120  120  121  110  119  106  116  115  108  117  111  113  125  108  119  117  120  116  119  130  117  118  121  122  132  124   45
ch:  33  117  131  121  125  131  117  120  123  137  120  115  117  124  122  106  110  115  116  119  118  126  118  118  108  118  123  131  118  132  131  136   56
ch:  34  124  125  132  120  131  116  119  121  134  122  116  132  119  117  105  111  108  116  108  117  116  130  133  120  125  121  119  126  126  132  139   47
ch:  35  111  121  119  124  121  125  131  117  109  125  130  109  119  123  122  126  121  119  114  115  113  114  116  118  109  126  121  124  135  129  138   56
ch:  36  132  131  124  123  132  123  117  110  131  128  119  119  116  116  109  110  120  115  124  124  117  118  121  124  115  120  114  124  124  127  124   37
ch:  37  123  124  119  118  134  124  120  108  118  109  121  125  109  132  120  118  110  118  109  130  120  117  112  126  117  118  110  120  131  127  125   56
ch:  38  122  123  106  124  124  118  116  116  131  122  110  122  125  122  116  116  116  105  103  116  126  119  119  132  108  118  124  125  115  137  124   41
ch:  39  121  122  126  133  132  121  133  121  119  117  123  120  123  115  122  124  118  123  121  120  122  117  113  114  125  122  124  115  135  136  118   56
ch:  40  134  124  132  119  117  114  108  111  121  112  118  119  120  121  120  121  108  120  109  116  116  110  119  123  122  126  133  117  118  134  134   42
ch:  41  125  138  123  125  132  126  124  126  118  109  131  114  114  123  111  118  122  123  115  117  124  107  121  121  126  120  127  121  127  136  132   56
ch:  42  125  133  115  111  125  124  130  118  108  118  124  123  114  123  118  115  110  121  115  111  121  109  115  110  117  124  118  119  129  126  119   52
ch:  43  126  125  123  121  134  121  125  120  114  120  123  111  121  130  123  116  119  120  117  116  122  116  127  116  121  124  131  132  126  136  122   56
ch:  44  135  123  127  114  121  131  134  126  118  120  107  116  121  124  120  125  119  126  115  111  121  115  120  121  115  122  129  122  127  117  123   52
ch:  45  116  123  118  116  118  122  129  119  122  113  132  111  122  117  119  103  118  124  131  109  118  118  119  123  121  121  121  133  121  132  136   56
ch:  46  120  121  123  120  117  135  124  118  117  117  118  130  114  126  110  127  105  116  110  117  116  111  114  115  116  120  134  115  122  132  122   38
ch:  47  139  109  117  116  116  123  122  121  132  105  131  118  122  116  115  123  116  115  115  118  133  118  112  132  123  111  124  127  134  137  136   56
ch:  48  121  121  131  123  132  121  122  126  127  119  124  117  107  120  109  113  103  123  120  121  123  115  116  117  119  119  116  124  122  137  129   44
ch:  49  123  124  118  123  138  126  121  121  108  124  116  118  118  116  121  122  121  123  118  106  118  132  136  116  118  125  119  131  125  135  122   56
ch:  50  134  120  127  124  114  115  122  133  122  123  120  116  117  118  114  109  117  114  117  117  117  110  118  124  109  108  123  132  125  122  132   43
ch:  51  132  118  123  125  132  120  118  119  122  119  124  117  119  120  123  123  120  124  121  109  109  124  118  122  115  125  116  125  115  130  134   56
ch:  52  119  124  116  121  126  131  122  121  111  121  124  126  131  120  120  122  131  119  111  115  114  109  122  120  120  133  123  126  127  124  124   31
ch:  53  125  115  121  124  119  110  130  118  116  120  131  123  115  111  118  122  109  118  120  119  125  121  122  119  122  125  117  122  125  131  133   56
ch:  54  121  116  117  118  122  138  137  121  115  115  120  131  117  125  122  117  120  124  109  130  119  118  119  109  120  126  124  120  120  123  125   37
ch:  55  116  121  124  120  132  119  118  119  116  116  117  122  117  123  115  128  119  118  105  122  112  124  116  119  120  121  120  119  134  124  138   56
ch:  56  131  131  119  127  116  123  120  120  123  117  133  122  116  127  120  115  119  117  116  111  124  117  118  110  117  123  130  114  120  123  120   38
ch:  57  117  135  125  132  118  114  119  147  122  125  107  126  125  105  118  109  122  124  121  124  139  121  122  126  126  124  132  116  133  122  125   56
ch:  58  120  120  118  133  120  124  117  132  116  119  127  116  117  119  115  133  116  119  104  115  115  116  124  116  124  122  125  126  121  122  129   27
ch:  59  118  120  122  124  122  117  125  122  123  127  127  116  107  124  124  122  118  117  117  121  122  132  121  121  119  136  135  125  130  137  136   56
ch:  60  118  126  125  120  124  114  117  115  118  118  121  124  121  108  111  108  110  119  133  116  118  115  127  105  122  121  121  135  123  123  121   44
ch:  61  121  117  123  122  122  120  121  122  117  133  121  120  118  124  106  116  123  116  118  115  113  123  124  122  124  125  131  140  135  132  124   56
ch:  62  133  131  121  122  121  116  120  123  131  126  119  125  108  120  113  119  126  118  117  119   -1  116  124  136  117  121  138  123  133  114  121   49
ch:  63  119  133  122  120  136  117  122  134  117  121  121  106  113  105  117  116  117  113  121  115  122  121  121  118  119  114  137  122  132  138  136   56
ch:  64  130  122  120  121  130  121  122  110  129  120  123  118  124  118  117  119  121  119  116  118  119  130  121  118  119  121  117  124  123  133  132   36
ch:  65  134  125  126  118  126  124  121  119  119  117  124  118  124  123  125  117  115  116  107  125  122  108  110  120  118  123  126  133  126  131  133   56
ch:  66  133  125  133  120  127  131  127  130  124  109  124  106  115  110  122  123  116  111  123  123  111  116  119  119  119  134  130  118  126  134  132   38
ch:  67  133  118  124  123  129  117  117  121  123  121  120  123  119  119  124  116  129   -1  116  124  114  118  127  124  123  121  123  123  123  134  141   56
ch:  68  120  124  139  131  117  122  119  118  114  122  119  123  107  117  124  121  116  116  116  117  114  120  118  114  122  119  119  121  133  140  120   36
ch:  69  134  121  124  123  134  119  117  122  123  115  106  111  118  117  119  121  134  118  131  117  119  133  124  123  118  111  114  120  133  140  121   56
ch:  70  135  131  125  118  124  118  121  121  121  119  116  122  119  116  119  108  111  117  121  115  109  116  127  116  124  121  120  121  134  130  125   28
ch:  71  116  119  126  124  120  132  116  125  125  133  123  116  122  121  108  121  116  117  114  125  119  117  107  133  133  125  134  122  119  130  119   56
ch:  72  124  125  126  119  123  129  126  121  131  110  121  117  120  136  123  123  117  119  120  116  111  108  117  120  123  125  122  131  134  121  123   46
ch:  73  124  121  123  120  116  123  124   -1  118  133  115  121  126  119  135  111  119  124  124  119  120  116  130  122  134  124  134  132  119  136  139   56
ch:  74  116  124  132  130  137  119  127  124  121  114  125  118  117  119  120  122  121  121  121  119  115  118  122  118  116  116  124  124  124  123  135   38
ch:  75  125  130  111  121  118  132  130  117  122  121  119  120  121  120  117  121  122  116  122  119  130  121  124  108  120  131  131  121  118  125  133   56
ch:  76  134  126  131  125  120  110  121  118  124  115  124  118  121  127  111  121  118  131  118  106  130  120  127  130  118  133  132  132  132  143  137   44
ch:  77  124  116  130  127  135  115  119  114  135  120  121  122  122  109  115  119  115  126  131  116  113  121  115  135  122  122  132  123  132  139  157   56
ch:  78  131  121  134  138  134  115  133  119  126  122  124  107  121  116  106  136  119  119  121  124  114  124  108  127  126  125  133  117  124  133  124   33
ch:  79  135  117  125  115  118  117  124  110  121  116  110  116  115  124  123  120  117  118  123  115  109  115  126  124  117  124  127  120  134  137  137   56
ch:  80  124  126  133  135  121  123  107  109  123   -1  124  123  136  118  119  116  121  121  108  109  139  115  119  132  120  133  124  124  137  117  125   31
ch:  81  137  139  123  116  123  119  134  120  118  120  122  121  122  122  125  110  118  118  123  126  135  125  122  116  126  119  118  122  122  132  148   56
ch:  82  130  120  126  134  135  118  121  116  119  120  110  118  124  117  121  118  110  118  133  114  114  117  118  121  117  121  116  127  119  122  132   38
ch:  83  133  119  123  119  130  125  136  123  119  128  121  119  123  131  118  129  131  126  123  119  124  121  123  125  124  123  120  133  133  148  123   56
ch:  84  126  121  123  120  121  135  121  116  124  124  114  121  118  120  132  117  114  121  125  126  126  120  123  121  125  118  132  117  135  136  135   36
ch:  85  131  121  118  114  129  125  123  126  119  126  125  133  117  121  121  113  120  120  117  122  122  119  124  122  128  121  124  122  131  133  135   56
ch:  86  123  119  110  119  122  121  123  124  129  120  123  124  117  118  121  116  103  119  118  119  121  130  121  121  120  124  123  123  122  135  135   23
ch:  87  130  125  116  139  118  121  119  135  119  129  124  122  122  135  118  118  122  132  123  133  117  121  124  130  119  117  125  137  137  146  137   56
ch:  88  131  132  135  114  124  125  136  127  121  122  118  123  118  125  127  125  133  116  118  120  121  120  137  123  125  123  132  136  132  138  140   31
ch:  89  123  126  120  136  121  122  124  116  134  115  117  123  116  119  120  125  127  119  127  123  115  121  117  136  120  123  120  124  135  135  138   56
ch:  90  123  118  108  132  124  125  124  109  137  120  126  133  132  124  119  127  119  133  125  122  131  131  121  118  133  120  118  121  121  121  138   33
ch:  91  127  137  131  121  124  120  130  117  116  124  119  121  133  127  127  124  115  122  121  118  119  134  122  130  117  127  123  134  133  140  140   56
ch:  92  124  124  132  123  130  132  120  121  127  131  135  119  115  119  119  124  119  122  123  116  120  108  115  117  122  125  126  124  125  133  133   30
ch:  93  125  121  121  104  124  116  129  136  120  119  121  110  121  131  122  125  119  124  118  120  122  116  124  116  116  122  136  133  141  134  131   56
ch:  94  134  125  124  119  123  121  121  118  125  118  116  125  116  127  117  117  120  118  117  120  132  116  125  120  133  132  121  126  124  134  125   37
ch:  95  126  116  117  126  120  118  122  123  134  117  124  113  123  113  126  122  124  122  122  123  121  121  120  121  121  123  118  119  131  141  139   56
ch:  96  115  131  123  117  125  122  123  122  123  124  113  121   -1  129  119  116  133  118  118  123  119  122  131  122  132  133  141  135  124  133  137   19
ch:  97  125  138  116  117  129  125  114  119  115  116  118  133  119  126  116  117  119  119  111  116  120  118  126  120  132  132  134  131  131  145  154   56
ch:  98  122  119  110  118  127  121  119  118  123  122  121  110  111  116  133  123  119  124  122  121  126  125  124  127  122  125  124  135  134  133  137   26
ch:  99  134  124  130  126  122  130  119  124  119  120  125  132  122  107  135  125  106  116  115  120  108  125  120  139  120  124  124  131  132  136  138   56
ch: 100  127  119  119  123  120  124  123  125  119  112  122  116  125  122  118  118  122  118  120  123  110  123  117  117  133  123  115  134  132  118  136   24
ch: 101  137  123  123  120  130  117  119  132  118  115  124  121  106  118  121  120  113  111  111  113  109  116  125  123  124  121  140  132  121  131  142   56
ch: 102  124  132   -1  116  131  123  126  131  123  131  126  110  121  111  123  123  121  125  126  123  126  124  125  131  122  119  122  135  139  123  135   20
ch: 103  119  121  122  122  133  126  121  121  120  133  132  134  111  116  122  108  132  122  115  123  124  117  126  124  130  123  126  119  133  150  139   56
ch: 104  125  119  130  121  122  125  118  119  119  116  122  120  117  121  118  116  131  121  122  124  119  119  121  125  118  132  132  136  124  123  124   20
ch: 105  125  117  117  132  126  139  119  121  129  118  124  116  121  122  121  121  120  132  115  133  127  118  115  135  121  125  132  136  136  136  152   56
ch: 106  119  123  117  127  118  121  116  127  123  130  115  122  122  132  126  121  119  111  119  130   -1  115  123  118  123  122  134  135  130  139  137   19
ch: 107  118  121  124  125  132  130  123  125  132  124  120  122  110  118  123  115  127  121  117  127  122  122  127  120  122  124  139  137  126  133  147   56
ch: 108  104  132  133  125  125  132  120  122  130  119  119  121  120  114  118  119  111  122  115  118  125  134  116  121  121  122  131  134  121  133  133   14
ch: 109  123  124  129  121  117  137  121  129  122  129  118  118  126  120  115  122  122  123  117  118  109  124  121  124  124  116  132  121  134  122  135   56
ch: 110  123  136  123  116  133  123  120  132  125  118  121  120  123  119  119  130  108  131  117  122  119  117  139  120  118  124  122  133  138  122  140   16
ch: 111  123  120  131  118  134  123  115  124  122  132  126  125  123  120  123  137  125  125  121  114  135  132  117  122  120  137  122  121  126  123  139   56
ch: 112  125  131  108  127  125  133  121  124  126  114  117  124  122  129  122  110  123  123  122  117  130  120  123  135  132  126  123  130  110  136  119   13
ch: 113  122  131  134  118  121  117  126  114  132  123  120  119  107  119  123  123  124  126  116  123  125  130  115  119  122  132  120  125  136  137  146   56
ch: 114  125  131  118  134  123  116  134  121  132  118  116  125  111  118  126  117  130  126  116  117  120  119  110  121  119  109  117  123  135  134  132   16
ch: 115  122  119  119  134  119  132  134  125  122  119  133  122  107  119  105  114  126  120  125  123  124  118  136  124  118  124  131  129  131  139  138   56
ch: 116  131  116  122  133  118  122  126  118  119  128  122  120  120  119  126  124  120  119  124  116  120  127  120  137  121  126  132  124  139  143  140   13
ch: 117  121  140  121  131  133  127  142  130  124  122  122  120  119  119  119  121  121  119  127  120  108  131  117  131  125  121  121  136  130  133  132   56
ch: 118  123  136  121  134  132  119  131  111  110  107  123  122  135  125  109  132  120  133  121  122  118  110  116  125  132  122  119  134  123  133  119   13
ch: 119  134  118  136  133  121  121  121  125  123  117  120  109  111  109  125  113  115  130  111  117  113  119  123  111  125  121  133  122  134  135  145   56
ch: 120  131  119  118  134  131  133  120  121  122  117  120  119  115  118  126  111  116  116  127  124  125  123  110  127  133  132  120  123  121  139  125   22
ch: 121  132  127  125  131  122  134  123  125  123  108  124  123  102  125  123  116  114  110  123  120  116  131  123  118  124  130  136  136  125  136  129   55
ch: 122  133  124  118  119  121  124  116  125  135  119  118  108  123  133  117  118  123  107  116  125  133  132  117  133  120  126  115  127  133  124  130   12
ch: 123  119  133  135  126  124  132  118  132  118  122  124  122  123  120  122  138  135  124  115  111  130  119  123  124  137  133  123  140  140  122  137   54
ch: 124  122  120  121  122  123  122  131  121  136  120  125  135  123  114  117  121  123  125  125  122  117  132  121  125  129  121  138  134  133  125  136   12
ch: 125  130  132  118  134  130  143  119  122  125  131  122  123  118  126  119  134  124  133  124  122  131  119  121  132  120  131  131  137  141  141  149   46
ch: 126  125  131  129  127  132  117  127  125  134  115  120  134  118  119  133  124  124  116  132  123  134  118  127  131  131  118  122  132  140  134  137   16
ch: 127  132  136  123  117  118  125  123  138  135  125  134  131  122  124  127  132  134  140  133  135  130  134  123  130  122  136  135  139  140  147  147   43
