# ID XA-000-08-002-000-000-017-09
# Tag _trim_
# Date 240513_12:42:05
# Vref_p 57
# Vref_n 26
# Thr2_glb 41
# Vref_t 118
# Vref_t_range 1
# Pol 0
# ADC range 30-247
# FAST disc 30
ch:   0  123  115  118  107  107  116  116  116  113  114  121  120  100  102  104  101  122  108  120  104  114   99  118  120  106  107  106  114  108  106  108   25
ch:   1  120  135  121  115  116  116  119  131  117  118  117  121  119  120  122  115  105  122  118  105  117   -1  121  119  116  106  118  116  111  110  120   15
ch:   2  119  116  123  130  127  120  119  107  116  111  125  108  115  107  116  116  109  108  106  103  107  108  107  110  116  105  102  116  106  111  123   28
ch:   3  122  121  127  118  121  116  126  120  119  119  130  117  126  124  117  120  116  115  118  107  117  124  120  132  121  132  108  125  118  119  131   24
ch:   4  122  116  118  118  116  121  104  110  116  113  121  115  115  110  106  110  109  109  114  106  108  107  116  104  116  107  107  104  114  120  108   49
ch:   5  120  120  124  118  123  117  125  108  117  127  122  120  108  124  117  122  116  115  109  105  125  115  119  118  123  124  118  123  118  134  121   27
ch:   6  120  117  119  116  111  110  116  118  121  117  106  121  115  106  109  112  108  108  111  108  115  100  110  104  111  104  111  102  104  106  119   42
ch:   7  124  122  120  121  115  121  123  117  119  119  126  125  107  122  115  130  110  119  101  110  109  120  130  117  124  124  123  117  120  133  124   26
ch:   8  117  125  123  115  113  124  117  111  125  125  118  120  106  121  117  119  119  104  109  118  114  117  117  104  119  115  110  111  106  116  115   47
ch:   9  132  129  117  133  124  125  110  126  125  118  122  123  118  129  110  110  122  130  115  116  119  127  117  121  106  120  125  124  127  124  124   26
ch:  10  138  122  108  138  123  113  117  121   -1  126  102  108  113  116  108  115  116  117  121  106  120  105  102  118   -1  109  107  113  116  116  106   50
ch:  11  122  125  120  125  124  127  111  120  120  108  103  134  122  120  116  131  118  124  119  117  123  118  118  116  107  117  122  121  118  115  117   24
ch:  12  117  123  120  109  116  117  121  111  106  108  121  117  109  115  103  108  105  118  102  117   94  107  107  113  121  118  117  105  114  111  113   56
ch:  13  125  134  104  123  122  138  124  119  125  118  121  117  115  133  120  116  121  123  107  115  120  117  115  122  119  117  116  115  119  122  119   30
ch:  14  125  121  111  116  121  116  119  105  125  119  124  118  122  109  109  109  116  117  114  106  110  111  116  105   99  122  109  107  117  116  117   54
ch:  15  119  120  110  115  123  123  110  123  120  122  121  121  125  131  121  122  122  123  124  121  124  119  125  123  124  129  131  123  121  121  123   20
ch:  16  126  123  122  134  106  110  120   -1  119  118  105  116  118  117  118  108  127  104  116  120  115  107  107  102  103  108  124  111  109  113  117   46
ch:  17  131  122  129  123  118  122  116  121  125  101  115  117  130  118  126  124  121  107  118  107  118  119  117  123  119  121  130  117  135  117  119   29
ch:  18  121  122  125  121  119  124  115  121  114  117  123  101  119  125  127  113  115  117  115  121  115  111  103  120  120  108  117  118  105  129  102   46
ch:  19  119  121  121  115  127  124  116  118  116  124  125  108  120  123  123  129  117  126  124  115  111  123  115  126  106  122  132  119  124  117  124   39
ch:  20  120  120  125  121  115  120  110  107  119  113  104  111  108  123  110  116   -1  109  118  106  105  115  102  115  108  114  119  108  118  118  116   51
ch:  21  124  119  119  118  121  126  116  120  132  119  121  121  119  118  117  120  119  125  121  109  118  122  133  131  133  127  132  123  129  120  123   29
ch:  22  124  121  130  129  123  123  116  119  107  119  120  120  125  107  121  116  110  104  116  109  107  107  115  107  117  106  122  109  109  109  118   53
ch:  23  124  132  132  116  117  125  124  121  128  121  122  122  122  118  116  116  117  124  107  126  110  121  113  114  120  114  116  118  133  122  123   35
ch:  24  133  121  120  119  117  104  116  116  113  119  118  106  106  125  108  102  115  117  108  100  104  122  112  115  117  115  109  117  118  116  115   51
ch:  25  120  122  118  121  125  123  120  117  124  122  121  131  110  126  125  120  115  124  125  125  122  120  121  127  122  118  120  123  125  130  122   20
ch:  26  110  127  125  118  122  121  113  125  116  119  123  115  114  115  120  109  105  103  113  120  107  107  105  116  114  113  116  107  110  110  118   41
ch:  27  132  119  123  121  123  130  121  121  124  120  117  117  118  120  105  116  117  132  120  115  129  119  119  108  121  117  121  120  125  132  130   31
ch:  28  126  119  122  125  132  124  117  121  118  118  116  115  121  114  114   -1  116  110  107  113  107  108  106  111  113  116  115  124  107  118  124   41
ch:  29  131  121  120  125  110  125  117  125  124  118  118  118  106  122  116  131  120  117  123  132  121  120  126  132  125  122  117  119  122  131  121   31
ch:  30  121  117  126  123  125  119  123  114  105  114  121  120  125  120  121  119  110  122  111  107  115  126  121  109  109  115  110  124  122  111  120   42
ch:  31  117  125  122  126  131  118  123  123  131  124  121  123  102  121  119  120  121  108  120  110  119  119  125  124  115  125  120  130  132  126  132   34
ch:  32  131  117  125  119  126  126  118  114  115  117  124  120  122  117  119  114  117  116  117  106  117   91  108  120  116  107  113  120  120  122  123   53
ch:  33  122  122  123  117  124  122  121  119  121  123  122  120  123  122  108  123  115  114  121  123  109  118  115  116  124  117  121  117  110  135  124   29
ch:  34  116  115  116  122  123  110  124  115  119  107  123  118  120  122  116  119  120  116  119  109  108  123  110  116  120  121  124  116  124  117  126   52
ch:  35  122  122  119  118  119  106  134  133  131  122  120  121  120  123  128  117  109  135  134  131  122  120  123  122  121  123  122  130  136  122  124   34
ch:  36  119  124  107  123  118  118  124  126  116  119  121  109  117  123  119  118  110  117  107  118  121  120  123  116  117  115  124  116  118  110  115   41
ch:  37  116  111  126  124  118  133  122  125  125  124  113  118  119  115  122  107  132  125  116  119  119  113  121  119  120  123  115  126  117  123  133   44
ch:  38  111  130  122  117  124  119  116  110  116  106  117  115  115  117  114  103  121  111  109  119  114  116  123  116  108  118  121  115  113  122  123   46
ch:  39  131  125  121  126  121  120  124  135  121  116  120  107  121  126  124  119  121  126  110  121  122  121  122  131  121  120  124  126  131  125  122   27
ch:  40  126  121  124  121  116  135  126  116  126  124  116  110  115  124  120  118  105  107  109  118  119  115  117  122  115  115  132  119  104  115  133   43
ch:  41  121  124  119  119  116  122  119  133  132  122  117  125  120  116  131  117  124  125  117  123  125  119  124  120  121  121  120  117  123  127  133   26
ch:  42  117  126  113  133  129  120  117  119  122  121  115  106  118  122  122  116  110  117  117  108  121  113  126  119   -1  118  124  115  124  118  121   45
ch:  43  126  124  119  124  122  118  134  124  126  124  125  123  116  114  123  118  123  130  124  128  125  123  125  125  125  121  124  120  123  117  122   24
ch:  44  122  107  125  119  124  122  123  123  110  119  109  117  119  108  122  132  126  117  109  119  122  117  111  120  120  121  123  115  117  110  116   47
ch:  45  123  133  119  133  123  116  125  129  126  122  120  125  121  115  123  121  114  124  125  122  127  128  120  121  121  122  130  124  133  139  134   21
ch:  46  117  123  131  109  120  122  119  107  120  129  118  109  117  115  123  123  107  109  124  125  109  119  117  104  118  103  110  119  118  121  120   42
ch:  47  127  124  123  123  115  137  134  115  119  132  135  133  124  122  121  118  123  121  126  130  117  121  108  121  121  127  133  125  130  126  131   19
ch:  48  124  121  122  122  121  134  114   93  111  122  119  124  120  117  119  116  115  115  103  114  122  122  108  109  120  116  108  119  120  122  120   52
ch:  49  123  117  130  118  120  122  131  114  125  119  117  121  136  121  132  126  121  119  131  118  115  122  114  119  116  134  123  122  123  126  132   25
ch:  50  113  115  128  125  123  121  102  116  120  121  109  120  114  111  107  105  116  109  105  115  114  105  108  105  130  120  118  115   -1  119  108   50
ch:  51  125  136  133  132  130  120  123  117  130  123  120  118  119  123  129  123  109  124  121  125  124  122  126  119  123  135  126  134  135  134  139   31
ch:  52  110  121  118  122  122  133  116  123  110  115  117  101  111  124  116  117  130  119  123  115  116  116  121  114  115  124  121  125  113  117  121   50
ch:  53  132  124  131  115  125  124  126  119  131  123  121  116  114  118  121  117  114  123  132  124  118  126  115  123  120  124  126  120  121  130  138   21
ch:  54  115  115  123  118  121  125  116  119  116  120  121  111  120  122  105  120  121  117  106  108  112  119  111  109  116  116  121  108  116  120  118   46
ch:  55  120  125  125  124  121  122  121  133  121  125  118  104  124  113  125  131  117  125  124  116  125  122  120  120  122  123  123  127  125  124  123   26
ch:  56  119  124  124  110  122  124  129  117  115  126  125  110  119  118  121  125  103  124  117  119  124  116  124  117  122  136  118  129  123  122  121   55
ch:  57  126  125  137  126  135  124  133  123  127  122  125  124  123  120  131  124  126  115  126  120  132  125  132  124  136  134  131  132  133  127  141   20
ch:  58  120  123  121  124  115  108  118  110  115  120  119  117  120  120  116  124  126  103  119  119  122  124  124  118  117  124  122  110  123  122  126   54
ch:  59  124  123  124  124  123  124  120  123  132  120  121  124  117  119  123  126  131  126  122  132  127  140  134  134  135  126  122  127  140  140  137   23
ch:  60  115  120  115  123  125  120  125  107  134  115  118  128  118   99  111  119  115  122  116  119   94  126  111  118  120  117  114  124  123  120  122   50
ch:  61  126  125  131  120  129  117  118  116  137  119  117  127  126  122  123  120  121  121  121  118  116  131  119  134  118  135  127  117  147  125  138   25
ch:  62  117  132  120  132  132  123  117  117  122  115  122  124  108  120  116  119  110  118  107  104  120  115  120  113  123  120  115  121  111  125  116   50
ch:  63  132  124  119  125  122  132  126  123  125  121  126  130  132  124  118  135  133  125  114  132  119  121  132  133  127  125  137  133  125  142  130   26
ch:  64  124  121  118  120  118  118  116  120  116  120  126  108  118  119  108  118  115  116  124  126  124  122  117  121  108  115  116  124  117  118  124   47
ch:  65  124  122  122  117  126  134  133  126  120  124  132  131  132  124  123  123  131  122  117  118  122  125  125  124  125  124  135  137  129  135  141   23
ch:  66  131  117  119  117  114  107  120  118  125  118  125  123  121  118  109  107  111  123  115  116  117  108  109  104  125  117  110  122  119  117  122   46
ch:  67  120  132  135  114  120  126  133  129  124  113  125  124  132  121  126  117  130  110  119  119  123  125  133  127  122  132  126  121  141  142  123   27
ch:  68  132  122  113  118  126  120  118  116  120  121  117  116  125  120  115  103  126  111  116  111  119  130  121  123  119  122  119  119  120  120  122   54
ch:  69  129  124  122  117  121  131  132  127  136  120  130  113  129  116  124  123  120  132  123  121  124  125  124  124  122  133  121  131  133  133  130   29
ch:  70  126  120  123  123  119  122  119  119  116  118  116  122  126  120  115  121  131  119  106  121  125  115  120  118  130  120  123  122  120  118  120   46
ch:  71  126  121  117  119  126  116  124  124  120  120  133  126  123  124  123  133  135  119  130  125  119  123  124  130  131  131  136  121  132  118  135   28
ch:  72  106  124  126  118  117  123  124  123  121  115  114  121  117  115  107  121  115  119  121  119  116  126  122  109  110  107  117  117  123  120  125   43
ch:  73  137  126  118  119  118  124  131  119  122  119  123  125  126  124  129  122  136  125  133  133  121  130  130  134  138  127  139  133  135  130  135   24
ch:  74  119  109  112  115  108  115  114  117  121  126  120  125  117  125  109  120  121  107  111  124  121  124  123  125  125  118  119  117  132  113  126   43
ch:  75  128  110  127  123  117  129  127  123  122  131  117  127  121  119  118  125  119  126  121  119  125  119  123  129  134  119  131  124  122  125  133   27
ch:  76  116  120  119  120  123  122  123  127  119  113  132  118  121  107  120  122  121  108  119  108  116  124  119  116  120  119  115  113  118  121  122   33
ch:  77  115  121  126  130  119  130  121  119  119  126  131  125  118  120  122  126  124  123  126  122  132  126  117  124  117  134  117  126  138  124  121   28
ch:  78  116  117  123  121  126  122  118  122  121  108  115  119  118  121  123  116  121  105  109  121  117  122  116  120  115  122  119  122  131  132  126   46
ch:  79  117  114  121  122  126  120  127  118  131  110  125  135  125  127  123  124  111  122  123  127  118  121  138  122  133  122  131  123  131  150  124   26
ch:  80  120  120  108  120  132  117  129  124  124  125  115  121  106  120  123  121  118  118  122  129  118  120  110  123  114  120  115  122  119  122  128   48
ch:  81  133  132  117  120  124  122  122  120  133  112  118  125  125  126  120  120  109  116  118  124  123  132  123  114  136  127  130  126  126  138  137   19
ch:  82  120  118  119  118  120  127  119  118  116  121  118  119  125  124  115  116  118  106  109  115  110  117  122  118  119  124  110  123  132  131  125   56
ch:  83  123  118  125  119  132  115  120  127  120  124  125  131  135  126  130  137  123  139  123  115  126  123  122  138  121  131  132  124  132  131  134   28
ch:  84  117  107  116  127  125  110  117  126  121  121  121  116  116  116  118  133  114  117  111  114  121  116  130  125  115  122  116  101  122  124  110   41
ch:  85  136  119  123  122  124  131  127  123  124  114  140  133  120  128  118  115  135  121  120  101  122  125  124  125  126  121  140  135  121  140  117   29
ch:  86  119  108  121  120  125  116  114  126  118  120  109  116  114  114  119  107  121  118  102  119  117  122  105  116  117  109  125  121  134  119  120   50
ch:  87  132  116  138  122  120  120  122  131  123  133  124  121  127  120  122  118  120  124  120  119  134  110  125  135  127  120  125  124  135  134  133   18
ch:  88  115  121  121  116  118  110  117  126  115  122  105  118  119  116  129  119  113  117  116  118  125  120  120  119  118  117  118  120  126  131  123   41
ch:  89  135  106  131  121  129  122  124  123  118  123  126  125  125  123  123  124  131  122  118  130  109  120  121  120  118  135  119  119  133  123  127   12
ch:  90  123  120  115  125  120  118  123  124  122  126  127  117  115  109  118  108  106  111  115  109  118  108  118  120  110  121  121  120  124  116  126   56
ch:  91  118  124  123  123  122  122  133  124  124  124  131  125  123  130  119  124  125  124  122  122  119  122  126  119  129  122  133  123  133  133  132   25
ch:  92  116  117  133  120  120  125  121  121  115  124  117  124  120  134  132  122  108  123  119  118  116  111  110  123  114  118  123  118  115  119  120   47
ch:  93  120  118  118  120  119  108  116  119  119  121  132  120  118  120  122  116  136  130  122  131  108  125  118  138  124  130  131  126  136  140  125   28
ch:  94  118  119  119  133  118  120  124  115  131  111  105  121  111  118  121  120  120  117  117  122  120  120  105  121  109  117  120  108  125  125  119   52
ch:  95  140  135  121  117  139  107  121  121  127  118  117  126  107  127  130  124  107  121  118  125  115  123  122  125  123  133  123  122  131  127  134   23
ch:  96  120  117  120  118  122  110  121  119  115  114  117  118  104  108  108  123  117  119  107  122  110  116  123  118  122  111  117  126  125  119  126   42
ch:  97  122  134  127  124  133  125  118  126  123  123  116  120  119  119  120  134  119  121  120  118  126  131  123  121  136  122  126  126  136  124  131   12
ch:  98  120  138  125  122  115  133  119  131  123  119  117  125  118  119  117  123  117  121  110  108  115  121  105  111  107  123  126  114  118  134  111   36
ch:  99  125  118  132  134  125  121  131  119  115  119  123  133  121  119  126  133  124  125  125  122  124  120  126  123  130  119  120  131  122  132  137   23
ch: 100  117  116  125  120  117  117  119  117  115  121  118  117  123  116  120  118  118  116  109  120  105  118  114  110  115  120  110  122  119  122  109   53
ch: 101  132  129  123  125  121  120  121  126  126  125  124  130  121  135  123  133  126  126  123  124  122  123  134  125  132  131  132  122  130  124  137   19
ch: 102  124  122  119  123  134  118  119  116  122  117  119  120  120  110  119  126  118  110  123  115  116  113  115  122  119  121  122  121  111  117  124   28
ch: 103  119  121  130  117  123  124  116  122  123  123  121  124  115  109  117  134  111  126  120  120  118  132  133  130  123  132  130  132  136  133  132   23
ch: 104  121  125  119  109  110  124  121  120  121  114  120  131  115  122  117  109  109  110  110  119  115  120  116  100  124  121  108  126  116  123  123   41
ch: 105  127  119  132  122  116  116  134  114  127  118  123  122  121  115  121  126  132  122  111  126  122  134  121  124  123  119  132  126  133  129  124   26
ch: 106  120  124  117  119  122  110  116  118  123  119  118  110  125  117  114  125  111  121  130  118  119  118  122  118  118  116  114  124  122  120  120   48
ch: 107  122  123  132  121  126  122  107  121  121  135  130  129  122  125  123  123  120  120  121  122  119  116  131  113  123  134  131  130  125  136  125   28
ch: 108  119  123  115  125  122  115  116  110  121  125  118  110  121  120  116  119  125  120  108  117  115  117  130  124  119  116  116  118  116  125  134   46
ch: 109  120  116  123  117  109  133  115  124  123  120  119  124  122  127  125  120  124  120  119  118  122  124  118  123  109  131  135  121  117  134  124   17
ch: 110  125  120  118  125  109  120  120  116  100  117  119  117  119  115  117  120  106  132  122  118  118  109  119  120  115  116  121  117  115  129  121   33
ch: 111  118  124  126  119  122  117  125  104  120  115  111  114  123  116  118  118  115  118  132  123  109  115  134  121  121  123  119  127  130  126  119   17
ch: 112  122  116  121  119  122  131  121  121  119  123  119  118  117  121  112  117  123  117  118  122  121  116  111  113  110  122  119  111  108  122  120   42
ch: 113  124  126  131  122  125  124  124  124  123  110  120  122  117  115  117  115  118  110  123  123  119  121  121  125  133  122  121  130  125  130  131   15
ch: 114  131  125  133  115  125  124  119  122  122  120  118  116  118  115  114  118  120  122  113  123  118  106  116  114  110  115  108  112  116  116  119   52
ch: 115  125  124  113  120  120  133  120  127  111  122  124  118  121  123  131  123  120  123  121  116  119  119  121  122  126  125  123   -1  123  118  125   15
ch: 116  133  119  125  126  125  105  119  126  120  119  115  121  118  107  106  107  121  107  114  113  122  107  109  113  108  114  118  109  119  115  123   55
ch: 117  121  118  111  127  137  124  121  117  124  118  118  124  121  131  122  132  123  120  131  118  121  117  126  119  125  127  123  135  126  131  124   14
ch: 118  131  119  123  118  113  120  117  115  122  116  119  124  106  115  116  108  120  121  116  109  110  106  107  105  124  120  106  113  122  122  106   43
ch: 119  124  117  120  124  132  117  123  118  120  126  118  121  121  122  118  118  118  116  134  116  116  111  121  119  117  123  123  132  117  118  119   18
ch: 120  122  123  122  118  103  116  115  123  124  123  111  122  118  128  114  105  118  119  105  123  116  117  113  120  110  107  118  115  119  117  121   44
ch: 121  124  119  121  131  122  126  116  125  107  125  122  111  132  125  123  123  122  115  118  131  120  132  117  124  126  123  126  124  119  123  135   13
ch: 122  125  115  117  120  120  117  116  123  118  117  117  119  114  116  132  123  110  115  109  109  121  116  116  116  123  125  121  115  121  134  123   36
ch: 123  116  126  131  124  122  125  130  132  116  125  123  124  125  125  121  121  132  118  122  134  121  119  120  124  122  131  123  123  130  117  137   15
ch: 124  120  128  122  125  117  124  111  120  107  119  122  122  120  114  118  108  117  114  114  104  101  131  118  103  116  111  116  125  119  115  116   46
ch: 125  115  132  125  120  131  121  122  117  132  122  103  114  120  116  115  115  123  120  120  124  108  125  124  124  118  125  135  131  132  119  123    6
ch: 126  121  131  113  125  121  115  123  113  124  117  119  113  109  117  118  122  118  108  117  115  115  117   99  116  119  120  108  120  115  116  118   30
ch: 127  117  138  121  138  119  132  119  133  120  119  120  124  119  126  117  121  127  118  114  118  111  132  119  121  110  118  127  124  134  124  124   12
