# ID XA-000-08-001-064-043-224-05
# Tag _trim_
# Date 240513_14:22:27
# Vref_p 57
# Vref_n 22
# Thr2_glb 52
# Vref_t 118
# Vref_t_range 1
# Pol 1
# ADC range 30-247
# FAST disc 30
ch:   0  131  122  133  131  122  131  122  110  136  121  134  115  135  130  124  133  140  121  125  121  133  119  131  124  137  120  139  133  137  135  140   -1
ch:   1  120  117  137  129  116  117  126  134  118  118  125  122  123  107  125  134  115  116  124  115  130  125  124  110  120  130  124  130  123  130  139   20
ch:   2  130  124  118  129  132  131  121  126  137  136  130  118  131  117  132  116  125  123  122  126  133  129  140  137  134  126  130  134  135  148  133   -1
ch:   3  126  118  119  122  116  126  131  118  121  135  116  125  123  124  117  117  131  121  116  134  119  119  122  116  126  134  131  126  138  126  142   19
ch:   4  124  136  117  117  131  118  116  124  122  116  115  120  122  109  125  119  119  135  122  130  120  122  124  126  124  115  124  132  136  124  127   39
ch:   5  133  135  123  125  121  132  131  120  126  120  125  120  122  108  120  109  126  132  119  119  127  132  126  134  123  129  124  132  120  125  126   34
ch:   6  119  132  121  119  123  118  123  137  137  119  125  110  125  125  118  122  125  118  127  123  135  110  121  126  118  126  136  124  129  134  137   33
ch:   7  126  120  115  126  127  126  126  123  119  118  130  122  130  127  118  121  117  133  127  128  135  123  124  129  131  130   99  127  134  126  134   29
ch:   8  120  124  123  119  126  133  132  137  119  122  130  118  126  124  122  120  117  121  120  122  122  127  119  120  122  122  124  131  131  128  134   -1
ch:   9  125  122  121  122  124  132  121  125  114  130  125  126  123  115  123  119  120  124  131  138  136  133  108  124  136  130  121  121  125  137  135   19
ch:  10  116  121  126  116  122  123  107  118  107  114  119  111  119  124  118  120  123  126  119  122  134  124  121  134  129  124  131  122  137  139  151   -1
ch:  11  119  130  115  123  132  133  123  124  120  127  125  121  123  121  120  117  120  120  120  121  130  126  122  123  130  123  134  133  120  131  131   24
ch:  12  129  124  120  132  122  126  131  126  139  133  121  133  134  124  129  126  134  120  113  119  134  132  136  132  127  131  132  136  140  140  139    2
ch:  13  124  111  120  122  122  121  118  120  122  126  127  116  120  136  124  129  130  124  125  131  117  134  110  127  119  134  120  122  126  140  123   36
ch:  14  133  120  125  125  128  123  130  122  130  135  131  125  127  123  138  122  124  123  117  125  122  130  132  129  133  133  125  131  132  134  126   47
ch:  15  115  126  121  126  124  121  123  122  125  119  123  117  120  122  120  125  124  132  123  123  112  137  130  135  138  136  125  129  129  136  131   41
ch:  16  136  135  123  130  125  125  125  124  135  117  126  125  120  137  124  123  123  116  120  123  130  130  123  122  136  127  132  127  138  131  135    9
ch:  17  132  121  125  134  120  118  122  134  122  121  125  134  121  134  127  117  119  130  134  129  121  119  125  131  123  128  122  137  120  137  133   42
ch:  18  119  131  135  134  125  116  122  116  119  121  132  127  124  124  125  121  118  119  126  120  118  125  129  127  125  125  140  123  129  135  136    5
ch:  19  125  131  121  125  119  126  132  130  125  126  118  124  121  124  130  122  121  130  118  114  133  122  126  129  123  135  132  124  122  124  131   44
ch:  20  127  124  121  126  132  135  130  132  119  121  127  129  130  132  122  122  121  133  111  123  118  126  134  135  134  132  120  138  132  137  136    5
ch:  21  130  121  119  121  138  123  119  131  124  122  110  117  124  116  122  127  121  132  127  126  121  117  131  132  127  123  118  124  126  126  139   47
ch:  22  136  120  122  123  126  131  130  109  124  136  121  115  119  125  133  132  121  117  128  119  121  115  131  134  142  126  120  132  134  126  131    5
ch:  23  116  131  123  120  127  120  133  121  117  122  122  123  135  123  122  121  132  118  124  132  111  124  118  120  124  124  134  138  132  135  135   53
ch:  24  139  111  121  125  122  121  125  118  121  120  121  138  122  139  126  122  117  123  121  133  133  124  116  126  125  133  132  136  138  150  138    7
ch:  25  135  124  119  132  127  118   -1  126  122  123  119  125  124  117  122  131  125  125  124  140  117  122  123  129  126  133  132  126  125  134  136   54
ch:  26  117  123  130  130  122  117  125  125  124  116  134  132  116  119  124  121  122  121  123  119  124  127  124  117  124  126  132  130  139  126  138    6
ch:  27  117  127  132  130  118  110  110  133  122  130  122  118  115  124  132  121  127  123  119  123  117  135  129  126  125  135  123  131  134  139  133   56
ch:  28  126  140  127  120  130  122  126  130  137  109  118  123  134  124  121  119  114  125  126  136  116  122  132  130  142  124  140  138  132  125  139    8
ch:  29  115  116  133  126  125  122  123  125  130  119  125  121  123  132  122  123  123  116  123  126  122  116  121  133  134  126  126  131  141  135  134   56
ch:  30  129  131  115  136  133  118  138  124  133  124  117  126  126  121  115  121  131  132  135  131  123  133  127  131  141  131  125  131  130  139  126   13
ch:  31  125  130  135  122  131  120  122  137  124  124  132  122  117  119  125  131  115  121  122  125  124  129  126  123  124  125  124  133  125  136  154   43
ch:  32  122  117  116  117  116  132  131  134  135  126  141  109  116  126  121  116  127  120  117  127  124  132  124  118  136  122  150  131  142  140  135    7
ch:  33  124  130  138  133  131  122  120  122  131  127  108  134  132  134  130  120  131  124  115  126  124  124  123  126  131  120  125  131  132  135  134   49
ch:  34  120  124  123  127  134  122  138  118  124  123  110  122  123  125  126  116  131  123  130  136  120  131  120  131  120  132  134  131  136  133  132    6
ch:  35  121  132  128  124  137  132  125  125  110  125  131  120  132  122  122  123  119  131  132  118  121  116  126  118  129  134  131  124  130  131  138   51
ch:  36  131  118  121  108  129  111  120  122  115  131  120  116  117  123  122  136  134  121  111  109  135  121  141  126  126  133  120  132  132  132  134   22
ch:  37  126  119  120  124  139  110  121  133  122  132  122  131  122  117  122  116  118  123  125  125  137  121  125  124  129  119  137  129  137  132  130   52
ch:  38  125  120  134  124  134  126  122  132  117  122  120  126  136  127  132  123  123  122  131  138  124  123  122  137  125  134  137  142  125  126  125   10
ch:  39  126  125  126  116  125  116  133  123  122  124  129  125  131  131  124  123  130  120  135  120  123  132  139  126  132  134  122  139  135  138  135   56
ch:  40  118  123  127  123  125  130  122  133  122  126  131  130  132  122  121  118  127  120  129  135  130  137  137  125  119  130  129  131  139  132  148   20
ch:  41  122  135  136  122  133  134  124  124  125  124  117  117  130  125  128  127  115  126  107  121  147  121  131  135  131  124  123  131  133  141  138   56
ch:  42  135  134  130  124  119  126  131  119  124  119  135  114  124  138  123  117  134  125  131  122  118  119  123  122  116  120  126  134  131  135  143   19
ch:  43  124  117  123  123  133  119  122  118  125  121  122  121  122  125  122  119  125  119  124  130  129  127  119  135  136  125  136  134  141  135  136   53
ch:  44  135  123  136  122  131  125  119  121  124  127  139  121  124  118  125  125  136  127  126  130  115  136  133  110  132  130  120  132  135  125  137   20
ch:  45  129  126  126  137  124  124  126  132  130  118  126  141  126  130  134  124  134  136  129  120  121  123  123  127  131  137  142  126  132  142  133   56
ch:  46  121  123  121  130  121  123  120  136  126  115  123  140  123  125  117  121  135  121  124  132  125  120  126  136  135  123  120  134  146  136  134   24
ch:  47  129  126  141  121  128  137  122  131  125  119  132  122  121  124  126  130  134  126  135  133  130  135  118  127  127  130  134  141  131  138  132   56
ch:  48  132  126  128  126  118  122  125  138  115  124  117  133  131  131  124  130  121  123  132  127  126  131  134  124  133  136  136  136  145  135  139   22
ch:  49  124  127  132  126  131  126  133  121  131  126  125  115  118  140  119  130  121  125  131  116  124  119  120  130  124  117  136  130  140  135  141   55
ch:  50  126  119  132  133  135  129  118  132  133  119  137  120  131  135  117  124  124  115  132  119  133  129  137  133  123  132  136  122  129  130  124   23
ch:  51  130  125  125  135  120  114  124  117  115  122  122  126  118  124  118  123  125  125  118  117  131  126  123  139  135  123  139  131  129  151  141   56
ch:  52  123  124  125  119  122  132  134  124  123  130  122  123  135  121  130  122  132  119  125  123  120  120  140  126  127  135  139  134  136  148  140   24
ch:  53  122  123  121  121  131  135  124  122  133  131  130  116  124  117  121  125  115  127  119  131  134  124  125  122  130  138  141  136  136  134  142   52
ch:  54  122  125  124  121  133  113  125  129  116  134  116  139  132  123  136  124  126  132  116  127  132  133  137  132  131  111  141  133  140  146  139   24
ch:  55  122  118  122  131  131  120  123  133  122  137  126  124  124  134  118  131  134  132  127  131  130  121  126  133  134  136  134  132  139  149  152   56
ch:  56  125  138  135  119  131  130  126  134  133  123  117  131  124  131  107  133  122  126  122  126  129  123  134  133  134  134  135  147  130  124  145   23
ch:  57  135  124  122  135  122  137  121  132  125  129  118  132  123  122  120  132  136  126  138  124  121  136  133  124  134  133  134  136  132  140  150   56
ch:  58  125  123  126  142  117  137  130  129  121  123  132  125  119  129  116  133  129  117  121  107  122  129  124  129  134  137  137  127  134  136  140   23
ch:  59  132  126  130  120  118  117  136  124  125  120  126  127  130  124  130  130  131  115  132  137  129  130  139  139  131  129  130  140  136  143  135   56
ch:  60  126  110  124  137  120  137  121  115  120  121  125  125  130  126  126  124  119  138  123  131  134  131  142  134  129  135  137  138  132  132  125   23
ch:  61  126  125  126  135  127  131  132  122  118  133  130  131  133  123  120  125  135  136  129  122  130  132  126  122  133  122  124  127  131  135  140   56
ch:  62  131  129  115  131  129  123  116  130  123  134  130  122  122  118  126  122  124  134  125  127  130  130  124  120  125  124  130  126  135  125  140   19
ch:  63  118  127  119  122  126  138  116  130  138  127  130  117  122  122  125  121  122  124  136  132  132  137  135  123  133  138  141  130  133  134  139   56
ch:  64  130  134  127  126  125  135  139  130  131  132  132  132  134  135  119  134  131  130  135  132  132  133  121  136  134  131  141  143  133  124  129   17
ch:  65  122  124  120  137  125  130  123  132   -1  132  126  128  131  131  132  122  111  120  127  130  131  125  133  125  136  132  125  137  139  133  152   56
ch:  66  124  121  124  132  123  134  118  134  122  123  130  125  122  117  122  123  137  132  126  132  127  117  132  133  133  122  132  143  123  132  140   23
ch:  67  123  125  125  133  134  126  126  137  124  135  115  125  131  124  136  126  125  123  126  138  125  137  138  131  124  139  132  151  140  139  138   56
ch:  68  121  133  115  116  122  132  119  127  137  120  124  124  125  133  129  125  146  131  125  133  130  131  117  126  124  124  137  132  137  136  139   14
ch:  69  120  135  133  137  136  132  127  121  136  127  131  131  129  134  121  122  124  120  123  131  132  127  136  136  126  151  122  150  137  137  134   48
ch:  70  123  130   -1  133  118  132  124  124  125  119  132  127  124  126  127  138  126  125  126  126  132  137  140  119  133  141  138  124  135  147  136   11
ch:  71  132  125  129  124  129  135  121  122  121  123  126  134  132  132  134  132  132  131  119  134  126  140  129  132  124  132  133  132  138  130  139   51
ch:  72  137  132  120  125  124  123  132  137  131  141  123  138  129  118  122  133  142  116  133  134  125  141  139  123  136  120  134  125  124  134  137   24
ch:  73  123  120  138  138  134  139  125  124  126  123  132  115  131  127  132  137  135  119  123  130  133  134  134  136  137  138  132  140  151  140  152   56
ch:  74  121  131  131  118  123  133  125  130  126  125  124  132  134  138  132  129  133  125  131  131  134  125  132  121  133  124  122  123  131  127  135   16
ch:  75  123  124  124  136  124  119  121  130  120  131  116  129  125  113  120  126  131  124  136  132  132  126  136  130  131  124  133  136  151  133  147   56
ch:  76  132  129  121  131  125  134  131  133  122  138  117  122  123  131  139  123  122  131  134  131  133  120  137  132  129  133  125  136  137  134  135   26
ch:  77  132  130  128  119  124  122  137  137  123  126  124  143  107  120  135  119  135  136  135  129  126  134  133  137  136  142  147  140  148  151  135   51
ch:  78  129  126  130  126  134  116  132  132  121  126  131  132  124  133  138  121  124  132  125  130  141  134  140  127  124  133  135  137  130  134  129   13
ch:  79  124  125  134  123  127  125  122  127  135  124  132  130  140  140  129  123  130  125  130  127  131  129  135  136  134  134  135  140  132  133  151   46
ch:  80  129  122  122  142  126  128  120  130  139  132  129  133  134  127  133  140  125  119  127  126  131  134  125  130  132  131  141  141  136  149  155   19
ch:  81  128  124  122  136  130  122  124  134  125  133  127  128  130  125  137  126  122  133  122  132  139  118  132  134  131  127  138  140  139  125  140   56
ch:  82  141  134  130  137  130  146  126  123  136  122  125  138  125  122  124  131  126  125  134  130  122  122  127   -1  135  131  131  131  136  131  133   18
ch:  83  120  122  133  136  135  131  118  124  129  125  122  131  122  125  133  138  110  126  139  130  125  139  131  124  126  135  138  134  138  140  153   56
ch:  84  124  125  107  135  116  135  124  129  130  126  133  125  133  125  126  136  124  124  132  129  137  121  131  133  148  126  139  132  141  133  139   23
ch:  85  125  130  132  126  130  123  123  122  129  126  127  131  122  126  126  123  131  122  124  119  127  136  142  126  131  135  134  139  140  139  154   41
ch:  86  130  134  124  131  135  125  132  118  131  132  127  120  121  136  132  134  124  137  123  121  131  125  125  135  124  132  139  137  133  148  138   13
ch:  87  134  116  126  124  136  130  136  117  125  126  122  126  130  130  133  132  124  135  138  125  123  131  138  122  132  133  134  149  137  126  137   56
ch:  88  130  136  131  140  130  131  125  119  123  134  121  124  139  132  117  129  122  133  118  131  129  141  129  138  126  139  132  151  128  147  133    5
ch:  89  128  131  125  124  129  125  132  116  131  121  131  125  136  126  124  122   -1  125  132  121  130  131  135  123  137  126  132  133  134  139  133   49
ch:  90  128  131  123  124  135  127  130  133  133  120  116  130  133  120  122  124  134  120  133  131  137  134  140  134  126  118  130  133  139  136  149   10
ch:  91  129  125  124  125   -1  123  124  131  140  133  122  132  127  136  130  124  129  135  121  133  124  139  141  121  122  126  122  132  146  148  137   51
ch:  92  133  108  117  121  134  125  134  121  118  123  126  126  124  123  130  131  125  119  135  136  135  133  125  133  139  138  124  134  135  133  139   11
ch:  93  130  126  124  121  149  122  126  138  122  124  121  119  119  127  136  131  136  129  119  126  141  141  129  132  139  130  131  135  135  138  146   51
ch:  94  122  123  132  133  137  120  119  121  133  125  123  132  121  134  130  123  131  135  134  136  138  132  125  126  131  120  137  139  135  147  131   12
ch:  95  130  131  127  130  138  137  118  125  120  133  129  126  120  131  125  130  136  130  127  137  131  138  151  137  133  131  130  136  125  137  151   45
ch:  96  121  120  131  135  135  125  137  127  129  125  123  123  125  132  122  123  123  120  122  124  132  140  121  130  135  126  136  134  134  131  154    8
ch:  97  133  130  121  134  118  132  132  122  122  126  125  118  131  116  126  141  124  126  137  132  126  124  140  129  133  146  150  134  148  149  133   47
ch:  98  122  126  147  133  126  130  120  133  132  132  124  121  120  127  123  127  133  123  126  122  140  125  125  125  124  140  127  139  139  135  141    5
ch:  99  124  125  119  132  137  118  126  129  120  122  123  132  123  119  132  124  114  129  131  122  138  133  135  134  140  130  138  142  148  144  137   43
ch: 100  133  125  123  122  123  125  120  118  133  130  118  131  132  119  130  123  126  124  133  123  137  125  125  136  133  131  131  129  137  136  137    5
ch: 101  131  126  133  136  141  139  132  125  124  133  126  119  135  125  122  134   -1  133  124  127  123  136  133  123  118  137  127  137  132  150  141   45
ch: 102  120  135  125  133  121  132  123  131  126  118  123  126  134  126  114  127  132  121  123  124  136  132  134  139  123  123  141  130  134  123  137   -1
ch: 103  132  114  122  142  126  130  134  132  132  122  115  131  125  122  133  126  122  125  124  130  136  131  134  136  134  142  140  136  148  151  137   38
ch: 104  123  132  130  127  124  133  120  133  122  125  133  125  134  124  119  129  120  123  120  125  131  123  137  123  138  125  129  132  137  138  139    3
ch: 105  124  126  131  121  131  127  127  122  121  127  130  121  119  119  129  119  131  134  127  123  126  132  134  134  125  126  126  122  136  141  142   47
ch: 106  127  131  134  133  134  126  125  122  123  117  131  124  115  117  126  123  118  122  124  142  122  115  137  124  132  139  136  134  145  140  136   -1
ch: 107  122  125  117  123  124  117  123  133  132  111  131  118  131  139  135  121  125  138  129  125  136  138  131  133  126  133  138  137  141  139  134   39
ch: 108  126  124  130  126  117  124  120  135  130  121  119  127  140  124  125  116  123  132  137  133  131  135  124  141  133  140  135  134  136  139  141   -1
ch: 109  121  125  136  133  135  120  129  121  125  124  121  123  134  126  124  125  126  128  139  125  123  122  130  132  119  131  134  131  133  137  137   31
ch: 110  127  125  134  119  124  126  130  131  119  127  131  118  122  121  126  133  119  120  120  132  133  130  125  131  124  127  132  130  135  138  147   -1
ch: 111  126  131  125  130  127  124  129  119  135  123  122  119  132  136  125  120  122  124  127  127  131  132  124  135  129  129  131  126  148  131  136   34
ch: 112  138  136  137  122  123  120  131  122  133  130  117  123  132  122  131  141  115  130  131  137  136  121  135  125  135  136  137  140  134  126  156   21
ch: 113  123  134  127  130  121  122  118  126  124  135  132  117  134  126  115  118  124  125  125  125  125  123  121  131  125  132  140  142  134  136  134   37
ch: 114  122  136  134  119  126  132  137  137  124  122  138  132  120  132  122  127  123  117  123  127  124  122  130  130  133  133  133  130  132  127  142   -1
ch: 115  125  125  121  125  124  133  133  132  130  134  122  126  132  120  114  136  124  119  125  125  122  123  122  129  126  132  117  133  134  140  137   34
ch: 116  123  125  131  126  121  123  133  120  130  122  120  125  120  126  120  123  122  125  126  132  110  125  132  123  135  130  136  132  143  137  125    6
ch: 117  122  132  139  130  125  133  133  126  135  126  134  125  133  138  122  110  122  123  126  119  130  124  126  117  134  133  136  140  134  140  137   32
ch: 118  133  126  129  130  127  126  129  122  129  130  131  135  124  116  127  135  124  130  123  120  120  122  131  132  138  130  124  122  146  127  137    3
ch: 119  117  136  120  123  121  116  118  131  125  133  118  134  125  135  120  131  126  125  122  136  121  126  123  130  121  127  136  136  139  142  150   22
ch: 120  120  133  124  126  122  123  115  133  122  132  125  120  130  125  124  126  126  123  131  121  140  126  131  134  125  126  134  131  136  137  136   -1
ch: 121  134  131  131  138  132  138  130  139  124  123  119  132  120  123  121  122  124  118  124  126  132  131  135  123  126  128  135  130  140  148  146   26
ch: 122  120  124  131  135  121  130  137   -1  121  124  125  120  120  124  116  125  127  124  125  120  132  130  124  137  122  134  126  133  136  141  136   22
ch: 123  127  124  127  125  126  110  122  139  126  125  130  126  125  122  119  132  139  133  131  133  134  134  134  140  117  133  130  133  143  147  156   15
ch: 124  126  131  134  116  120  127  120  121  131  124  131  125  133  134  118  128  122  120  134  118  130  117  120  126  121  122  131  135  130  135  132   -1
ch: 125  135  135  131  124  124  130  124  133  118  130  121  137  132  135  126  130  132  122  133  142  137  136  132  145  134  132  127  139  136  138  149   16
ch: 126  132  133  139  133  110  132  119  116  130  125  124  126  125  126  119  124  125  115  123  133  132  133  130  133  133  126  123  130  130  141  140   27
ch: 127  136  117  135  126  138  127  135  133  125  134  123  124  135  121  124  124  127  134  132  143  125  136  133  135  148  132  143  147  127  147  151   12
