# ID XA-000-08-002-000-003-187-03
# Tag _trim_
# Date 240513_14:04:11
# Vref_p 58
# Vref_n 22
# Thr2_glb 56
# Vref_t 118
# Vref_t_range 1
# Pol 1
# ADC range 30-247
# FAST disc 30
ch:   0  114  117  121  114  121  135  107  115  110  115  107  102  108  107  116  115  116  104  109  107  121  110  106  105  109  113  109  106  121  107  120   11
ch:   1  118  106  116  126  117  107  116  101  108   94  106  106  108  110  104  104  106  115  108   88  117  107  106  115  104  106  107  101  121  122  115   32
ch:   2  115  122  121  109  117  123  123  114  117  113  107  109  107  104  115  104   93  115  106  101  110  104  106  108  119  105  115  113  103  116  121    8
ch:   3  101  115  114  115  116  124  110  115  114  114  116  105  110  115  108  105  104   99  106   98   94  100  111  102  109  105  109  110  115  107  119   23
ch:   4  115  119  118  114  104  124  108  115  108  110  114  110  105  116  115  104  101  119  100  106  109  115  106  108  119  115  117  113  113  110  123   -1
ch:   5  109  117  109  116  113  107  108  105  110  110  106  101  107  106  106  105  122  104  110  101   99   94  106  104  105  104  119  110  115  111  107   33
ch:   6  108  109  117  106  108  119   97  107   -1  105  103  104  116  107  108  104  119  119  103  103  105   94  100  108  110  110  113  106  111  123  118   24
ch:   7  119  126  123  119  109  124  117  111  106  117  109  104  118   93  107  122  110  102  108  107  108  103  106  115  116  103  110  107  109  115  122   25
ch:   8  115  111  121  103  114  109  114  115  107  104  109  104  110  105  103  104  115  105  116  107  110  114  110  113  102  115  116  107  115  100  114   50
ch:   9  110  115  122  117  109  106  115  113  107   99  101  100  109   99  103  104  101  102  102  103  110  107  105  105  105  109  118  113  121  114  123   30
ch:  10  117  116  120  117  108  116  119  108  105  106  106  102  102  115  117  106   99  110  106  106  105  109  117  117  106  106   92  106  117  115  120   -1
ch:  11  104  107  105  104  114  108  108  106  117  107  106  101  106  104  101  100  103  104  109  104  101   99   92  123  110  105  104  116  119  113  117   48
ch:  12  130  123  119  106  106  118  116  107  106  119  106  109  101  106  109  102  104   99  112  115  119  102  104  101  116  109  103  120  110  117  122   -1
ch:  13  113  130  104  109  115  110  116  107  102  106  108  106  106  100  109  101  102  107  119  122  109  104  114  107  116  105  115  107  121  118  117   41
ch:  14  106  111  121  117  114  123  104  114  115  104  113   92  114  100  102  115  114  100  105  103  107  110  115  102  108  104  105  115  110  119  123   26
ch:  15  114  116  122  131  115  121  118  105  106  108  107  102  101  101  109  105  102  105  103  103  113  105  101  102  101  105  107  109  100  111  106   33
ch:  16  115  123  115  125  118  112  109  107   99  119  108  114  100  101  103  104  115  109  101  105  107  106  111  106  109  107  105  115   99  108  120    5
ch:  17  124  106  110  121  114  116  116  114  107  116  117  104  105  105  104  115  110  101   99   98  102  107  104  106   94  102  115  111   99  117  109   53
ch:  18  108  117  119  118  115  120  102  109  107   -1  107  105  115  119  102  106  104  105   87  107  100  117  116  109  100  108  108  111  116  115  111    5
ch:  19  120  110  119  116  116  107  125  121  100  100  104  120  111  100  103  103  106  118   91   99  108  101  104   99  114  105  104  115  116  109  118   48
ch:  20  117  107  106  111  109  120  119  116  111  106  108  109   99  103  105  109  104  104  112  105  107  123   99  102  110  100  114  129  109  125  124   10
ch:  21  117  116  116  114  117  106  106  106  110  100  107  108  109  102  118  103  104  102  106  103  102   99  118  106  115  101  107  112  118  115  125   56
ch:  22  115  117  120  117  115  107  111  107  116  105  106  105  106   98  101  100  102  102  108  108  107  113  104  109  108  108  109  110  106  124  108    3
ch:  23  125  119  120  118  117  108  116  114  114  114  116  105  107  102  122  114  104  102  108  102   99  105  107  103  119  106  105  110  121  109  108   44
ch:  24  121  121  109  120  118  108  115  107  108  121  102  107  106  105   98  116  106  102  109  109  103  108   99  109  113  106  110  118  114  106  124   16
ch:  25  121  108  122  108  115  115  121  103  110  110  121  103  105  103  101  100  103  106  102  119  108  101  103   92  117   98  109  115  111  106  111   56
ch:  26  108  116  118  108  110  110  109  108  115  108  119  107  103  106  115  108  115  120  107  101   98  115  109  107  118  103  117  107  119  104  117   17
ch:  27  117  119  111  123  102  103  108  115  111   98  108  107  116  100  102  117  102  101  101  102  117  105  100  109  106  112   93  115  108  106  118   56
ch:  28  108  110  107  117  110  116  118  115  106  111  115  108   94  107  102  106  108  110  105  103   93  104  110  114  108  108  116  107  120  124  109   16
ch:  29  110  117  115  115  120  117  106  120  111   97   94  104  109   99  100  113  115  107   99  100  100  100  105   99  107  117  108  116  119  115  122   45
ch:  30  104  108  115  107  120  110  106  114  111  110  104  110  102  100  117  101  106  102  102  109  103  104   94  105  101  106  105  108  108  116  108   12
ch:  31  115  115  108  122  120  117  115  104  106  108  103  105  104  115  101  119  100  101  108  105  107  105  102  113   99  106  108  109  115  109  118   56
ch:  32  108  121  113  119  103  116  105  119   98  103  115  114  116  104  106  119  107  104  111  103  104   99  115  107  107   94  115  106  113  123  120   15
ch:  33  116  119  119  118  117  116  109  110  117  107  113  115  106  107  108  117  106  105  110  114  109  110  109  108  115  108  120  111  121  104  120   56
ch:  34  115  109  103  119  110   99  104  121  100  120  121  120  111  105  104  112  117  115  107  106  102   99  106  110  109  104  110  123  107  117  121   20
ch:  35  117  118  119  109  117  118  115  121  106  114  114  103  104  108  107   95  102  119  102  103  102  103  103   95  103  105  107  104  119  120  109   56
ch:  36  120  116  114  118  118  110  103  117  101  115  114  104  108  106  117  101  105  104  103  102  109  114  107  103  117  108  101  118  116  120  119   15
ch:  37  106  104  110  109  122   99  121  113  103  108  107  115  118  105  103  100  101  101  103  113  103  102  109  105  101  108  102  107  105  110  118   56
ch:  38  102  122  119  109  117  105  118  103  100   -1  114  107  100   99  100  105  108  106  105  105  115  109  104  104  108  103  112  108  116  110  117   26
ch:  39  118  107  109  107  114  118  117  120  109  118  105  111  104  106  110  104  103  102  108  109  103  103  105  104  121  113  118  104  116  119  124   56
ch:  40  113  123  108  111  109  114  126  105  118  120  106  115  103   97   99  104  104  104  111  103  101  105  110   92  102  115   99  112  104  111  121   35
ch:  41  121  117  108  109  111  109  124  103  121  114  117  109  108   99  101  107  108  104  101  120   93  102  105  123  103  116  110  117  106  118  116   56
ch:  42  119  118  122  107  104  120  111  103  109  116  110  110  106  107  103  104   90  106  101  109  110  102  110   95  117   99  117   -1  124   -1  115   42
ch:  43  119  108  116  111  107  121  119  125  104  116  113  104  105  109  109  105   99  103  110  104  101  108  109   99  103  118  117  110  110  111  109   56
ch:  44  123  115  116  104  103  101  106  115  108  106  106  105  101  115  100  114  102  101  105  106  102  118  102  106  105  110   99  114  108  121  108   19
ch:  45  120  124  120  121  118  108  117  108  116  105  113  109  106  107  110  103  107  108  108  103  106  110  110  119  117  117  116  123  116  117  123   56
ch:  46  120  117  121  122  109  120  115  107  105  107  102  103  104  116  101  101   -1  114  107  108  102  100  104  100   94  111  106  109  110  115  117   27
ch:  47  124  118  125  122  119  125  120  106  107  107  105  108  120  103  120  105  121  125  103  114  103  104  106  107  109  120  121  104  118  120  119   56
ch:  48  103  120  116  117  101  102  116  115  110  115   88  105  117  101  115   99  101  106  111  104  105  102   95  100  106  109  111  115  116  118  116   32
ch:  49  103  106  117  105  120  118  116  108  107  102  102  110  106  107  110  103  107  101  105  102  104  116  108  111  119  108  116  114  109  110  124   56
ch:  50  124  122  108  105  111  112  117  117  119  110  119  108  110  111  104  102  117  109  101  107  113   99  106  105  103  116  116  116  107  116  122   28
ch:  51  115  120  117  113  104  107  116  120  106  116  106  109  112  118  104   93  108  103  111  100  111  110  107  109  115  101  107  110  116  126  133   56
ch:  52  120  121  118  117  118  107  122  117  105  115  120  108  106  108  110  106  109  117  111  105  100  108  109  107  110  104  109  121  116  121  117   34
ch:  53  118  114  122  117  107  125  119  114  108  116  100  115  104  106  107  104  108  109  104  100  107  106  114  102  118  117  106  114  117  123  130   56
ch:  54  125  117  114  122  118  113  117  119  113  123  116  105  114   95  118  108  100  117   99  103   87  120  105  118  102  121  118  117  109  109  109   25
ch:  55  115  122  104  120  121  117  101  100  107  102  102  110  115  103   99  109  105   -1  104  118  119  108  110  119   99  117  117  111  121  108  109   56
ch:  56  111  111  110  111  110  124  115  119  122  110  118  111  116  102  107  105   99  116  106   95  108  104  108  115  115  108  111  106  117  120  123   29
ch:  57  111  125  115  117  119  113  100  117  117  117  110  117  123   97  106  110  114  108  105  102  105  110  103  115  123  108  105  109  123  116  132   56
ch:  58  120  120  120  112  118  115  117  101  115  107  116  101  114  112  106   96  103  113  107  106  100  108  109  104  108  120  114  106  109  124  110   18
ch:  59  119  116  117  120  122  118  105  115  109  117  106  106  117  106  109  116  109  106  109  108  104  102  109  114  115  102  121  116  103  122  118   56
ch:  60  121  131  122  110  119  114  122  107  104  109  120  121  108  107  102  102  114   -1  107  115  107  102   98  117  106  116  116  117  108  117  116   22
ch:  61  107  101  117  105  111  126  120  114  115  105   94  108  118  104  105  106  105  105  117  110  103  107  103  114  103  110  121  110  114  120  124   56
ch:  62  116  115  119  121  129  129  110  109  110  107  106  102  108  109  106  105  100   99  108  104  119  108  109  114  115  104  110  107  118  119  116   23
ch:  63  100  108  120  119  114  108  116  118  102  108  114  109  106  104  110  120  114  106  106  108  114  107  117  115  108  103  107  119  116  119  120   56
ch:  64  123  117  122  123  123  116  108  120  110  119  110  117  103  103  120  107  123  105  107   98  103  117  107  114  111  118  121  118  117  117  121   22
ch:  65  116  106  119  118  120  119  117  119  109  119  111  115  119  108  106   94  104  101  116  121  110  102  106  101  108  108  116  119  122  115  124   56
ch:  66  111  115  124  121  125  117  122  118  120  110  114  102  119   93  107  102  105   99  109  108  104  113  104  115  107  121  114  115  115  118  124   25
ch:  67  110  119  125  109  119  108  114  116  109  112  109  118  108  107  103  107  107  110  100   99  101  108   -1  108  109  117  111  111  114  121  120   56
ch:  68  116  125  125  124  116  115  120  114  120  106  120  113  100  107  106  108  106  107  100  105  116  115  103  114  108  116  116  116  121  125  119   36
ch:  69  123  119  118  118  115  104  119  108  121  106  106  118  116  103  110  113  106  115  111  108  114  107  114  116  109  115  115  117  118  130  119   56
ch:  70  111  118  116  119  117  105  119  115  119  124  112  105  108  119  118  106  109  101  112  113  113  101  108  114  105  123  108  108  122  107  111   31
ch:  71  107  116  120  120  115  107  111  108  107  105  112  108  114   99  110  110  108  116  102  118  107  110  116  106  118  117  118  123  123  116  121   56
ch:  72  120  117  110  110  109  115  126  116  119  107  100  109  109  118  102  110  116  104   98   99  106  110  108  114  117  108  115  110  119  120  117   28
ch:  73  116  123  118  120  117  117  117  107  118  107  119  117  113  105  100  115  101  107  107   94  114  110  110   98  115  116  112  109  127  124  121   56
ch:  74  107  120  114  121  113  118  108  122  121  113  113  120  109  107  114  115  108  115  109  101   95  103  104  104  120  117  111  120  107  105  124   26
ch:  75  116  116  108  102  120  101  116  123  124  109  107  105  106  104  116  107  110  106  124  106  110  112  109  110  116  108  118  122  119  118  121   56
ch:  76  105  114  118  107  118  116  114  103  116  105  105  116  122  118  108  105  106  107  102  103  105  106  105  109  111  115  116  107  119  117  120   21
ch:  77  121  124  100  121  108  121  108  120  115  111  120  111  104  108  101  102  102  116  109  107   95  102  115  116  109  121  107  110  126  118  121   56
ch:  78  115  119  123  117  118  120  117  108  120  113  113  107  107  108  119  118  108  104  108  122  102  107  106  105  124  102  125  116  110  117  109   33
ch:  79  115  119  116  120  120  120  116  107  115  116  110  101  100  106  118  118  104  103  102  105  102  110  118  114  106  115  115  105  113  126  120   56
ch:  80  127  123  124  117  110  120  115  108  103  104  107  115  115  119  104  116  117  107  104  101  115  110  105  120  115  134  122  115  123  119  107   27
ch:  81  119  122  124  119  121  120  122  115  116  120  120  108  108  113  119  108  119  103  115  111  103  114  106  107  116  105  110  120  109  118  103   56
ch:  82  111  120  123  117  116  114  118  117  107  119  108  115  110  108  106  115  119  102  109  114  104   94  115   95  120  107  114  107  100  121  118   20
ch:  83  123  118  116  118  123  119  117  106  119  110  108  108  119  100  106  105  102  105   95  107  102  101  107  119  114  113  125  114  110  107  127   56
ch:  84  118  120  115  107  123  118  106  108  106  115  107  105  100  116  105  108  107  116  117  109  104  107   -1  109  109  108  108  126  119  115  104   23
ch:  85  119  113  107  107  103  107  123  117  118  109  120  111   99  120  117  101  114  106  102  114  108  107  110  110  120  119  118  117  123  127  117   56
ch:  86  117  123  126  107  109  105  124  103  116  106  107  110  103  117  101  107  102  119  106  102  109  105  107  107  103  115  123  117  110  110  105   30
ch:  87  109  123  124  124  120  117  115  102  102  110  113   99  107  106  106  107  100  115  103  107  108  103  114  108  107  110  117  116  106  126  121   56
ch:  88  117  119  122  108  124  121  103  123  118  106  108  110  119  107  108  113  115  101  113  106  107  103  109  111  105  115  110  115  115  129  111   17
ch:  89  134  109  111  120  107  107  121  110  106  119  116  119  121  116  114  104  106  101  118  102  110  101  114  114  118  119  119  115  123  117  105   56
ch:  90  130  115  115  118  108  117  114  108  115  116  101  106  106  118  115  105  109  104  106   95  113  105  107  109  118   98  115  109  106  119  125   22
ch:  91  116  124  119  116  121  122  118  115  107  116  118  114  108  107  106  107  104  115  110  127  117  115  119  118  121  109  119  119  113  126  131   56
ch:  92  121  106  119  119  121  105  104  110  113  116  118  109   99  101  105   99  113   95  108  116  108  105  103  104  106  105  115  131  129  107  121   30
ch:  93  107  119  117  114  110  116  114  108  106  116  104  118  122  105  105  103  104  103  107  113  109  109  111  108  114  114  115  117  116  118  118   56
ch:  94  115  103  122  110  107  106  109  104  107  115  110  108  107  110  106   98  106  108  114  113  105  109  105  109  103  115  116  111  115  120  104   29
ch:  95  116  118  108  119  117  129  116  116  108  122  114  105  117  114  109  110  123  107  109  116  102  117  108  110  117  116  114  113  123  120  125   52
ch:  96  119  118  104  120  111  106  102  125  121  101  111  109  110  109  105  117  104  108  110  114  114  114  132  106  118  120  115  119  114  118  131   17
ch:  97  123  121  119  117  116  118  109  122  122  109  106  111  106  109  105  114  106  119  108  108  115  111  101  107  108  117  108  129  118  118  123   56
ch:  98  121  114  103  118  123  119  115  106  109  114  114  106  107  100  106  100   99  110   93   -1   94  106  108  105  105  106  109  115  119  125  114   12
ch:  99  121  116  118  119  120  101  116  100  104  106  116  110   94   92  103  116  105  108  101  101  108  123  101  103  122  119  116  120  115  122  123   56
ch: 100  110  118  118  117  109  114  110  110  122  119  118  107  105  116  109  116  106  115  111  109  109  105  106  102  108  124  104  123  117  117  117   20
ch: 101  122  118  130  123  104  118  107  113  110  109  107  105  120  115  101  108  104  109   94  101  110  114  123  117   99  109  122  121  120  118  124   49
ch: 102  109  118  113  105  107  118  109  112   99  106  100  107  101  108  113  102  111  117  104  107   95   99  106  107  115  110  106  114  111  115  115   20
ch: 103  126  122  121  122  121  117  117  114  105  103  106  117  110  108  103   99  109  109  109  109  114  114  110  104  116  114  107  111  108  123  124   49
ch: 104  122  121  124  116  119  110  115  111  105  111  109  107  114  102   95  104  116  102  114  108  108  116  115  107  109  117  102  110  118  110  122   22
ch: 105  119  121  107  110  108  105  109   98  104  113  110  106  114  102  107  111  116  105  104  102  102  103  114  108  107  109  109  118  115  119  129   40
ch: 106  108  121  118  116  125  116  104  116  104  121  111  104  116  102  108  104  116  114   99  104  115  107  102   91  102  113  122  118  109  117  125   15
ch: 107  118  116  123  110  108   94  115  120  107  108  115  111  118  101  106   99  110  100  101  107  103  105  108  106  105  116  112  132  110  118  120   37
ch: 108  118  119  120  109  115  108  109  116  117  122  116  121  124  110  109  107  105  110  100  108  106  115  116  117  107  113  103  115  125  130  116   10
ch: 109  120  123  110  106  119  118  104  101  122  123  118  110  104  116   99   98  121  107  105  104  111  108  121  116  105  117  114  108  118  115  116   37
ch: 110  111  116  116  119  115  119  120  108  119  103  102   90  116  110  104  105  111  100  107   94  102  118  105  103  116  118  120  118  115  113  120   14
ch: 111  122  118  119  114  109  108  111  108  116  115  103  123  103  107  101  109  122  109  111  117  118  106  109  117  103  124  102  100  119  118  122   44
ch: 112  116  123  115  114  120  117  106  115  104  116  114  116  107  115  107  110  111  102  104  103  110  101  105  117   99  110  102  109  114  118  126    5
ch: 113  119  124  123  117  109  127  106  135  108  116  119  106  121  102   94  102  108  105  108  101  108   94  109  118  113  120  106  114  115  115  123   39
ch: 114  119  115  119  118  117  116  122  113  107  121  107  115  103  109  107  111  114  110  107  102  117  114  111  118  107  116  102  121  114  121  121   12
ch: 115  123  122  123  116  116  120  122  104  109  114  101  115  100  115  106  108  116  108  120  104  115  109  114  110  117  107  117  120  115  106  117   39
ch: 116  123  119  115  108  117  115  118  109  118  119  105  108  108  102  109  122  103  105  108  111  107  115  114  112  100  110  110  106  116  107  122    7
ch: 117  120  110  121  115  124  111  111  125  107  110  104  103  122  117  103  104  106   97  106  107  104  108  110  116  111  107  101  116  117  120  121   45
ch: 118  120  118  118  107  107  106  109  108  118  100  114  115  113  100  100  102  100  106  119  109  105   99  124  117  115  106  122  116  120  105  115    2
ch: 119  116  117  114  124  115  118  124  121  115  116  117  105  111  124  109  107  101  113   99  102  104  108  117  115  103  115  109  108  110  121  117   26
ch: 120  122  118  119  111  124  112  114  104  111  123  107  118  108  103  119  116  100  110  117  111  116  113  109  108  122  111  100  108  123  120  120   -1
ch: 121  119  116  121  118  115  117  108  109  115   99  110  119  103  107  103  108  118  110  113  115  103  102  107  115  106  121  115  121  117  108  120   32
ch: 122  118  123  107  124  117  127  105  122  113  117  114  115   95  114  102  124  112   99  115  108  103  115  117  110  119  108  109  117  122  117  122   -1
ch: 123  118  127  120  119  122  117  109  118  116  117  116  108  104  110  117  107  108  115   99  108  116  109  104  110  115  119  113  119  119  116  115   30
ch: 124  120  121  118  121  116  118  111  117  110  115  115  109  106  110  111   98  105  121  105  106  109  109  120  108  100  112  115  119  118  131  109   -1
ch: 125  126  124  135  117  110  119  117  120  117  114  109  114  109   94  109  101  115  114  103  108  119  108  120  116  115  116  123  116  127  123  122   22
ch: 126  121  119  117  123  118  109  115  111  106  107  111  111  105  100  117  109  105  115  109  107  103  105  108  102  107  112  126  122  119  105  117   -1
ch: 127  125  121  113  126  107  111  121  126  121  123  115  109  113  106  116  119  118  116  118  115  108  113  119  126  115  116  117  120  121  130  121   12
