# ID XA-000-08-002-000-001-078-06
# Tag _trim_
# Date 240619_20:27:34
# Vref_p 56
# Vref_n 22
# Thr2_glb 63
# Vref_t 118
# Vref_t_range 1
# Pol 1
# ADC range 30-247
# FAST disc 30
ch:   0  122  124  130  118  126  117  123  125  124  122  118  123  116  117  123  109  111  120  117  117  107  112  118  108  113  108  124  114  118  118  122   -1
ch:   1  124  121  119  125  123  110  131  118  119  115  123  124  109  125  110  115  105  121  116  114  114  119  114  122  118  123  126  123  126  131  131   40
ch:   2  131  127  135  120  122  119  119  103  123  123  119  120  111  121  114  110  110  118  135  110  117  118  132  111  117  127  119  132  133  123  125   -1
ch:   3  139  133  123  125  122  118  109  120  121  117  117  122  117  108  115  113  118  126  106  123  115  126  117  121  119  116  117  121  135  125  125   -1
ch:   4  132  131  119  133  122  116  117  121  116  124  117  119  119  107  114  110  117  121  120  116  117  118  115  117  107  106  116  135  119  125  130   16
ch:   5  124  132  122  124  118  122  120  120  119  123  116  118  117  116  115  104  120  105  117  122  104  122  129  127  123  124  119  131  131  126  119   -1
ch:   6  129  134  114  120  124  125  120  120  115  126  104  115  126  118  115  108  120  104  106  107  116  110  110  117  105  115  111  121  129  120  123   32
ch:   7  135  130  135  121  133  119  122  118  118  118  115  115  130  111  106  114  108  124  121  108  103  111  120  122  110  118  126  125  125  133  130   53
ch:   8  122  119  127  121  116  133  127  116  119  127  120  114  108  123  118  113  120  123  111  106  109  109  105  119  104  117  124  124  122  121  120   27
ch:   9  124  119  126  123  133  131  136  121  121  113  114  106  108  114  106  117  109  105  119  116  108  106  123  122  121  118  116  117  114  132  119   -1
ch:  10  133  120  102  118  117  119  119  131  122  108  114  121  118  132  117  105  105  121  116  120  105  104  111  116  116  109  120  123  121  123  124   23
ch:  11  130  126  131  124  117  126  118  108  117  121  121  109  105  107  118  119  115  121  105  122  124  125  120  116  119  123  122  120  121  126  124   -1
ch:  12  131  121  110  118  124  124  122  117  118  115  121  122  110  122  115  106  117  119  108  122  105  104  104  118  106  118  118  120  109  127  134   30
ch:  13  133  140  124  124  116  122  108  115  125  118  115  120  108  123  129  114  118  121  123  116  119  118  120  123  117  119  127  124  132  121  116   -1
ch:  14  125  131  120  122  111  119  127  126  108  123  126  116  118  104  116  122  108  120  117  120  119  106  105  119  109  125  121  126  117  123  134   41
ch:  15  121  136  125  120  122  126  131  132  117  125  121  114  115  115  117  106  116  118  109  125  124  117  124  120  118  119  130  124  132  123  125   -1
ch:  16  135  132  141  122  115  117  123  115   -1  117  123  121  109  115  122  131  113  116  112  119  110  122  113  108  121  116  130  111  120  130  123   37
ch:  17  125  137  130  119  127  122  122  109  130  114  123  124  115  121  111   99  104  117  122  105  116  119  119  107  117  125  126  122  126  123  131   -1
ch:  18  124  120  130  126  131  109  130  119  122  119  121  119  107  122  120  116  116  106   98  107  131   94  125   94  117  107  120  120  122  124  121   38
ch:  19  132  127  121  109  117  125  118  118  113  118  119  120  120  104  115  115  117  108  108  108  119  120  120  121  119  123  132  116  130  120  126   49
ch:  20  136  122  122  119  122  117  131  122  115  106  119  123  123  119  119  111  110  121  104  105  104  117  120  109  124  118  127  118  120  120  125   42
ch:  21  131  125  131  135  111  121  137  126  108  118  110  125  120  115  121  119  118  111  130  116  108  115  114  126  121  122  124  122  122  122  123   -1
ch:  22  122  126  127  123  119  120  117  131  125  124  119  131  116  131  117  116  107  119  110  108  107  115  121  117  122  123  131  118  122  122  135   45
ch:  23  133  123  121  123  125  127  136  121  118  131  108  132  117  116  118  124  123  120  125  121  117  118  116  107  121  113  124  120  123  117  132   52
ch:  24  125  137  120  123  125  117  124  131  124  116  125  131  124  119  123  105  122  118  107  115  105  117  121  119  128  105  123  118  116  125  126   40
ch:  25  131  124  119  132  125  122  109  117  133  110  117  123  116  117  110  122  126  118  118  106  124  118  117  119  110  117  125  133  125  134  125   -1
ch:  26  126  137  124  118  132  119  135  125  121  124  106  123  127  118  122  114  119  117  116  108  113  108  131  116  117  120  121  119  118  130  115   56
ch:  27  126  125  132  126  109  133  119  125  115  120  118  115  113  119  116  119  118  113  119  122  119  123  108  116  126  107  121  120  122  124  115   -1
ch:  28  136  115  131  129  124  117  120  123  124  126  108  126  115  118  122  117  122  119  122  117  115  126  119  125  109  118  130  122  118  132  131   47
ch:  29  117  120  124  124  121  124  123  126  132  117  123  118  110  104  116  122  117  117  105  117  121  121  116  121  136  116  126  132  119  124  125    1
ch:  30  131  120  131  131  125  117  119  124  125  119  123  118  115  111  127  104  106  118  109  122  116  121  120  121  116  123  125  121  129  121  131   47
ch:  31  127  130  133  118  121  126  124  122  123  126  109  119  123  115  120  117  120  125  121  118  114  120  124  130  126  119  119  125  126  121  125   -1
ch:  32  136  125  134  126  123  120  116  122  127  113  123  130  116  126  126  126  122  109  107  121  123  119  116  124  121  131  131  125  123  132  118   54
ch:  33  127  122  126  130  116  122  120  117  114  122  133  117  118  133  108  123  110  108  117  122  121  116  115  122  108  117  110  125  123  124  134   -1
ch:  34  119  124  121  116  120  131  122  117  119  117  115  119  120  120  118  106  120  121  123  109  104  106  108  124  125  107  124  124  130  117  131   44
ch:  35  121  122  118  128  125  122  110  115  107  108  120  120  125  119  123  118  121  125  111  106  120  119  116  121  131  119  124  120  125  139  132   54
ch:  36  135  116  125  142  121  125  117  131  117  107  121  118  121  122  120  106  126  120  122  117  121  119  108  107  122  118  125  120  120  122  145   26
ch:  37  122  134  116  132  132  120  108  134  124  120  122  124  122  108  118  119  119  123  120  132  117  117  117  126  121  124  119  131  123  133  122   -1
ch:  38  122  127  122  123  125  119  115  126  119  108  111  114  120  126  111  110  119  109  106  120  124  121  108  115  106  106  106  122  120  116  129   21
ch:  39  127  121  123  125  125  123  117  121  122  115  103  106  105  115  119  115  108  114  107  123  103  112  126  119  114  117  136  139  125  136  132   -1
ch:  40  133  125  124  123  123  118  131  119  124  107  121  126  116  109  104  108  108  119  110  117  118  121  125  122  122  101  118  123  120  119  119   29
ch:  41  123  126  132  127  125  130  122  124  120  110  118  116  118  122  124  124  115  106  125  120  108  133  122  118  121  125  121  131  131  130  135   -1
ch:  42  120  132  116  125  119  122  107  118  116  124  118  118  118  110  114  117  112  110  107  106  106  108  118  121  105  115  125  121  120  110  124   46
ch:  43  120  131  123  125  125  122  126  131  131  118  104  121  120  118  119  108  119  118  106  107  121  126  118  123  122  116  123  131  131  124  133   -1
ch:  44  125  130  136  121  125  128  123  123  124  120  115  119  120  106  116  116  111  117  114  116  122  120  103  127  120  120  125  121  121  117  115   50
ch:  45  137  133  132  127  114  119  116  118  121  123  123  122  107  107  107  113  111  117  125  123  123  118  114  110  116  126  131  120  120  124  131    8
ch:  46  131  124  129  125  124  121  119  121  117  117  122  123  123  108  118  118  102  117  122  107  113  107  118  120  119  117  122  116  117  133  120   45
ch:  47  145  126  122  124  124  118  104  117  131  124  120  116  121  109  113  124  117  123  117  119  123  125  123  122  124  121  124  138  134  133  132    3
ch:  48  133  126  123  121  122  116  133  120  119  120  111  119  122  123  124  108  123  112  113  124  122   -1  110  122  127  110  123  107  126  127  126   41
ch:  49  126  120  120  133  124  129  132  125  120  123  117  122  120  109  110  109  108  115  118  131  116  106  131  120  129  127  120  121  122  124  135   -1
ch:  50  133  133  124  124  131  134  125  115  124  116  106  121  119  123  120  120  122  114  119  124  107  125  118  120  108  107  123  129  122  131  130   40
ch:  51  119  137  124  116  122  123  136  126  125  119  121  127  111  126  124  124  120  119  119  116  122  116  122  125  125  119  122  131  124  131  130   -1
ch:  52  121  134  132  140  129  129  106  123  124  129  120  115  125  118  121  120  120  115  121  117  116  120  119  122  115  118  118  130  118  108  132   40
ch:  53  138  125  133  135  120  130  117  119  124  108  129  119  125  117  116  115  118  121  121  118  120  122  114  116  115  117  126  127  132  125  133   -1
ch:  54  119  126  121  137  121  105  122  135  125  119  120  122  116  108  124  109  114  121  125  125  125  119  117  129  107  119  135  118  122  119  123   41
ch:  55  133  124  127  133  123  120  131  118  126  125  121  125  115  122  121  123  120  107  120  116  124  120  119  117  123  133  133  128  131  133  136    1
ch:  56  134  132  122  126  116  119  120  116  123  126  122  119  109  119  120  114  115  107  116  120  108  119  136  118  118  119  121  102  133  121  123   37
ch:  57  131  134  126  125  125  130  132  133  127  126  115  133  105  108  116  119  122  117  117  131  133  125  123  134  132  118  120  130  119  124  126    2
ch:  58  127  120  119  136  131  121  132  123  119  122  115  117  120  120  118  126  115  109  114  122  121  125  123  116  122  122  109  119  122  123  137   44
ch:  59  134  130  124  124  131  121  118  132  118  126  121  108  120  131  117  119  128  121  119  132  123  131  120  123  126  130  123  132  132  137  131    6
ch:  60  120  140  133  125  123  105  122  130  122  121  122  115  122  117  120  116  122  118  122  121  117  114  119  107  120  123  125  133  119  133  126   41
ch:  61  137  136  122  133  124  122  121  127  125  131  122  124  117  121  117  117  118  108  123  118  121  120  111  121  117  127  126  139  134  125  137   -1
ch:  62  138  129  124  116  130  125  120  116  117  119  123  115  121  114  117  131  126  131  122  122  117  122  124  122  111  127  130  126  122  131  124   33
ch:  63  132  121  122  134  121  118  120  122  133  119  121  122  116  122  119  115  123  135  119  121  120  133  118  118  123  132  111  126  132  131  124    4
ch:  64  125  145  126  122  132  126  125  116  126  126  121  117  124  120  124  116  107  105  127  119  126  119  118  125  121  117  117  122  121  122  126   40
ch:  65  126  126  130  131  131  132  109  123  131  111  117  116  119  134  118  115  132  120  116  119  116  124  106  118  116  117  130  130  135  125  129    4
ch:  66  125  121  127  117  121  110  120  119  126  126  110  115  118  117  114  116  108  109  115  120  122  114  118  122  119  126  117  129  129  119  133   42
ch:  67  123  125  121  122  130  120  123  132  107  120  118  124  108  105  116  101  132  108  118  117  117  121  118  114  121  119  127  125  106  131  131    6
ch:  68  129  130  132  126  133  132  122  121  116  125  121  105  119  125  121  122  117  123  119  139  122  116  116  124  130  116  120  128  124  126  137   30
ch:  69  134  130  126  122  120  122  111  122  105  111  124  124  106  122  123  116  125  115  107  107  109  114  118  117  123  117  117  132  133  116  130    4
ch:  70  127  124  126  134  119  121  132  123  125  124  111  122  121  118  109  118  123  118  119  117  120  118  119  117  122  121  102  130  129  119  119   46
ch:  71  130  137  120  119  124  120  123  115  118  118  120  121  119  122  106  119  117  120  121  110  124  116  131  122  119  122  125  122  123  124  118    7
ch:  72  124  121  124  124  117  116  120  125  123  118  119  120  106  117  111  120  106  111  125  123  123  125  119  123  116  122  119  121  134  123  108   42
ch:  73  135  123  117  122  122  123  124  120  125  122  123  110  122  107  126  123  120  121  105  117  120  121  117  117  130  125  123  123  121  133  137   -1
ch:  74  125  124  130  116  121  118  120  130  120  119  115  120  115   -1  124  118  114  107  107  111  136  107  119  106  115  106  125  124  121  123  130   41
ch:  75  123  125  121  125  136  120  116  112  125  131  122  111  124  115  123  120  107  109  123  117  105  103  110  125  118  133  121  131  130  133  142   10
ch:  76  123  124  126  129  123  116  117  115  122  124  121  122  120  123  117  107  107  118  118  124  119  118  118  125  122  118  118  119  126  125  116   37
ch:  77  129  136  125  131  119  134  120  124  130  120  115  111  118  130  124  122  117  114  119  113  124  121  122  131  118  121  124  126  124  130  132   15
ch:  78  122  140  120  121  125  137  122  123  129  126  117  119  109  139  119  109  121  126  108  106  116  118  121  116  122  124  118  127  122  125  137   46
ch:  79  141  124  134  133  120  127  122  120  121  125  123  117  120  118  122  113  117   94  123  102  123  118  122  126  118  120  120  123  133  137  127   13
ch:  80  123  126  121  119  124  126  130  134  117  136  121  132  123  110  106  119  117  107  117  121  115  119  118  118  108  125  116  124  118  121  120   52
ch:  81  132  108  119  135  116  122  115  124  118  116  108  121  121  124  115  124  120  117  123  124  124  121  118  123  126  117  145  130  126  137  137   15
ch:  82  123  121  127  121  120  123  109  117  118  123  106  122  121  118  109  106  123  109  116  123  119  118  111  116  117  116  125  117  121  131  134   55
ch:  83  134  133  121  127  125  122  123  118  122  119  122  116  126  109  124  119  125  123  122  116  116  107  124  119  113  130  121  132  113  121  123   13
ch:  84  137  130  123  124  123  124  121  133  120  109  121  110  123  107  110  118  119  107  125  115  123  120  104  111  120  123  118  120  121  137  124   50
ch:  85  131  122  126  122  122  115  122  118  117  123  108  122  118  120  107  109  117  124  111  105  122  116  115  117  121  124  118  119  123  120  126   13
ch:  86  124  123  122  125  124  119  125  125  124  120  122  120  119  108  106  116  120  119  106  120  106  127  121  119  115  119  124  125  122  118  124   56
ch:  87  123  132  120  124  120  121  116  130  104  108  114  102  121  121  115  127  104  121  122  120  117  121  109  120  119  119  127  123  122  131  123   18
ch:  88  124  123  124  133  124  122  122  115  127  117  133  122  125  107  113  117  126  115  123  104  119  117  103  117  123  118  120  116  117  119  126   42
ch:  89  131  126  121  117  130  119  113  126  118  120  112  123  122  110  109  107  106  111  121  121  118  125  110  132  135  105  116  115  132  118  140    9
ch:  90  131  127  125  131  121  118  117  126  118  119  125  124  124  117  115  118  133  119  118  116  117  120  121  116  120  119  121  117  119  125  131   49
ch:  91  118  124  117  120  110  108  127  122  120  119  110  106  114  120  126  127  114  118  106  127  110  102  108  130  126  120  127  124  121  131  133    1
ch:  92  128  130  126  126  118  127  125  121  139  111  125  119  125  111  117  106  124  109  122  108  116  120  118  123  119  131  132  120  130  124  135   41
ch:  93  134  133  122  125  122  127  124  117  125  119  124  125  124  119  122  120  122  118  121  123  125  118  111  113  117  124  114  122  131  124  131    7
ch:  94  132  146  132  138  133  117  119  123  118  119  131  125  122  117  106  107  116  110  117  118  123  126  109  106  121  126  125  129  126  135  121   50
ch:  95  126  124  131  124  122  119  118  119  118  111  120  117  118  120  111  107  117  108  109  117  111  109  119  118  116  123  119  121  121  121  130    6
ch:  96  133  131  123  125  123  120  105  110  125  121  131  116  113  123  116  131  123  114  114  117  130  120  124  114  121  107  120  121  107  119  118   48
ch:  97  123  135  123  127  120  123  122  133  119  118  118  117  105  111  118  117  122  117  111  111  122  122  120  125  108  127  124  126  122  131  125    9
ch:  98  123  122  127  123  124  110  122  125  127  117  124  121  122  118  109  108  102  120  117  110  120  121  111  108  117  120  123  117  127  126  123   48
ch:  99  122  116  131  119  116  123  124  126  122  115  120  123  123  116  124  120  107  113  117  119  121  118  116  122  130  118  124  124  132  132  135    7
ch: 100  131  125  134  124  123  137  119  119  125  121  107  125  116  121  117  117  123  102  107  124  117  118  125  119  117  125  108  123  126  119  118   41
ch: 101  123  130  123  120  130  116  132  109  119  120  122  121  121  119  104  117  118  119  125  121  113  120  122  105  120  123  120  122  139  126  121    8
ch: 102  122  121  121  116  126  123  124  120  123  125  124  118  109  119  104  110  123  109  120  120  123  116  117  123  118  114  117  113  130  123  122   34
ch: 103  132  130  124  127  124  123  124  117  132  119  123  123  117  121  116  122  102  119  119  125  123  120  119  108  121  116  130  137  127  120  136    6
ch: 104  118  145  134  135  130  128  135  120  121  123  125  105  118  109  124  107  119  116  118  121  124  121  114  122  125  126  121  131  126  126  133   36
ch: 105  121  137  124  123  117  118  120  120  104  120  118  118  114  118  103  131  113  123  118  119  126  124  105  113  119  124  125  118  126  119  140    9
ch: 106  136  129  124  126  135  120  130  122  109  121  124  122  117  119  116  121  124  118  111  115  111  109  119  110  121  123  124  125  123  133  119   38
ch: 107  132  121  121  124  127  115  124  119  124  120  116  118  117  107  116  110  115  117  104  109  134  118  115  123  110  120  121  133  117  137  124    4
ch: 108  121  127  125  124  129  121  121  114  120  106  121  120  124  103  120  116  122  108  123  120  108  117  123  114  107  102  115  119  118  125  126   34
ch: 109  134  121  129  126  127  122  126  132  123  123  118  103  118  111  116  119  118  107  117  119  118  116  124  121  122  120  124  122  135  121  132    8
ch: 110  119  130  117  122  126  121  119  134  109  125  108  120  116  118  114  119  109  117  111  123  119  121  116  120  118  122  119  123  130  122  124   40
ch: 111  120  124  131  114  126  120  119  124  121  109  118  118  115  121  123  118  110  117  121  125  124  120  118  120  124  123  117  127  118  133  138    9
ch: 112  137  117  121  114  124  121  124  121  118  122  133  118  124  123  117  109  122  117  123  123  120  110  122  124  119  102  123  125  121  123  124   37
ch: 113  132  123  121  121  121  122  121  125  121  123  132  115  114  118  119  134  106  118  107  122  111  124  124  122  130  123  119  130  130  136  125    9
ch: 114  131  133  125  126  131  124  123  130  117  120  122  120  119  123  106  123  109  116  116  119  120  115  110  120  118  125  131  127  120  121  136   40
ch: 115  123  117  124  131  137  120  122  117  119  121  117  122  109  125  118  123  118  116  120  119  114  109  125  122  120  121  132  137  127  120  125    8
ch: 116  139  134  123  123  126  127  118  131  119  121  107  129  113  107  107  118  122  119  117  119  117  105  123  125  123  122  125  117  125  121  121   41
ch: 117  132  124  133  127  123  132  119  131  130  121  121  110  116  120  115  124  123  118  103  119  124  119  115  117  109  106  123  122  134  127  136    7
ch: 118  123  134  121  132  122  127  125  119  118  121  122  122  105  108  113  109  106  121  122  123  120  113  116  109  123  119  113  120  119  119  124   32
ch: 119  119  130  135  120  121  123  122  125  117  133  133  120  109  120  122  124  118  117  116  120  117  120  119  116  122  126  121  134  130  132  125   -1
ch: 120  123  125  123  126  130  106  116  125  120  124  120  127  122  111  115  121  109  109  115  117  122  120  115  103  124  121  124  125  126  119  124   33
ch: 121  132  124  126  122  126  115  115  114  121  108  129  118  116  116  122  118  125  121  116  120  121  123  115  120  126  120  123  122  120  130  120   -1
ch: 122  124  131  122  125  130  136  118  122  117  110  122  119  123  107  117  118  118  123  110  110  106  117  118  117  118  115  116  120  121  122  133   38
ch: 123  125  124  134  124  123  122  120  120  117  109  115  120  115  126  126  109  119  118  108  119  115  123  124  120  123  121  111  121  140  121  123   25
ch: 124  134  131  124  131  125  120  117  122  123  119  117  119  121  108  122  115  106  108  109  115  123  119  116  121  118  124  123  119  131  126  139    4
ch: 125  118  123  126  120  122  117  126  123  124  120  135  107  118  120  110  116  109  123  115  118  116  110  121  121  119  124  117  126  121  130  132   -1
ch: 126  124  124  123  121  116  123  133  105  133  127  106  115  111  114  125  111  114  111  110  116  118  108  117  126  123  123  123  126  116  126  122   -1
ch: 127  107  104  131  120  120  106  131  119  119  131  124  109  122  116  125  122  118  108  107  120  110  124  113  106  125  124  114  122  127  130  133   43
