# ID XA-000-08-002-000-001-007-03
# Tag _trim_
# Date 240619_19:06:10
# Vref_p 55
# Vref_n 25
# Thr2_glb 46
# Vref_t 118
# Vref_t_range 1
# Pol 0
# ADC range 30-247
# FAST disc 30
ch:   0  125  137  123  122  119  136  114  110  119  121  120  110  120  122  115  123  129  120  110  125  124  122  109  118  117  124  124  126  139  136  117   28
ch:   1  138  132  135  121  133  123  121  108  124  132  123  127  125  121  122  116  134  119  121  132  124  136  134  138  121  145  148  125  131  137  150    2
ch:   2  135  126  137  122  115  116  134  124  121  117  122  119  110  124  117  109  111  106  122  119  120  106  124  118  119  122  117  121  124  132  127   44
ch:   3  131  138  131  133  123  132  119  120  123  135  108  120  118  131  119  133  115  123  131  127  125  125  137  130  121  137  136  132  138  137  139    5
ch:   4  132  131  135  124  139  124  122  124  120  105  121  109  119  124  118  119  123  120  107  110  121  120  118  125  115  123  124  123  133  130  134   29
ch:   5  125  130  135  123  124  132  126  124  120  120  121  124  119  118  127  121  114  133  121  123  127  120  125  134  121  146  126  119  136  136  134   10
ch:   6  133  137  132  116  119  107  122  127  121  124  118  119  123  116  117  122  121  113  119  118  125  131  124  121  123  134  123  122  126  126  137   33
ch:   7  126  125  124  126  122  122  125  122  119  133  132  121  134  136  118  132  125  123  137  119  133  117  121  123  124  125  132  135  122  141  148    9
ch:   8  126  125  120  126  126  117  120  125  125  120  133  120  125  119  126  107  109  116  117  119  122  117  115  125  119  124  119  120  116  133  137   34
ch:   9  124  125  123  123  125  119  126  133  125  125  123  120  124  135  117  139  131  121  127  124  133  124  134  133  145  117  125  131  124  142  139   16
ch:  10  131  135  135  137  120  120  119  117  125  108  117  127  122  124  121  117  117  117  115  107  121  122  121  131  119  119  123  131  124  126  136   30
ch:  11  132  131  137  132  137  123  135  132  119  124  131  126  133  120  123  121  123  113  132  118  124  131  121  123  126  125  125  130  131  131  151    5
ch:  12  127  134  131  122  132  121  132  124  121  125  117  109  119  123  119  107  118  122  107  118  118  119  115  124  121  122  119  126  121  136  126   23
ch:  13  123  136  120  118  124  107  117  118  119  131  120  126  136  131  123  127  120  123  123  125  125  126  120  124  122  125  136  136  136  138  136   12
ch:  14  134  117  126  121  122  117  134  120  120  135  117  110  121  107  122  113  108  120  114  122  116  116  121  109  124  118  123  122  127  115  137   40
ch:  15  139  126  125  132  126  125  131  134  125  108  123  139  125  125  131  123  134  122  148  122  125  126  136  136  130  124  136  136  132  140  140   18
ch:  16  132  135  135  126  124  118  130  121  126  119  106  136  123  121  120  119  106  115  125  131  131  116  131  133  124  126  131  134  117  138  153   23
ch:  17  131  123  133  119  125  133  119  123  136  121  117  123  122  121  134  123  125  115  125  117  124  118  126  125  132  123  137  133  136  126  135   10
ch:  18  133  120  122  125  122  123  126  137  121  118  117  118  122  106  118  127  123  118  114  125  110  119  121  121  131  125  123  121  133  120  124   25
ch:  19  139  134  135  134  137  126  118  131  134  134  121  138  125  133  124  126  137  136  137  134  135  140  132  125  138  135  125  135  137  126  139   21
ch:  20  137  121  119  117  125  116  117  123  119  111  123  121  119  113  122  105  119  120  125  115  116  116  131  121  116  125  133  135  126  135  136   39
ch:  21  124  123  132  133  132  133  133  135  124  123  125  120  131  125  124  117  118  126  122  136  120  124  121  134  127  134  119  126  132  134  125   22
ch:  22  132  137  120  122  131  121  126  124  109  115  123  124  119  131  119  119  117  126  123  125  125  117  124  122  118  122  120  125  134  125  126   24
ch:  23  132  127  124  124  126  124  131  120  125  123  125  134  116  134  125  124  119  132  121  118  124  121  119  123  148  135  121  133  135  135  125   13
ch:  24  125  123  117  125  121  116  122  120  133  118  117  122  125  109  115  109  110  124  124  105  125  122  118  117  122  138  121  119  137  117  132   42
ch:  25  138  122  118  125  133  125  139  131  141  131  132  134  135  126  131  134  132  134  138  127  132  124  133  124  138  125  141  138  137  138  138   24
ch:  26  133  118  125  127  119  120  125  120  123  124  116  105  108  120  122  117  121  122  116  124  120  117  119  119  121  119  131  133  124  128  136   35
ch:  27  123  133  124  124  119  131  125  146  136  132  123  120  137  130  130  121  132  125  126  131  136  149  122  139  137  132  133  132  146  139  137   27
ch:  28  134  133  125  130  110  132  131  134  120  127  122  124  117  115  119  123  107  109  122  127  120  116  137  130  119  139  127  131  135  132  137   33
ch:  29  119  131  134  134  135  124  117  121  132  124  132  120  122  132  131  130  124  123  133  135  125  124  135  134  136  135  144  134  149  140  151   38
ch:  30  134  135  124  123  117  136  125  120  131  126  132  132  124  125  119  117  120  123  123  123  118  126  121  129  125  131  124  125  136  132  127   39
ch:  31  135  132  133  123  125  137  126  124  127  137  132  126  121  126  126  126  127  127  132  135  125  116  137  123  132  133  132  137  120  149  135   35
ch:  32  130  131  136  127  134  115  123  125  115  120  122  107  122  120  141  114  121  120  125  127  119  124  122  122  119  127  133  121  119  124  134   48
ch:  33  131  131  126  131  139  133  133  130  133  121  125  126  117  120  123  134  123  139  130  134  124  138  120  126  135  138  132  133  135  126  143   28
ch:  34  123  125  126  135  133  126  123  123  108  118  118  118  120  117  109  106  116  120  122  121  133  116  110  121  137  119  123  118  125  121  136   36
ch:  35  134  126  132  137  146  118  134  111  125  131  134  118  123  126  121  120  126  119  126  139  123  131  132  141  119  134  138  138  145  153  149   30
ch:  36  134  126  124  129  119  117  124  122  133  126  127  134  124  122  116  118  119  125  116  108  122  119  124  133  121  123  134  118  132  135  124   41
ch:  37  133  130  120  133  134  121  132  132  127  130  125  133  120  124  127  121  125  127  123  133  126  134  131  134  132  134  136  125  135  145  152   37
ch:  38  136  133  126  131  123  116  118  133  131  123  125  116  125  124  122  120  115  115  120  131  133  122  132  119  133  133  122  125  126  132  148   35
ch:  39  140  136  131  139  130  124  148  132  127  125  123  136  122  115  123  126  131  137  131  148  140  137  125  146  137  136  143  150  148  148  150   45
ch:  40  130  132  125  119  124  130  116   -1  123  127  120  131  126  122  123  123  116  108  120  124  133  121  129  119  123  123  117  120  132  124  119   42
ch:  41  133  122  134  126  125  138  126  131  137  126  120  124  132  146  136  132  134  132  138  139  136  125  139  138  134  138  137  135  135  138  147   32
ch:  42  127  134  134  121  130  118  130  120  133  121  131  118  110  122  118  118  106  116  122  122  124  126  124  120  119  131  123  119  125  123  122   47
ch:  43  132  136  134  135  126  126  130  120  135  134  139  132  131  138  125  136  119  120  119  135  140  122  123  134  125  125  133  135  137  151  139   38
ch:  44  127  124  131  125  123  132  116  114  124  125  121  118  136  125  118  121  121  137  120  124  126  141  127  125  123  131  132  127  134  125  137   40
ch:  45  149  122  126  131  134  125  137  125  127  121  118  121  121  125  126  133  125  133  126  134  131  133  118  136  126  137  133  124  135  136  130   24
ch:  46  133  125  139  124  117  118  123  124  124  124  106  124  133  124  120  127  122  118  120  121  120  118  123  123  117  121  120  125  117  120  135   46
ch:  47  136  135  125  124  136  135  137  126  137  135  132  124  133  134  125  136  136  134  132  131  146  131  134  146  132  132  137  148  137  123  136   45
ch:  48  137  120  124  124  136  132  118  120  125  122  124  119  120  133  117  133  117  121  117  116  116  121  108  124  111  118  133  122  139  120  132   45
ch:  49  121  133  125  133  119  122  137  136  141  124  125  138  136  123  123  138  135  135  135  134  121  120  134  136  149  131  150  137  137  133  136   37
ch:  50  132  137  126  131  123  116  135  123  117  123  124  122  122  124  120  118  117  118  126  121  123  120  119  117  120  123  123  122  119  125  124   33
ch:  51  149  135  130  122  135  124  136  137  122  131  125  132  141  134  137  133  124  135  125  131  134  132  137  124  133  136  126  136  140  136  134   28
ch:  52  125  120  126  122  120  130  132  124  131  119  133  120  124  119  119  116  123  125  121  122  133  125  123  122  120  125  117  134  132  140  137   42
ch:  53  131  123  134  133  132  132  140  122  132  133  120  138  118  139  131  126  125  140  121  123  138  132  136  139  139  137  131  134  136  139  137   28
ch:  54  131  121  126  125  121  119  129  124  122  114  116  122  132  119  125  118  124  119  122  132  120  125  121  131  134  138  135  135  133  133  121   39
ch:  55  121  122  134  132  133  132  132  124  140  126  136  133  122  123  131  127  135  123  134  125  138  124  137  136  135  147  132  136  125  138  134   35
ch:  56  138  133  120  118  117  115  132  119  124  132  120  120  123  117  122  118  117  115  122  133  124  124  133  121  132  113  125  123  138  138  122   36
ch:  57  132  136  132  140  136  135  130  137  124  132  139  132  144  122  123  126  124  130  117  131  133  134  134  135  135  125  136  135  139  141  130   41
ch:  58  123  121  123  124  121  132  133  121  132  115  132  134  109  122  127  126  118  121  119  123  116  127  123  117  121  127  120  138  136  133  141   48
ch:  59  123  149  135  145  132  139  134  118  132  133  122  134  139  131  129  118  132  125  135  122  140  124  150  125  122  131  140  136  138  149  150   42
ch:  60  126  131  133  126  118  110  130  126  124  124  120  119  122  117  118  124  120  132  122  121  135  119  122  123  139  137  121  137  130  136  124   45
ch:  61  126  139  138  135  133  149  125  110  136  134  136  137  136  124  124  123  121  121  137  136  124  123  138  138  142  136  134  137  137  136  141   23
ch:  62  138  130  133  125  131  124  115  124  124  126  130  120  126  119  125  132  109  119  118  117  115  124  117  117  131  137  124  120  136  133  124   35
ch:  63  136  145  138  126  132  131  123  134  132  136  135  125  133  126  125  135  121  125  139  123  138  133  124  124  140  136  133  135  135  146  147   25
ch:  64  126  130  126  133  126  114  124  131  122  136  120  115  116  131  121  105  119  116  123  125  119  137  131  132  115  105  121  132  134  139  134   47
ch:  65  130  136  135  125  126  136  130  134  119  118  120  132  124  122  130  137  126  123  133  125  134  132  132  132  139  150  137  139  139  138  152   24
ch:  66  134  136  124  110  121  126  126  132  125  122  126  119  121  119  120  120  118  114  118  123  115  115  133  123  123  119  124  118  123  133  132   50
ch:  67  121  126  116  132  137  124  132  121  136  140  125  135  140  133  120  133  134  121  130  121  120  134  123  135  133  123  138  146  141  125  139   29
ch:  68  119  136  122  120  138  115  131  123  123  121  123  123  120  121  125  119  132  124  133  118  134  126  137  122  125  133  125  134  137  136  135   44
ch:  69  137  131  118  131  123  127  133  132  117  120  126  134  122  116  133  124  109  135  127  138  123  125  135  133  133  136  148  131  123  134  150   25
ch:  70  136  137  131  126  139  120  129  114  130  115  121  124  120  124  131  121  127  117  117  122  121  121  119  124  123  125  120  131  133  121  131   46
ch:  71  138  132  131  127  124  122  132  131  142  136  125  132  133  126  132  133  142  133  133  135  138  126  137  139  136  142  141  141  140  138  152   26
ch:  72  134  131  124  134  125  122  110  115  137  121  116  122  132  122  116  131  126  120  124  117  110  121  123  122  133  125  126  120  135  136  131   41
ch:  73  138  135  121  126  139  134  125  132  126  124  133  130  122  125  123  137  139  119  138  126  136  132  138  147  134  135  130  138  151  132  132   35
ch:  74  123  108  137  127  123  121  134  122  117  125  118  138  123  136  124  120  120  122  125  132  120  123  125  125  117  122  123  134  132  134  124   49
ch:  75  131  123  149  139  126  121  123  141  121  133  124  133  121  131  132  135  133  124  136  125  137  125  133  120  124  134  132  148  150  149  147   17
ch:  76  126  123  124  133  126  123  120  132  125  118  130  117  120  125  124  124  121  124  120  125  124  124  120  124  122  134  120  136  119  133  134   52
ch:  77  123  131  133  135  122  134  121  133  132  132  132  136  138  120  131  127  133  132  127  131  135  130  136  138  138  136  143  139  136  139  153   24
ch:  78  134  132  141  135  120  131  119  135  126  130  137  125  117  120  132  115  118  135  119  117  119  123  130  126  125  121  132  125  124  124  139   53
ch:  79  131  139  133  122  133  135  124  125  125  135  124  131  132  123  130  135  131  129  136  135  126  134  133  140  142  139  137  134  132  141  157   22
ch:  80  131  134  120  126  133  120  134  125   -1  122  118  125  118  122  132  131  123  121  125  117  122  120  120  114  130  132  132  117  122  134  133   47
ch:  81  138  136  135  124  133  134  124  133  135  136  133  126  135  120  131  132  121  123  123  130  133  133  136  132  133  152  133  137  142  137  132   13
ch:  82  142  132  124  136  123  116  122  135  122  134  124  121  125  117  103  133  134  119  124  117  117  124  125  121  120  134  121  130  126  138  137   50
ch:  83  134  138  145  137  127  146  123  133  125  142  132  125  123  124  137  138  135  137  123  132  138  127  135  133  131  135  134  132  150  137  136   23
ch:  84  132  134  141  114  126  118  123  133  135  124  120  127  110  125  132  126  108  118  120  123  137  120  117  122  121  123  121  117  136  141  136   47
ch:  85  145  150  126  125  120  135  131  131  137  125  121  122  133  118  132  119  132  136  121  124  127  121  132  134  132  138  131  137  132  138  139   13
ch:  86  138  123  131  141  117  108  126  122  121  122  121  130  132  126  136  126  134  133  122  137  125  138  122  138  129  133  135  125  139  132  122   40
ch:  87  138  133  130  135  123  124  123  126  135  120  136  131  125  123  135  132  140  138  124  140  137  135  149  133  150  139  148  135  137  141  138   24
ch:  88  135  134  139  133  131  125  122  125  121  121  129  116  120  130  119  124  124  130  123  118  122  134  119  131  118  127  136  139  132  122  119   36
ch:  89  125  137  130  132  120  126  126  130  122  137  150  138  134  125  130  123  136  139  150  132  133  132  127  127  135  138  134  134  131  135  141   11
ch:  90  140  135  124  132  125  134  124  133  113  123  108  118  118  125  123  124  124  108  109  132  110  123  116  122  131  125  133  140  123  133  138   42
ch:  91  139  123  145  133  124  125  137  121  137  124  133  121  125  134  137  134  137  124  122  140  123  125  135  134  148  148  127  133  135  139  153   17
ch:  92  134  135  117  130  139  129  133  120  134  116  125  124  111  110  110  126  123  136  115  125  119  124  115  124  129  124  120  134  125  125  126   56
ch:  93  131  132  131  131  134  120  124  139  122  134  134  127  132  140  137  126  121  131  146  138  124  126  125  132  138  148  136  142  142  149  152    8
ch:  94  132  131  124  138  136  127  124  121  123  130  132  116  132  122  125  121  119  109  123  120  127  122  120  117  122  134  131  124  133  121  136   53
ch:  95  134  137  135  122  134  140  126  129  133  134  141  132  124  131  136  124  133  126  136  127  135  124  141  146  149  134  121  149  132  133  149   -1
ch:  96  139  131  121  134  122  119  132  122  121  132  125  110  118  119  120  123  125  119  115  120  121  120  115  125  133  137  121  126  143  135  136   47
ch:  97  137  145  140  136  126  126  138  127  130  141  124  123  132  138  139  133  124  122  135  136  126  120  131  132  132  132  131  147  141  126  150    3
ch:  98  140  133  126  126  134  101  134  124  131  131  131  120  126  130  120  124  121  126  120  135  130  125  126  118  122  125  124  125  139  125  141   51
ch:  99  150  132  137  124  124  136  120  126  133  133  131  110  134  138  135  130  133  120  137  123  148  126  125  123  125  132  134  124  139  148  148    9
ch: 100  137  124  116  124  138  140  126  122  118  135  136  120  119  121  113  117  123  131  119  119  122  121  120  113  137  121  135  125  134  139  133   46
ch: 101  124  140  121  123  124  135  123  122  133  139  148  121  124  124  123  133  124  121  124  122  139  138  134  124  136  142  152  146  153  126  137   -1
ch: 102  120  124  141  127  126  132  116  134  125  123  121  126  123  134  113  107  106  124  130  123  131  132  120  124  123  118  133  131  127  136  125   47
ch: 103  130  132  133  139  132  134  132  120  133  142  119  132  126  136  123  140  121  123  131  119  135  135  143  122  131  135  135  138  149  140  140   -1
ch: 104  124  124  132  137  125  121  131  126  124  120  134  122  120  122  120  121  115  122  123  119  119  120  130  124  118  121  125  132  125  133  136   46
ch: 105  135  123  136  134  121  135  133  132  131  123  134  130  123  121  123  124  133  135  135  135  121  133  133  122  131  138  134  149  132  135  146   -1
ch: 106  126  117  124  121  127  136  136  132  132  123  119  129  120  124  126  117  127  130  122  131  133  124  122  121  126  118  130  122  132  134  141   40
ch: 107  134  124  135  135  133  113  115  126  124  132  131  116  132  132  119  135  135  124  131  135  125  125  124  122  138  133  123  132  139  124  131   -1
ch: 108  145  134  124  137  125  124  130  124  126  110  126  132  124  125  120  118  119  118  120  118  124  135  115  122  123  122  133  117  131  134  121   42
ch: 109  148  123  134  132  126  123  136  123  139  135  126  121  134  123  130  122  139  131  137  121  133  123  147  131  133  138  137  136  132  147  147   -1
ch: 110  125  125  122  122  132  120  118  118  121  126  129  131  131  108  114  107  124  121  117  131  108  124  121  133  135  121  136  116  123  131  124   44
ch: 111  120  135  124  142  135  126  136  125  137  131  126  123  138  121  124  133  139  132  125  124  134  123  138  134  136  137  137  137  136  139  125   -1
ch: 112  136  122  124  131  134  117  125  120  127  125  115  119  117  129  118  119  131  122  118  113  122  122  115  127  124  116  135  124  127  132  122   38
ch: 113  137  122  132  135  133  121  134  124  123  132  123  118  121  125  126  121  119  122  126  133  131  125  126  135  137  136  149  136  133  147  146   -1
ch: 114  123  120  125  135  124  121  121  121  130  114  126  122  122  125  121  122  121  126  107  106  132  136  117  123  110  131  133  135  123  127  132   40
ch: 115  132  135  124  140  125  119  132  125  121  125  123  136  121  132  138  133  126  132  124  135  118  134  125  137  123  127  126  137  139  138  148   -1
ch: 116  140  121  126  130  126  124  131  119  117  124  123  134  118  114  114  117  125  116  121  119  121  118  124  127  120  123  136  131  133  134  134   56
ch: 117  134  131  126  138  125  135  123  138  127  123  121  122  134  124  137  122  126  134  124  131  125  134  133  139  135  124  137  134  146  146  145   -1
ch: 118  134  127  121  122  133  123  121  121  134  124  122  123  119  117  109  116  123  115  119  109  123  131  117  120  119  125  119  122  134  127  124   39
ch: 119  120  133  116  141  126  132  116  125  134  132  125  123  117  117  130  122  124  121  134  126  136  126  125  131  122  133  131  132  133  150  136   54
ch: 120  136  136  131  132  125  125  121  110  109  116  120  118  117  123  126  121  132  120  104  119  126  122  122  131  120  126  121  132  131  133  133   24
ch: 121  119  138  123  126  139  123  125  135  135  133  132  125  134  125  123  114  125  125  138  121  140  125  131  127  133  137  136  136  139  135  141   -1
ch: 122  119  126  130  137  136  124  120  133  117  109  124  118  136  119  110  119  121  119  124  125  122  119  112  112  124  126  133  121  121  123  130   26
ch: 123  144  138  133  145  124  127  138  132  131  141  126  131  135  125  118  120  122  120  124  134  127  133  133  135  124  131  136  145  134  137  138   -1
ch: 124  148  124  132  131  122  125  116  124  134  126  110  135  133  118  122  133  125  115  122  125  123  119  118  121  125  123  119  137  123  132  126   12
ch: 125  124  151  135  147  132  119  137  134  130  133  119  123  125  130  137  133  125  125  117  124  127  125  125  136  132  126  130  134  145  140  133   -1
ch: 126  132  134  139  121  124  136  123  124  115  115  116  117  125  118  122  110  119  118  116  118  118  124  113  118  132  107  133  118  135  119  131    4
ch: 127  132  140  136  131  135  146  117  130  142  121  131  118  121  131  151  135  124  125  135  125  125  148  135  134  133  128  138  132  150  134  147   -1
