# ID XA-000-08-002-000-000-232-15
# Tag _trim_
# Date 240802_12:52:11
# Vref_p 56
# Vref_n 25
# Thr2_glb 37
# Vref_t 118
# Vref_t_range 1
# Pol 1
# ADC range 30-247
# FAST disc 30
ch:   0  134  132  135  139  131  138  122  124  136  130  130  126  131  125  136  126  120  126  121  126  123  120  118  122  123  121  121  120  117  114  115   18
ch:   1  132  120  123  131  123  131  125  114  116  124  109  117  118  119  102  115  117  122  116  115  122  115  115  119  129  115  124  110  115  106  107   24
ch:   2  117  132  131  139  132  132  122  125  133  132  132  115  125  122  127  122  115  115  123  122  121  110  122  108  120  115  106  110  117  119  115   21
ch:   3  135  121  136  122  117  137  121  122  111  123  120  117  121  115  113  107  108  121  115  103  116  122  115  119  131  116  121  115  119  113  117   19
ch:   4  122  133  138  132  121  124  135  134  126  121  126  127  125  117  136  118  118  117  105  116  109  118  114  111  107  118  117  116  108  108  115   19
ch:   5  122  130  126  133  129  131  119  119  110  115  117  121  120  105  119  118  123  109  120  108  120  124  113  121  108  117  118  108  109  107  120   17
ch:   6  139  146  123  123  125  134  124  122  121  131  132  118  119  118  120  118  122  115  107  118  116  118  117  122  114  119  112  106  118  113  117   19
ch:   7  133  126  149  123  121  125  126  115  120  121  126  131  107  118  114  107  115  120  116  119  116  116  102  121  110  118  111  109  109  114  126   23
ch:   8  132  133  131  131  110  124  119  120  123  109  121  125  125  115  123  115  124  109  117  110  110  108  115  121  119  115  119  109  113  116  108   19
ch:   9  125  131  125  148  137  122  126  121  124  121  133  116  123  118  120  122  117  120  117  110  115  118  122  109  123  117  118  125  118  116  108   24
ch:  10  122  132  126  123  124  125  123  120  115  122  126  119  119  118  123  116  107  123  104  112  119  121  108  120  108  106  111  106  108  118  117   16
ch:  11  131  135  135  125  126  133  125  131  116  120  118  120  115  118  120  113  108  104  122  107  107  122  119  117  107  110  116  106  126  124  118   27
ch:  12  135  135  120  124  123  135  124  114  131  119  121  125  130  129  119  121  122  125  115  124   98  117  119  107  104  120  122  119  124  116  116   22
ch:  13  133  137  127  132  135  133  125  121  117  110  124  123  121  127  124  123  119  117  116  117  120  122  110  111  107  116  110  107  114  106  120   27
ch:  14  124  125  132  134  137  132  126  133  125  122  126  126  118  117  125  124  124  120  118  104  120  121  108  117  118  116  105  123  110  111  119   28
ch:  15  135  121  131  117  125  133  125  133  123  109  119  119  118  109  118  119  106  119  121  116  107  109  118  105  120  109  120  117  118  123  110   27
ch:  16  132  136  131  127  133  136  133  122  117  118  115  117  127  122  126  127  117  125  116  117  115  122  109  108  117  122  120  108  115  117  117   23
ch:  17  140  124  139  122  121  119  124  121  121  124  116  120  127  130  116  109  109  121  115  108  116  117  117  122  110  118  122  106  115  115  105   26
ch:  18  139  131  129  123  123  122  125  119  121  123  133  131  115  119  120  118  132  116  123  116  119  118  122  118  115  124  120  109  111  105  118   25
ch:  19  123  134  124  137  132  126  119  122  120  122  118  119  120  108  117  123  111  124  106  123  108  107  117  109  113  116  106  109  111  110  110   26
ch:  20  131  127  116  132  132  122  120  131  116  130  127  121  123  127  121  115  118  107  107  110  106  115  107  110  105  118  102  104  106  118  110   21
ch:  21  127  133  134  123  132  127  124  127  121  122  124  116  116  123  115  121  125  111  118  118  114  125  115  121  114  114  114  116  116  122  107   34
ch:  22  135  125  130  126  133  119  115  120  121  116  125  126  118  107  118  115  126  131  115  118  118  122  109  124  108  116  109  106  112  116  117   32
ch:  23  124  123  130  131  119  125  125  127  132  121  132  125  117  119  123  126  121  117  120  103  117  111  117  110  117  113  115  117  121  116  115   40
ch:  24  132  134  125  132  123  125  121  135  123  122  110  130  121  119  111  108  118  120  126  115  104  121  122  110  114  109  117  110  121  115  116   33
ch:  25  127  137  122  123  125  118  118  119  123  117  122  127  125  119  119  120  105  106  117  125  114  108  104  107  110  107  107  119  106  115  117   43
ch:  26  125  124  141  122  130  137  115  125  125  130  121  117  127  118  125  124  110  123  120  104  121  115  106  122  117  118  121  108  118  124  101   25
ch:  27  119  123  130  127  126  131  125  137  130  116  121  119  124  107  108  116  118  132  119  124  110  123  116  119  110  117  120  116  118  118  119   20
ch:  28  135  133  138  134  126  125  138  120  118  126  120  117  137  121  125  118  114  120  118  122  108  109  103  116  120  116  103  110  119  125  122   32
ch:  29  119  123  133  124  122  117  122  122  125  131  119  115  122  119  117  116  122  111  110  119  105  122  107  105  116  110  110  113  118  107  115   32
ch:  30  131  132  131  131  126  125  122  122  115  136  124  124  119  136  120  122  132  132  115  124  117  117  123  106  124  120  110  104  119  114  122   36
ch:  31  125  124  129  125  124  122  124  117  132  127  111  126  122  121  108  120  115  107  120  108  119  115  120  108  116  114  109  125  120  117  120   34
ch:  32  132  122  124  130  131  130  131  126  122  127  116  118  133  122  118  115  101  115  113  126  124  119  117  117  115  103  118  117  117  115  115   35
ch:  33  123  132  137  135  123  137  120  142  120  120  132  125  123  122  109  122  132  118  115  120  116  116  125  120  117  131  120  119  120  124  110   41
ch:  34  130  139  132  134  110  125  134  125  136  122  120  122  117  124  107  116  121  115  104  110  107  120  115  116  115  121  114  116  123  117  117   24
ch:  35  124  139  147  134  121  124  123  132  129  108  122  135  117  110  123  103  119  118  119  112  105  105  106  118  120  125  116   99  122  116  125   40
ch:  36  126  121  132  120  122  121  122  126  125  120  121  120  125  124  117  121  118  110  114  119  106  111  105  119  114  119  115  122  105  117  110   27
ch:  37  119  133  122  130  119  125  126  119  132  121  121  120  125  118  132  121  123  114  124  121  118  122  121  106  119  121  108  120  119  118  124   42
ch:  38  127  136  130  137  125  142  123  119  120  121  124  108  117  116  122  120  111  120  120  119  112  118  123  116  118   -1  119  110  108  122  115   35
ch:  39  135  135  131  134  120  120  121  127  117  117  123  126  118  118  122  117  123  117  107  115  120  111  124  125  121  122  115  121  132  118  115   33
ch:  40  134  134  123  140  125  137  124  125  133  125  122  110  121  127  119  116  118  122  120  127  122  131  108  110  116  114  118  120  123  114  119   29
ch:  41  133  135  136  123  134  121  121  123  121  124  117  118  133  125  124  111  123  120  123  119  121  120  124  121  115  119  122  125  120  126  121   36
ch:  42  148  132  132  123  140  125  118  127  117  121  127  135  124  124  118  119  125  120  119  114  105  117  125  117  117  107  124  121  121  120  115   36
ch:  43  124  131  125  125  132  125  120  127  124  136  123  123  123  121  115  115  125  117  115  111  120  122  118  121  129  114  118  123  120  133  120   33
ch:  44  132  123  127  123  142  134  138  132  133  123  116  123  119  120  130  124  121  108  116  116  123  121  124  126  126  119  120  117  109  118  120   40
ch:  45  125  132  134  127  122  122  124  115  120  131  133  121  136  117  108  117  130  116  120  118  109  109  110  114  116  119  120  131  122  124  123   42
ch:  46  131  139  139  136  132  140  119  118  130  119  118  119  126  121  119  115  123  121  109  118  107  126  114  109  124  107  121  106  116  118  109   26
ch:  47  136  127  132  146  125  126  124  126  131  127  119  123  117  129  124  123  117  122  118  121  107  116  120  124  119  120  120  115  120  124  123   45
ch:  48  121  132  135  131  138  123  132  140  131  132  127  116  121  131  125  122  118  121  115  114  120  107  115  118  116  118  107  121  124  130  124   33
ch:  49  136  137  125  122  121  124  135  137  117  119  119  121  116  116  110  121  120  124  120  116  113  125  112  118  118  116  119  118  117  126  116   40
ch:  50  132  130  123  134  135  127  123  126  121  133  118  122  125  129  123  115  124  115  120  111  117  116  115  109  116  118  124  118  120  110  118   32
ch:  51  129  134  123  137  127  143  123  135  125  113  129  119  125  110  121  121  115  108  118  118  121  118  122  115  108  118  120  131  114  122  124   35
ch:  52  131  136  135  133  135  135  123  134  123  123  118  126  120  119  119  125  125  115  119  131  108  124  111  126  123  123  116  115  108  117  120   35
ch:  53  132  135  126  123  131  125  126  124  131  124  122  120  122  125  125  119  121  123  125  110  126  124  125  132  119  113  121  127  120  121  120   55
ch:  54  127  136  125  121  132  123  121  132  117  124  125  116  110  116  118  116  121  121  122  125  119  109  117  111  111  116  120  109  118  119  109   33
ch:  55  125  137  131  133  124  132  138  129  123  121  119  124  115  117  121  124  116  119  123  124  118  108  104  116  123  113  124  118  107  120  123   34
ch:  56  133  133  123  118  120  114  123  118  130  126  135  118  131  135  125  132  121  129  121  119  122  117  111  118  122  119  115  118  114  120  116   40
ch:  57  132  132  118  136  134  126  122  133  125  113  130  118  120  115  118  116  117  121  113  115  121  122  117  121  118  119  121  110  110  119  120   40
ch:  58  131  125  140  143  133  130  136  118  133  123  111  123  119  131  123  120  122  114  115  118  123  123  115  120  118  121  127  126  108  117  122   39
ch:  59  133  135  137  136  134  130  126  120  126   -1  133  132  110  118  127  119  125  123  116  121  115  115  102  123  110  121  121  118  121  125  119   34
ch:  60  135  135  130  132  138  131  136  131  123  120  119  117  129  118  119  125  122  124  121  114  126  121  118  124  118  108  123  124  115  121  120   28
ch:  61  127  131  119  125  135  125  122  126  133  124  118  120  122  118  110  117  121  132  119  120  116  111  119  109  116  121  132  120  119  123  120   29
ch:  62  124  131  148  139  132  138  122  123  124  119  123  120  118  110  123  119  127  115  126  132  119  120  111  117  121  119  117  118  134  126  117   24
ch:  63  121  131  140  124  125  124  123  132  115  121  125  127  119  111  105  116  114  124  119  107  109  116  117  109  115  119  116  120  124  121  119   30
ch:  64  124  132  131  124  135  123  124  120  123  120  130  134  138  124  118  121  120  115  124  120  116  118  123  116  122  116  118  119  115  122  126   25
ch:  65  131  130  143  134  133  124  119  122  124  119  116  124  123  116  121  125  126  119  110  118  116  118  119  120  123  110  116  118  109  122  108   34
ch:  66  127  134  135  131  134  137  118  122  133  121  132  131  125  122  117  122  118  115  122  109  117  121  113  110  117  121  118  117  113  123  117   37
ch:  67  132  129  137  146  119  119  126  124  123  130  121  121  126  125  131  122  124  125  122  119  109  120  121  121  116  117  116  108  121  121  131   35
ch:  68  132  141  137  136  137  137  125  120  135  130  133  133  131  117  120  132  123  111  122  126  126  106  126  120  131  104  123  107  131  117  118   27
ch:  69  137  140  124  134  135  119  125  122  121  122  125  123  105  116  120  130  123  120  116  121  114  115  123  117  105  122  127  120  126  122  108   40
ch:  70  125  131  138  133  136  130  130  124  120  126  122  125  120  121  120  120  122  110  118  115  122  123  111  118  116  121  115  122  116  119  107   24
ch:  71  125  134  134  137  134  126  134  134  114  122  127  121  131  110  114  118  108  110  116  107  120  106  126  122  115  126  120  105  126  121  118   39
ch:  72  125  137  140  138  134  133  119  125  118  116  111  124  126  117  131  122  120  130  122  117  121  109  118  119  106  115  120  122  118  110  121   40
ch:  73  134  137  127  133  123  123  135  122  137  132  122  134  133  119  117  106  117  125  121  133  117  106  122  116  119  125  126  123  123  118  119   34
ch:  74  136  141  120  132  130  134  139  126  122  120  126  123  113  131  122  116  124  118  119  116  114  122  110  110  114  106  112  110  126  116  123   30
ch:  75  126  125  123  124  123  135  125  122  120  120  124  124  122  124  113  119  117  116  120  114  107  119  108  119  107  118  106  115  119  107  104   23
ch:  76  132  134  120  131  132  134  134  134  147  132  134  123  131  130  124  123  110  119  118  119  123  120  114  112  119  118  133  101  127  124  117   39
ch:  77  142  123  124  122  132  125  120  126  115  134  119  121  121  130  119  118  120  119  119  118  106  121  116  117  121  109  127  116  115  105  115   37
ch:  78  139  135  124  126  133  133  137  123  120  131  132  123  123  121  122  119  122  110  118  117  115  106  116  119  114  103  123  118  123  118  123   30
ch:  79  132  134  138  134  122  125  126  123  120  119  132  119  134  119  120  120  119  108  109  115  118  116  109  108  115  121  127  110  116  115  119   33
ch:  80  134  132  132  135  126  123  122  122  119  124  123  126  129  119  121  121  118  124  119  116  120  121  121  100  133  116  117  115  126  107  118   32
ch:  81  140  134  133  132  138  120  135  117  124  121  126  121  124  119  115  121  107  115  118  114  108  108  126  120  118  118  111  116  119  123  122   39
ch:  82  133  133  144  135  135  142  133  135   -1  131  120  131  123  123  117  131  119  109  120  114  118  132  120  124  124  114  123  118  124  109  125   32
ch:  83  135  136  133  132  130  133  133  118  132  126  125  124  131  125  122  124  119  123  124  119  113  120  109  132  109  123  117  134  119  124  110   31
ch:  84  135  127  132  131  124  133  121  124  130  119  124  133  132  130  126  109  115  118  118  118  116  118  120  115  117  121  117  118  119  116  120   31
ch:  85  142  123  130  124  136  133  131  124  131  121  122  127  117  128  116  117  104  114  118  107  117  131  117  126  118  115  121  116  120  122  119   26
ch:  86  140  141  138  147  132  134  138  141  122  116  118  126  139  123  125  121  115  126  117  129  109  120  124  117  115  117  122  107  118  110  119   30
ch:  87  135  135  132  132  122  134  121  131  138  124  130  125  119  116  122  124  119  118  107  120  123  106  119  118  120  111  122  114  124  117  137   21
ch:  88  142  148  131  124  135  130  124  123  126  124  127  124  117  112  121  118  131  110  125  125  123  119  118  116  125  120  125  118  110  119  119   20
ch:  89  133  137  140  138  138  135  137  132  122  113  132  135  122  132  124  122  130  122  116  118  120  117  120  125  117  116  126  120  117  118  124   31
ch:  90  133  129  137  134  127  130  124  127  131  120  122  109  133  116  134  120  126  120  119  121  121  119  126  116  106  115  133  119  114  131  124   25
ch:  91  131  136  137  135  125  135  135  122  134  129  125  121  122  132  110  115  120  115  107  114  121  119  118  117  120  117  115  120  119  118  117   23
ch:  92  130  149  130  132  147  120  127  108  124  122  123  121  126  119  132  122  119  118  121  115  118  116  118  118  122  115  119  131  122  124  124   23
ch:  93  132  138  127  137  133  127  131  125  138  135  130  132  132  124  129  126  113  123  108  125  124  124  127  121  123  122  118  121  127  123  135   20
ch:  94  125  135  136  124  136  137  122  139  132  123  121  123  122  121  116  124  118  121  128  115  117  121  120  133  124  116  119  120  115  118  110   26
ch:  95  134  127  138  135  135  124  122  116  132  132  125  125  123  124  110  123  120  122  118  125  117  123  118  122  115  121  114  116  123  133  124   26
ch:  96  126  124  135  130  124  131  120  121  121  126  118  121  118  124  121  119  118  126  117  132  121  120  123  118  121  119  121  125  123  129  117   29
ch:  97  136  141  136  131  138  120  121  121  134  132  136  125  126  125  120  126  118  116  131  117  113  117  118  125  121  119  127  123  131  127  111   36
ch:  98  131  131  132  132  142  133  131  125  122  121  133  117  133  125  129  118  121  119  125  114  119  120  110  116  119  117  123  115  120  123  123   24
ch:  99  126  131  140  126  132  131  123  131  139  126  135  127  137  123  120  133  111  125  131  121  120  115  117  126  117  132  122  121  123  123  118   27
ch: 100  134  134  135  138  133  136  134  133  140  131  118  124  125  122  118  124  127  117  121  132  134  116  127  112  114  119  118  116  120  117  119   14
ch: 101  131  124  124  121  133  131  132  129  132  136  125  125  132  116  120  110  125  129  119  116  118  120  125  121  118  121  124  132  120  116  121   26
ch: 102  135  137  143  135  140  136  131  135  133  125  123  125  117  111  126  115  121  116  123  124  119  119  119  119  119  123  117  107  120  106  119   24
ch: 103  135  135  126  134  133  123  134  133  125  124  130  121  117  115  124  127  120  109  137  116  120  121  118  116  123  119  117  126  116  118  125   27
ch: 104  141  132  126  124  134  123  118  134  126  131  140  131  118  118  121  117  126  118  117  135  123  117  131  119  119  118  115  132  120  115  119   25
ch: 105  133  140  132  131  122  130  125  121  134  141  134  116  121  125  113  121  130  122  116  117  119  121  119  125  122  116  105  126  132  116  130   25
ch: 106  141  125  136  125  134  124  121  110  124  134  130  121   -1  134  121  120  125  118  114  119  124  116  117  117  121  120  120  124  118  120  132   35
ch: 107  137  136  132  127  132  127  133  131  140  126  126  125  124  125  123  124  122  119  125  122  126  118  126  115  132  124  134  117  117  131  123   26
ch: 108  132  132  131  125  134  135  132  123  119  120  127  126  125  122  123  119  124  130  117  116  129  118  120  131  110  121  124  121  119  109  124   28
ch: 109  132  137  133  124  136  127  123  125  132  113  123  109  124  123  123  118  118  126  117  121  127  119  121  124  120  106  123  124  113  120  115   34
ch: 110  133  136  137  149  138  124  133  121  119  132  137  121  121  118  121  125  122  124  131  120  119  120  117  136  120  131  121  124  124  120  126   22
ch: 111  122  120  139  122  146  125  125  123  120  138  121  124  121  118  130  124  109  125  123  121  119  115  113  117  104  121  115  116  118  118  122   32
ch: 112  133  123  146  125  124  148  126  134  138  129  126  132  107  125  129  120  121  121  126  114  125  122  125  118  120  122  122  132  123  122  132   13
ch: 113  137  121  141  133  137  133  131  133  126  126  124  131  119  126  109  115  118  118  122  132  118  118  122  123  121  122  125  110  118  109  126   29
ch: 114  137  126  137  126  135  135  121  116  130  134  123  126  125  130  122  122  122  132  121  115  118  108  117  122  129  118  132  118  120  116  125   34
ch: 115  132  133  137  135  122  134  124  129  120  124  137  123  126  118  115  118  125  118  121  121  121  117  111  117  113  106  125  120  106  120  121   37
ch: 116  125  149  126  132  122  132  135  135  116  135  125  133  130  121  123  125  121  123  118  123  117  132  119  115  119  114  119  121  127  129  110   26
ch: 117  133  130  138  134  115  125  123  129  132  117  131  131  115  113  122  125  123  118  109  111  120  120  120  113  116  111  117  121  110  118  119   37
ch: 118  130  150  139  132  132  120  136  118  134  132  120  123  132  115  120  120  122  117  134  118  111  125  121  121  114  120  124  116  115  118  117   30
ch: 119  133  126  122  127  134  131  120  125  119  126  123  135  130  122  122  122  131  119  104  118  123  118  114  121  117  109  121  116  121  119  121   35
ch: 120  137  125  139  125  123  137  135  127  118  122  123  131  119  132  120  114  124  116  119  117  121  116  126  133  133  119  110  109  122  120  126   23
ch: 121  127  123  130  132  119  134  130  121  115  118  121  119  123  120  114  118  118  116  111  118  119  118  119  125  123  122  136  116  110  121  110   36
ch: 122  133  133  138  131  137  136  134  133  147  122  131  125  123  124  127  138  124  121  119  134  120  121  126  108  111  131  118  120  119  119  120   24
ch: 123  139  140  124  133  132  127  134  124  131  135  125  117  127  118  117  115  121  119  119  118  121  120  116  122  121  117  123  125  121  117  124   30
ch: 124  141  125  137  137  126  135  125  132  123  130  132  138  118  122  123  136  117  118  125  125  117  121  123  122  116  134  105  118  108  121  118   21
ch: 125  150  135  140  136  134  132  133  133  126  126  135  116  118  127  117  123  122  121  121  118  127  113  110  131  133  123  126  125  124  121  132   21
ch: 126  122  133  131  125  133  125  137  125  122  136  123  121  126  121  120  124  121  126  115  120  116  123  131  123  115  117  122  114  118  120  123   19
ch: 127  122  130  138  142  136  140  133  138  140  138  138  139  136  135  150  132  124  139  137  132  140  132  134  135  135  150  133  142  147  139  151   21
