# ID XA-000-08-002-000-003-246-06
# Tag _trim_
# Date 240802_12:06:40
# Vref_p 57
# Vref_n 21
# Thr2_glb 39
# Vref_t 118
# Vref_t_range 1
# Pol 1
# ADC range 30-247
# FAST disc 30
ch:   0  118  117  124  135  123  116  131  141  133  124  123  115  124  114  131  118  136  131  126  133  133  123  134  121  134  132  136  139  126  141  141   -1
ch:   1  122  119  120  141  130  119  121  125  124  120  118  132  121  126  116  129  132  124  131  124  119  124  122  134  133  127  133  135  123  131  138    3
ch:   2  130  125  123  130  115  116  119  124  124  122  118  126  127  122  130  122  116  116  125  121  123  120  132  139  135  119  135  137  138  141  139    7
ch:   3  118  121  118  121  118  117  122  131  120  121  116  118  121  120  117  122  118  125  119  125  119  121  121  125  131  120  123  132  139  136  142   12
ch:   4  123  118  118  117  119  120  130  130  121  122  120  115  121  122  116  125  119  109  131  133  120  135  119  119  125  124  135  135  142  134  141   19
ch:   5  119  122  131  135  123  117  118  124  121  136  120  119  136  118  120  121  131  123  131  121  120  119  119  133  125  132  134  141  134  134  149   11
ch:   6  123  131  123  122  130  116  124  133  119  121  133  115  120  131  122  122  118  120  122  127  120  124  127  131  133  139  124  145  140  136  140   10
ch:   7  120  119  132  120  126  115  118  120  122  124  113  126  114  123  137  120  126  124  121  127  122  134  123  136  137  130  121  146  145  139  142    7
ch:   8  117  115  132  123  126  120  132  132  130  116  133  130  126  125  132  130  135  125  121  122  122  121  123  123  133  145  131  135  127  140  133    8
ch:   9  131  114  119  123  125  124  118  122  123  123  116  112  121  125  126  132  120  124  132  136  113  121  131  131  134  126  139  124  125  136  130    6
ch:  10  121  137  113  121  130  126  125  117  117  122  131  119  130  121  110  118  125  116  125  131  119  116  135  134  133  119  135  137  139  136  135   20
ch:  11  135  121  131  110  124  110  122  121  121  116  123  110  121  133  123  119  118  121  123  122  119  137  138  137  134  136  129  138  132  143  149   18
ch:  12  133  137  117  120  132  119  135  123  119  138  118  125  120  124  120  132  119  127  123  132  120  132  130  125  124  148  130  123  134  148  139   14
ch:  13  118  122  121  122  134  123  125  126  131  124  133  122  135  122  120  122  125  121  126  127  124  124  120  136  145  134  126  143  146  148  149    5
ch:  14  120  122  124  125  133  131  125  134  124  122  124  121  125  134  109  118  117  120  118  133  123  121  123  123  135  123  124  140  132  140  144   14
ch:  15  123  124  126  129  132  122  123  108  124  122  130  125  118  131  123  124  135  135  126  133  135  126  127  132  137  126  136  134  150  152  151   17
ch:  16  121  124  123  125  116  124  123  122  125  116  115  138  117  126  127  133  132  121  135  125  118  135  142  134  125  126  124  139  140  137  146   12
ch:  17  123  119  117  122  124  117  122  123  112  118  108  113  109  108  116  116  119  122  105  118  130  115  120  126  125  109  124  120  131  123  126   50
ch:  18  117  117  117  122  121  118  117  118  117  109  105  112  127  110  106  115  103  103  114  115  113  110  125  120  134  116  122  134  120  120  134   29
ch:  19  111  132  123  132  116  123  120  121  119  108  125  110  114  111  122  109  110  117  120  114  110  114  122  116  119  115  124  119  125  123  122   48
ch:  20  131  119  124  124  122  116  121  115  109  118  115  113  114  117  120  111  114  109  116  119  115  127  124  117  122  121  124  123  132  133  125   51
ch:  21  120  118  114  116  120  114  118  133  118  111  118  112  117  115  115  117  115  105  115  117  107  130  122  114  111  119  124  118  114  127  138   53
ch:  22  131  122  122  118  119  117  117  115  115  106  108  111  104  116  117  106  118  111  120  108  110  113  117  118  120  107  120  120  117  124  120   26
ch:  23  123  123  110  116  125  123  118  117  106  117  120  121  114  119  117  117  109  109  109  108  112  114  118  122  120  122  123  122  122  135  119   52
ch:  24  124  122  114  113  111  117  114  119  118  108  115  105  109  120  114  110  116  108  119  109  102   -1  117  112  110  116  117  124  115  131  117   43
ch:  25   -1  113  116  118  117  117  122  110  108  115  111  118  102  117  117  117  116  119  110  122  120  116  116  118  118  105   -1  123  123  134  132   49
ch:  26  122  118  110  117  118  117  114  116  119  119  121  118  120  117  110  117  118  114  116  120  119  115  122  114  117  118  119  124  118  118  117   38
ch:  27  107  118  118  120  116  123  117  120  110  118  120  123  114  119  116  109  114  107  123  119  120  120  123  133  119  133  123  121  136  135  121   37
ch:  28  119  123  116  116   -1  119  122  108  123  116  116  121  118  114  126  119  109  117  114  124  115  121  115  121  114  123  123  125  125  125  126   39
ch:  29  121  119  131  117  123  118  121  115  124  126  119  116  110  122  114  113  105  115  116  109  104  121  114  131  125  117  123  125  124  124  136   40
ch:  30  114  119  120  121  131  122  115  114  118  116  118  115  122  113  110  109  113  105  130  114  110  120  123  115  114  111  122  126  122  121  130   45
ch:  31  111  116  120  118  115  118  122  118  119  120  134  111  113  114  120  115  122  109  108  114  110  105  121  113  122  121  117  132  137  131  135   40
ch:  32  111  136  124  122  121  126  116  117  119  116  113  117  116  116  115  116  116  127  116  108  117  124  119  121  108  119  117  119  118  133  120   35
ch:  33  118  122  119  117  120  123  117  119  122  118  116  106  106  117  121  114  123  117  119  114  115  124  113  120  126  132  133  121  135  136  133   52
ch:  34  119  119  117  120  121  118  110  115  120  133  116  114  121  125  115  110  121  107  118  131  108  120  123  124  120  113  114  122  137  134  125   35
ch:  35  116  114  116  120  120  118  119  111  115  119  110  119  114  119  118  123  118  120  115  113  113  119  112  119  121  115  126  137  132  132  125   52
ch:  36  108  120  122  133  122  114  121  118  121  125  119  115  115  118  114  117  119  123  117  123  121  119  122  122  116  123  116  125  133  114  121   38
ch:  37  113  119  132  120  119  124  117  118  108  119  116  119  122  117  118  115  106  118  114  117  115  118  119  126  116  134  126  117  115  124  130   49
ch:  38  116  121  111  110  110  119  106  135  119  109  117  111  120  116  121  122  115  112  108  119  120  106  108  117  124  112  114  118  124  132  122   42
ch:  39  120  121  117  116  121  120  121  121  110  118  110  122  123  120  108  117  123  114  117  123  114  115  116  118  123  121  116  133  124  123  133   32
ch:  40  115  132  114  114  131  118  116  115  120  120  118  122  116  126  118  110  107  105  117  123  109  121  126  120  107  118  120  136  117  132  122   48
ch:  41  118  127  133  107  121  110  117  113  114  122  106  121  118  114  125  110  124  110  114  118  116  118  132  124  116  121  123  116  124  122  126   45
ch:  42  132  123  119  120  119  122  117  131  111  110  120  115  111  114  117  115  129  116  118  111  118  121  118  131  116  114  121  113  118  124  125   33
ch:  43  115  120  115  119  115  122  118  115  111  110  120  116  116  105  107  111  124  110  120  122  119  130  131  121  122  120  118  132  125  134  131   41
ch:  44  115  120  118  119  127  123  123  108  114  115  111  115  107  114  109  116  126  116  116  122  102  111  121  117  109  115  126  118  123  123  135   43
ch:  45  115  118  120  115  120  122  119  115  115  126  120  119  117  118  115  122  110  117  115  120  122  116  116  121  132  121  124  124  126  131  127   34
ch:  46  118  126  117  122  123  120  110  116  123  116  119  125  108  115  122  106  121  110  111  118  115  118  116  119  110  117  114  120  118  116  135   35
ch:  47  119  119  116  121  124  117  124  115  115  114  122  115  121  115  116  116  124  121  119  111  119  119  121  124  122  126  118  123  133  140  119   40
ch:  48  115  117  118  114  116  109  126  119  112  122  108  114  109  106  115  119  115  109  119  116  118  108  125  118  116  107  123  118  121  119  122   33
ch:  49  123  123  134  123  123  118  120  115  109  115  120  131  115  116  114  117  114  121  116  130  110  125  126  113  120  114  123  132  135  122  134   39
ch:  50  119  123  114  117  123  124  112  124  111  117  120  115  123  122  120  117  116  118  114  122  122  115  118  113  123  113  121  125  122  132  124   45
ch:  51  120  131  125  119  118  116  117  109  114  114  115  118  114  119  114  116  121  117  105  116  110  115  117  123  113  121  115  123  121  135  123   32
ch:  52  118  134  124  136  113  135  107  120  131  123  107  117  123  107  134  123  116  110  113  118  124  111  118  116  111  120  125  123  125  132  135   36
ch:  53  106  118  114  118  122  121  117  118  121  116  117  115  121  118  121  121  118  126  125  123  119  122  122  121  123  132  123  127  130  134  134   36
ch:  54  119  125  119  110  118  121  119  110  110  115  124  119  106  123  122  124  118  108  103  115  119  119  116  118  116  110  115  121  138  132  132   41
ch:  55  122  119  114  114  108  124  111  124  117  120  109  119  116  120  115  115  108  111  120  117  108  126  119  124  115  135  126  126  134  125  126   35
ch:  56  119  116  124  110  113  119  122  122  121  116  125  115  113  109  123  111  118  108  115  121  118  121  120  125  121  121  115  116  123  125  123   39
ch:  57  123  118  117  113  109  116  123  119  120  118  122  125  108  118  118  119  118  119  117  115  120  118  131  117  135  126  121  121  133  141  132   29
ch:  58  110  120  138  120  117  119  131  119  124  121  108  122  125  122  113  114  125  115  118  116  109  114  116  120  114  118  135  125  125  124  134   35
ch:  59  124  120  114  131  119  124  114  106  117  118  113  114  120  117  122  121  109  115  122  115  117  122  120  132  132  120  125  127  135  123  126   32
ch:  60  124  125  117  121  108  120  118  116  122  119  117  117  119  121  112  123  130  115  123  115  117  117  119  111  116  121  127  118  119  132  121   31
ch:  61  110  133  119  123  122  119  124  108  115  120  115  118  119  123  122  122  109  110  121  120  120  119  119  115  134  111  125  134  118  137  133   25
ch:  62  119  120  115  126  131  118  105  122  110  115  125  121  118  118  114  114  117  114  105  114  119  108  126  116  117  124  120  126  122  117  126   45
ch:  63  116  117  116  122  126  116  121  105  124  121  118  108  119  107  109  120  124  118  123  116  115  121  123  131  134  122  121  132  125  124  139   33
ch:  64  121  120  118  120  118  122  120  115  123  115  118  123  114  121  118  109  116  107  108  116  121  121  127  120  133  126  124  125  134  131  123   36
ch:  65  119  115  118  119  118  120  115  119  108  110  133  120  114  118  117  116  121  122  118  119  122  120  123  130  118  138  134  124  131  137  133   31
ch:  66  121  113  109  119  120  122  120  126  117  115  120  118  117  107  118  121  111  117  114  121  106  110  123  116  105  118  122  122  122  133  136   38
ch:  67  122  122  132  124  119  120  120  120  113  120  123  121  118  118  124  117  123  125  115  119  131  118  122  122  133  122  135  118  138  138  135   34
ch:  68  123  118  123  121  128  125  120  110  110  121  117  123  121  116  104  116  114  122  122  126  119  121  113  131  110  119  125  118  139  137  123   36
ch:  69  139  120  132  116  133  126  130  119  118  119  116  121  124  115  132  114  123  137  118  120  117  123  117  117  118  134  139  137  132  138  137   27
ch:  70  123  117  122  116  123  124  123  117  117  109  123  116  115  119  118  118  110  116  107  115  109  124  116  116  119  104  126  124  123  126  121   43
ch:  71  123  130  126  114  123  114  127  122  124  118  116  127  125  107  115  121  122  133  115  133  123  125  123  123  120  124  122  137  124  132  147   29
ch:  72  115  124  131  110  116  115  105  115  116  118  125  116  111  118  124  119  114  107  123  110  119  124  118  120  114  116  121  118  134  119  132   30
ch:  73  119  132  117  118  117  120  137  122  119  116  113  119  115  105  116  132   -1  124  114  131  120  121  120  121  133  124  130  132  117  130  139   34
ch:  74  123  126  122  124  119  120  112  118  121  106  110  123  115  116  124  116  119  115  110  132  117  120  119  117  118  116  117  121  121  130  134   25
ch:  75  110  117  121  133  125  122  121  124  136  118  117  130  120  123  117  110  119  107  120  121  125  114  120  132  125  131  137  125  126  134  141   39
ch:  76  124  120  120  117  120  122  125  121  120  125  124  123  116  110  118  105  115  117  121  120  124  123  131  118  123  116  117  140  120  117  124   35
ch:  77  124  118  117  119  116  118  120  120  131  115  104  118  120  110  120  114  114  123  114  125  116  136  125  118  121  124  136  140  142  138  141   30
ch:  78  124  123  118  121  110  125  126  124  124  121  109  118  116  124  117  115  118  121  124  118  119  119  114  126  125  127  124  132  138  133  133   40
ch:  79  123  110  139  117  135  117  122  129  122  109  123  105  115  114  116  115  118  126  110  122  125  122  111  121  123  120  133  124  137  134  141   28
ch:  80  114  115  120  118  121  130  122  121  120  120  107  134  123  123  118  118  121  115  123  116  114  122  132  120  129  115  137  140  122  137  132   38
ch:  81  127  120  108  114  118  118  123  122  123  121  114  114  131  128  120  119  120  120  115  120  110  126  132  125  126  141  126  141  131  141  132   40
ch:  82  124  124  132  117  126  121  123  132  123  121  120  116  125  111  125  120  108  119  118  118  123  114  119  126  124  123  124  141  122  135  130   43
ch:  83  123  115  119  137  136  119  125  131  117  116  119  114  120  122  126  109  107  123  122  133  125  118  127  122  124  135  126  135  135  138  137   29
ch:  84  123  121  120  123  124  122  119  117  121  117  114  113  120  119  116  132  132  113  109  116  124  123  123  125  123  126  119  123  132  134  131   37
ch:  85  118  126  125  126  118  115  119  124  122  113  119  119  118  120  122  116  115  115  121  122  119  123  121  135  125  123  142  124  133  140  134   32
ch:  86  116  118  115  124  118  121  116  120  111  117  114  116  115  123  110  120  118  114  118  115  122  119  122  122  121  122  134  126  122  124  134   41
ch:  87  123  117  118  133  118  116  115  118  120  121  123  134  110  118  112  113  108  117  131  117  125  117  124  124  135  132  118  139  138  141  150   34
ch:  88  126  125  121  122  123  125  121  124  114  107  114  123  135  123  118  118  120  114  108  120  117  125  116  108  139  117  123  124  133  137  133   36
ch:  89  129  128  121  121  121  121  120  122  120  118  119  117  122  116  120  120  121  116  123  119  132  123  116  122  119  119  120  131  134  134  139   42
ch:  90  120  126  118  126  118  125  116  121  125  118  112  116  121  115  120  120  118  119  118  123  115  120  115  115  123  117  124  117  115  119  119   39
ch:  91  121  116  114  131  120  117  123  114  119  110  126  125  110  124  110  121  122  121  120  117  123  126  125  132  126  125  125  134  132  137  141   44
ch:  92  120  125  115  121  108  118  117  118  123  123  116  127  114  120  107  119  119  122  130  114  121  114  119  117  110  133  117  121  124  130  135   42
ch:  93  125  119  123  111  109  119  120  114  117  117  124  133  121  121  114  108  124  121  125  116  120  118  126  134  127  124  124  125  136  136  122   37
ch:  94  120  114  132  115  134  122  121  115  115  117  121  118  117  108  121  113  123  117  120  116  124  117  123  121  117  126  118  122  120  130  118   35
ch:  95  121  120  121  118  122  118  123  123  120  118  114  122  110  124  133  125  113  127  130  124  117  124  109  120  126  134  124  126  129  137  138   47
ch:  96  119  124  123  124  117  140  123  122  117  113  116  125  125  115  115  124  120  118  114  122  133  122  123  121  114  123  123  124  123  124  123   38
ch:  97  119  119  119  116  122  122  120  136  123  122  115  115  120  121  117  122  116  123  124  127  125  124  134  126  122  130  133  125  141  132  130   28
ch:  98  120  130  122  123  123  115  115  118  122  126  117  116  120  104  106  114  123  123  121  113  110  137  133  114  113  115  116  124  121  125  122   40
ch:  99  125  121  120  109  126  123  114  125  108  123  119  119  118  123  119  123  131  121  120  122  116  119  134  132  126  117  118  121  142  135  130   36
ch: 100  124  124  121  123  115  122  115  115  125  116  115  121  132  131  117  117  119  108  123  108  113  124  111  116  112  123  125  117  121  131  122   36
ch: 101  126  118  119  107  120  126  120  120  117  135  120  133  111  114  114  123  119  109  124  116  120  121  118  123  119  123  122  131  143  137  121   34
ch: 102  115  119  119  122  130  123  117  115  109  119  123  122  118  122  126  113  120  118  123  116  133  130  124  118  125  121  131  132  123  119  131   35
ch: 103  117  119  121  120  126  117  122  120  114  117  123  115  115  121  138  126  122  125  118  110  123  120  134  114  125  134  121  120  139  139  131   44
ch: 104  126  122  122  121  117  124  118  116  114  113  121  124  117  120  111  117  116  117  117  122  119  132  124  116  116  122  124  117  140  136  121   36
ch: 105  121  133  119  124  121  126  116  114  114  117  119  125  129  119  120  121  115  116  119  123  118  124  118  123  122  121  118  133  124  132  127   44
ch: 106  125  121  126  119  118  126  116  118  126  120  125  118  118  117  114  120  118  108  120  114  114  111  116  121  124  124  130  114  121  122  136   38
ch: 107  124  136  121  122  118  107  122  134  116  114  117  134  130  118  123  125  110  118  118  108  124  131  139  113  123  122  125  125  140  134  136   38
ch: 108  119  122  122  118  120  123  124  120  116  116  124  116  121  125  113  120  117  116  114  114  119  118  131  123  121  132  125  121  136  119  126   48
ch: 109  131  116  121  121  117  116  116  118  111  115  120  115  117  115  124  123  120  118  122  124  122  114  134  125  124  126  134  130  127  130  136   30
ch: 110  120  124  119  120  115  114  113  115  117  121  120  126  111  118  121  111  111  126  116  119  120  117  127  124  120  131  120  125  119  134  136   31
ch: 111  120  125  132  119  122  109  107  124  106  125  124  119  125  116  121  132  113  123  118  114  132  124  116  121  125  122  135  134  136  123  127   46
ch: 112  118  124  135  113  118  116  113  133  122  109  107  117  119  119  120  119  125  125  122  116  118  121  120  123  122  126  124  118  108  136  132   39
ch: 113  133  118  126  131  116  120  119  122  120  126  126  111  118  121  124  118  121  113  118  122  131  121  117  116  130  134  118  124  118  133  133   40
ch: 114  134  123  122  123  120  125  123  120  124  118  116  124  123  121  120  114  118  107  112  111  116  116  113  116  132  118  114  117  131  126  128   30
ch: 115  116  116  122  123  122  124  121  117  111  117  122  123  111  118  118  117  123  123  132  117  118  120  131  117  124  125  131  126  126  124  125   29
ch: 116  123  132  122  115  134  122  116  122  122  121  121  110  115  121  115  105  108  118  121  116  123  124  108  119  118  119  121  125  133  133  131   40
ch: 117  134  119  120  118  135  117  117  127  123  114  124  120  110  122  120  117  117  116  103  119  124  122  131  122  121  119  120  118  132  137  131   36
ch: 118  116  122  118  119  117  123  111  121  123  122  115  122  122  118  125  119  110  118  122  123  115  115  115  120  120  122  134  126  137  124  134   51
ch: 119  122  126  125  120  122  122  116  107  125  116  110  115  120  111  117  109  107  116  118  119  120  115  116  124  123  124  124  126  138  139  139   33
ch: 120  117  122  116  117  116  121  119  121  110  121  115  115  118  114  118  116  114  124  124  118  105  122  114  116  115  123  120  134  133  132  122   39
ch: 121  118  127  121  121  122  125  116  119  115  124  120  120  117  115  116  123  120  114  120  119  120  111  122  122  134  131  124  118  117  122  126   31
ch: 122  122  114  119  121  117  118  119  115  107  109  118  139  121  114  119  125  119  117  120  115  117  121  117  125  120  123  122  128  119  122  139   37
ch: 123  114  138  126  119  120  124  130  117  121  113  104  121  118  116  122  114  108  119  124  106  122  125  121  123  119  126  122  116  134  117  146   42
ch: 124  122  131  120  114  120  118  116  122  124  114  123  123  109  115  120  117  118  117  111  110  118  121  119  125  118  120  118  119  118  135  131   42
ch: 125  126  120  125  122  114  120  124  119  124  114  132  123  121  120  116  115  119  121  121  117  121  121  119  119  118  136  126  118  143  134  139   36
ch: 126  124  117  121  122  120  118  115  117  122  118  122  124  119  122  126  123  117  124  120  116  124  121  131  115  121  120  120  121  124  123  135   32
ch: 127  121  123  131  135  118  126  125  126  124  121  124  120  122  118  117  135  134  133  124  124  119  123  126  134  138  136  138  135  138  143  141   29
