# ID XA-000-08-002-000-003-242-06
# Tag _trim_
# Date 240802_12:43:01
# Vref_p 58
# Vref_n 21
# Thr2_glb 33
# Vref_t 118
# Vref_t_range 1
# Pol 1
# ADC range 30-247
# FAST disc 30
ch:   0  125  131  120  121  125  116  123  120  127  110  119  122  120  117  121  116  116  110  136  129  124  123  122  127  121  132  135  133  129  135  140   17
ch:   1  121  115  118  110  122  124  118  120  129  113  115  116  119  121  124  120  111  122  120  118  108  122  123  117  112  116  127  123  132  123  139   19
ch:   2  120  117  118  118  125  122  111  110  104  133  123  106  103  117  102  109  116  115  119  116  122  108  121  119  126  121  122  126  121  135  130   45
ch:   3  119  117  115  116  108  117  119  117  116  117  120  118  122  110  119  116  123  119  108  123  118  110  119  119  120  130  125  137  124  135  122   20
ch:   4  116  119  119  120  124  122  116  117  121  118  118  111  117  108  110  110  109  117  104  116  119  118  126  116  115  118  110  133  138  133  127   40
ch:   5  109  118  122  122  107  120  118  118  118  122  132  116  117  132  120  115  119  106  129  126  111  118  123  120  122  124  122  132  136  121  122   17
ch:   6  114  119  108  107  118  103  110  109  121  119  107  124  113  116  110  121  115  109  122  113  110  120  121  114  126  123  122  124  134  139  133   39
ch:   7  109  122  115  115  126  127   -1  121  109  118  108  125  108  119  122  118  121  123  117  118  108  122  126  115  122  127  120  106  126  133  134   23
ch:   8  125  108  110  119  109  119  120  114  125  113  109  117  121  126  108  114  115  118  116  121  121  117  118  119  121  119  118  126  121  123  120   36
ch:   9  110  120  135  118  124  119  111  117  119  107  114  108  116  114  115  115  109  117  110  108  118  119  126  126  125  114  125  125  123  130  133   23
ch:  10  116  123  108  116  119  122  117  110  127  121  103  115  101  117  122  126  114  115  118  116  123  116  121  107  124  115  118  118  129  130  125   34
ch:  11  115  107  133  131  114  116  126  123  115  119  124  116  123  112  115  119  111  107  115  114  122  115  134  115  125  125  123  124  129  126  136   23
ch:  12  121  119  124  120  130  114  121  117  122  122  123  123  121  115  116  117  128  118  120  129  125  122  118  114  123  129  117  134  122  124  137   50
ch:  13  124  121  123  118  119  117  120  103  124  118  106  115  119  110  109  117  108  117  118  109  119  125  122  122  117  123  126  122  130  133  136   21
ch:  14  123  123  123  116  120  125  116  121  131  122  106  117  120  110  110  110  110  116  117  114  116  119  120  118  122  118  124  129  123  120  132   41
ch:  15  123  117  115  121  118  117  117  111  116  123  117  120  120  113  116  124  106  125  120  127  122  123  116  122  121  129  130  120  134  137  127   30
ch:  16  117  117  124  121  120  110  108  117  116  108  117  118  104  120  108  124  124  117  120  123  124  120  122  124  118  127  119  118  125  133  129   45
ch:  17  116  110  127  118  114  117  119  117  125  119  132  116  119  117  127  115  116  113  126  114  121  121  112  119  124  134  119  123  134  135  126   35
ch:  18  116  122  107  122  113  119  118  110  111  125  107  108  117  115  108  102  116  109  103  122  117  117  111  122  117  121  121  121  124  125  131   56
ch:  19  122  116  116  118  117  119  115  122  124  110  127  116  117  114  123  117  115  121  120  122  115  122  122  120  125  122  129  133  126  126  125   34
ch:  20  105  121  118  118  123  117  119  123  115  111  126  117  119  124  105  112  117  105  118  119  118  123  116  123  117  130  123  139  126  133  130   31
ch:  21  121  135  125  123  121  117  120  115  120  117  115  115  110  120  124  122  114  118  117  132  118  114  118  130  135  120  126  133  127  129  131   24
ch:  22  120  120  116  127  114  119  123  115  115  110  109  119  116  132  117  121  107  120  113  121  116  110  118  127  119  117  126  121  128  125  135   35
ch:  23  105  117  119  120  120  119  119  116  126  114  119  117  108  118  117  118  111  125  108  119  131  131  122  117  132  129  127  133  138  132  134   27
ch:  24  122  117  115  119  115  111  118  113  116  108  124  124  118  120  112  123  109  122  114  120  123  122  110  120  124  123  118  130  129  110  135   30
ch:  25  117  119  122  120  109  117  124  121  123  121  114  119  104  115  125  115  122  120  110  117  109  115  123  115  119  133  117  126  137  134  133   24
ch:  26  129  120  116  120  120  115  121  118  118  116  118  121  109  121  118  109  121  106  109  118  116  116  120  119  119  125  130  124  120  132  135   40
ch:  27  124  116  121  122  117  125  123  111  123  122  118  123  115  116  121  117  126  130  123  119  126  131  131  124  136  130  127  134  133  135  141   25
ch:  28  118  117  120  105  122  114  122  120  120  123  110  122  118  118  117  117  113  117  125  118  114  118  125  119  130  114  122  119  118  131  131   33
ch:  29  116  114  121  126  122  127  120  116  117  117  116  118  130  136  119  111  123  119  125  123  119  123  123  126  114  132  116  116  138  126  119   24
ch:  30  121  116  116  122  108  120  116  119  121  114  121  122  120  121  110  109  120  116  129  116  121  115  121  117  126  122  131  134  127  139  134   26
ch:  31  115  125  130  127  120  126  109  130  110  114  111  125  117  118  127  125  118  133  125  133  121  121  130  120  118  129  124  132  130  134  133   27
ch:  32  118  122  124  120  118  119  111  125  124  123  104  125  115  123  124  125  121  123  123  115  115  119  117  122  117  123  137  132  132  130  135   27
ch:  33  123  118  120  121  122  119  110  124  122  119  120  119  120  118  119  122  119  116  118  118  117  122  115  122  130  136  122  132  124  137  134   14
ch:  34  135  121  124  123  122  119  121  110  117  120  124  118  121  125  122  119  123  115  120  123  123  118  131  122  130  124  126  132  121  120  135   22
ch:  35  124  118  134  131  120  116  120  118  120  122  137  117  108  126  120  119  115  114  119  126  126  120  116  121  118  122  133  125  141  135  133   27
ch:  36  134  123  109  115  117  134  116  132  123  123  120  119  115  113  119  115  121  124  123  122   -1  117  123  124  124  126  130  135  131  135  137   19
ch:  37  124  119  131  116  103  127  115  117  121  121  107  108  120  121  111  123  117  130  109  122  115  117  118  122  118  126  118  122  131  137  142   20
ch:  38  119  124  120  122  120  116  120  124  117  117  106  120  121  118  119  118  121  117  122  129  115  125  123  114  122  122  115  119  122  123  126   20
ch:  39  119  121  116  108  116  103  121  111  116  110  120  121  118  111  119  122  122  125  123  120  119  116  120  127  119  132  133  121  120  131  131   12
ch:  40  120  117  124  114  124  121  115  116  107  118  132  121  119  123  132  121  118  120  117  119  123  118  129  121  117  124  136  121  133  129  122   17
ch:  41  121  117  117  118  118  116  122  115  120  121  120  119  115   98  116  107  110  117  121  116  125  114  121  110  120  123  124  119  126  121  138   13
ch:  42  116  122  117  120  116  115  118  121  121  126  115  119  123  125  109  121  118  117  118  131  115  125  123  120  126  125  117  126  119  121  131   20
ch:  43  108  120  124  115  126  118  116  113  124  119  116  115  104  118  104  119  127  122  120  126  125  120  119  131  117  126  125  131  134  123  132   25
ch:  44  114  107  133  116  116  107  115  116  114  111  111  122  116  124  121  115  119  106  117  118  131  121  124  116  127  121  124  138  134  133  129   29
ch:  45  117  117  119  110  119  120  116  108  110  119  130  131  130  117  119  125  109  120  131  115  127  119  121  118  124  140  136  136  125  133  137    3
ch:  46  123  118  118  114  121  125  124  116  116  121  124  125  134  121  117  129  125  117  125  125  122  124  120  130  119  120  135  120  119  123  136   18
ch:  47  116  104  125  116  118  119  117  111  112  108  111  123  114  117  118  119  118  120  125  132  110  117  131  125  123  123  126  123  131  134  136   14
ch:  48  122  115  132  118  122  108  133  111  120  110  120  132  110  115  121  115  122  119  130  117  123  121  131  126  131  123  133  122  137  122  139   13
ch:  49  121  122  118  119  105  106  121  120  125  113  116  123  115  108  117  106  122  116  120  121  125  118  114  127  122  115  137  132  138  126  123   22
ch:  50  117  124  123  120  121  123  121  126  108  115  118  117  120  121  111  115  124  117  134  117  124  118  124  119  124  122  124  134  126  124  127   12
ch:  51  125  117  115  130  114  120  119  107  125  121  123  107  111  119  121  127  123  115  121  126  118  125  122  132  123  132  124  125  125  134  132   11
ch:  52  115  117  124  117  121  111  121  120  117  110  116  121  122  118  113  125  121  126  125  120  120  107  132  122  133  131  122  125  129  130  135    7
ch:  53  122  125  118  123  121  117  123  132  123  124  122  109  124  116  108  114  109  124  125  112  110  121  116  120  119  136  135  127  149  133  125   19
ch:  54  116  120  131  120  115  121  118  121  109  117  119  123  121  118  117  110  110  122  124  121  122  120  122  120  127  125  124  131  127  136  148    8
ch:  55  125  119  116  118  115  118  121  123  111  122  120  124  117  124  119  124  110  114  120  124  130  123  121  131  123  132  125  128  131  141  133   21
ch:  56  107  125  116  118  115  107  107  117  116  122  120  120  113  119  118  122  122  122  120  125  119  131  113  125  124  122  137  124  136  137  132    7
ch:  57  124  125  132  119  125  117  118  126  121  114  107  111  122  107  118  123  122  122  125  115  120  119  123  132  126  123  126  135  140  136  134   17
ch:  58  121  115  124  125  114  120  132  115  120  119  124  120  121  118  124  113  118  110  119  124  132  125  126  121  130  139  124  135  133  126  143   18
ch:  59  123  106  124  129  117  110  123  125  120  104  117  123  113  130  109  118  125  134  116  129  125  120  117  126  122  130  125  132  130  133  132    8
ch:  60  116  125  107  131  114  115  123  111  124  120  120  122  131  108  108  122  131  114  123  131  123  129  119  132  117  129  138  120  124  133  135    9
ch:  61  115  124  118  117  109  115  115  124  110  121  124  117  123  120  119  130  125  116  123  123  119  118  131  126  133  131  125  131  147  133  140   13
ch:  62  125  115  121  121  129  125  118  123  120  114  126  129  107  130  120  123  126  122  127  133  127  118  115  130  115  118  124  135  138  132  133    4
ch:  63  120  116  118  123  109  120  110  116  114  120  121  116  117  135  110  132  114  118   -1  130  129  125  125  123  143  129  123  126  126  134  124    7
ch:  64  125  122  121  118  129  123  110  123  113  116  120  122  115  130  125  121  123  121  126  117  126  122  118  131  121  121  123  126  134  130  134    9
ch:  65  118  124  115  122  110  121  125  120  117  114  119  110  131  131  121  104  123  108  119  125  122  131  116  136  121  119  133  127  133  135  140   17
ch:  66  132  120  121  124  116  117  127  121  115  110  107  117  122  120  120  120  124  118  131  114  120  123  121  126  124  125  131  137  132  125  133   10
ch:  67  123  115  121  120  104  109  125  118  120  121  120  114  123  119  123  122  125  122  120  133  118  123  118  126  125  132  134  133  139  125  134   10
ch:  68  121  114  123  116  130  129  118  108  122  125  120  117  124  110  118  123  118  130  122  122  120  126  124  133  121  129  129  138  119  131  136    5
ch:  69  119  122  116  117  120  124  109  120  107  122  121  122  132  123  119  122  122  125  122  120  121  124  132  130  138  132  136  152  136  135  141   14
ch:  70  118  131  121  121  117  107  116  123  123  125  115  116  108  121  122  119  126  121  115  119  120  135  121  123  132  132  127  131  135  138  142    8
ch:  71  119  125  126  116  122  116  122  125  117  119  125  120  115  125  119  118  119  134  120  129  129  130  122  125  131  132  126  132  140  145  139    5
ch:  72  130  120  126  126  120  117  114  134  110  119  121  111  122  121  117  121  114  124  125  119  131  123  125  131  120  121  138  126  125  133  134   13
ch:  73  116  126  122  122  131  120  117  122  122  129  117  114  119  121  118  122  123  126  121  135  124  121  124  129  131  123  131  135  134  136  138   10
ch:  74  132  118  124  124  115  122  122  123  116  123  120  131  121  123  115  122  116  126  123  122  124  130  123  134  120  135  136  132  127  130  123   12
ch:  75  127  118  131  118  118  125  120  131  124  123  118  122  123  125  117  122  126  121  120  133  132  125  121  137  135  132  140  124  126  126  139    7
ch:  76  125  116  123  115  119  114  121  125  120  114  112  118  126  122  123  116  109  133  125  134  119  122  133  131  120  121  121  125  123  135  151    9
ch:  77  120  122  120  132  119  117  122  117  125  123  116  123  121  131  121  117  121  126  127  126  122  131  121  126  139  131  133  137  135  139  134   18
ch:  78  125  123  118  117  123  106  115  120  120  120  123  123  125  130  116  116  119  121  128  124  126  121  129  127  126  129  130  120  130  130  131    6
ch:  79  115  120  125  119  115  116  122  119  132  126  123  134  124  122  117  123  131  130  138  116  123  137  133  129  139  137  125  137  143  139  143    8
ch:  80  120  124  126  127  121  125  116  120  118  123  122  125  118  123  107  124  132  126  120  126  123  129  131  120  135  126  135  132  125  141  133    9
ch:  81  121  110  119  130  129  126  119  115  129  133  131  121  126  127  122  132  127  114  120  119  135  130  131  140  142  133  148  140  132  138  150   12
ch:  82  122  119  122  108  122  122  124  117  121  123  123  113  118  119  133  120  118  136  123  131  127  125  104  135  129  131  125  130  133  121  138    6
ch:  83  122  122  114  126  119  130  123  118  123  130  127  124  123  120  130  121  131  114  122  131  122  123  140  135  133  137  147  142  137  140  139   13
ch:  84  110  125  118  120  119  119  124  117  120  130  124  120  118  109  126  124  123  131  122  122  124  126  130  136  124  138  135  124  135  147  139    3
ch:  85  122  122  118  116   -1  118  123  124  123  124  124  133  124  122  127  135  116  125  124  132  132  137  135  138  126  135  139  137  138  150  151   18
ch:  86  123  124  123  123  116  120  123  116  119  121  122  125  112  125  118  125  124  119  121  115  130  125  132  125  124  134  115  148  130  136  135    2
ch:  87  120  127  122  125  117  118  127  126  124  123  129  115  121  125  123  130  135  130  146  127  134  135  132  138  122  132  150  134  152  146  139   16
ch:  88  121  118  130  126  126  118  122  123  123  118  118  120  126  134  121  122  120  118  124  123  118  124  124  129  132  126  131  126  133  131  151    5
ch:  89  122  119  122  123  116  121  119  132  120  121  109  123  123  117  123  127  126  124  133  115  132  136  134  119  122  142  148  141  136  140  153   12
ch:  90  126  110  119  117  114  117  125  120  125  129  115  121  134  121  122  126  122  117  122  117  127  121  123  126  129  126  125  134  134  147  139    1
ch:  91  115  122  124  116  116  121  121  130  131  121  122  125  130  129  132  128  133  138  137  130  133  132  132  135  123  138  142  140  139  158  146    6
ch:  92  119  119  119  122  123  110  121  110  121  121  135  126  123  115  123  130  121  125  119  117  121  124  121  131  133  138  125  135  126  134  134    9
ch:  93  114  122  110  119  122  124  119  130  119  131  121  123  126  133  126  124  136  132  123  123  120  134  134  129  136  135  137  140  146  153  142   10
ch:  94  118  118  125  125  124  108  115  129  130  122  125  115  121  120  124  124  122  129  125  121  125  115  131  132  130  121  129  132  123  133  129    8
ch:  95  127  121  125  115  127  124  119  126  122  111  124  132  131  126  131  125  121  123  132  123  134  132  139  126  140  145  139  134  147  147  140   19
ch:  96  120  118  118  116  120  116  126  122  117  115  122  120  123  127  119  130  118  117  121  120  122  119  124  126  122  129  132  131  129  139  124    2
ch:  97  126  117  120  121  116  116  118  120  117  126  110  114  127  119  130  120  121  126  136  133  125  133  130  126  129  139  139  146  138  153  139    6
ch:  98  123  119  119  123  131  124  119  115  122  123  115  123  123  123  126  118  119  123  118  129  126  125  123  126  131  126  133  137  139  136  141   12
ch:  99  123  111  117  119  124  130  118  133  109  118  120  124  120  132  125  126  119  131  131  134  136  125  130  139  125  139  148  142  133  138  140   13
ch: 100  114  105  115  106  120  110  102  123  123  123  121  123  110  120  110  132  122  122  123  125  122  124  124  125  133  123  133  140  125  133  135   11
ch: 101  121  122  126  124  123  123  112  125  121  122  126  130  119  120  116  123  131  127  120  137  139  126  134  131  134  136  141  148  139  148  149   12
ch: 102  117  124  122  114  117  126  122  117  124  114  127  122  121  127  119  122  122  126  117  126  130  119  122  119  127  124  132  147  135  133  138    6
ch: 103  125  127  122  120  125  123  124  110  121  132  120  121  127  132  121  133  129  135  127  124  129  135  134  127  133  135  133  140  151  136  147    4
ch: 104  114  117  121  121  109  107  119  122  120  108  117  131  127  120  123  118  120  121  125  131  132  134  122  137  120  125  123  135  132  139  138    9
ch: 105  120  117  118  115  107  133  124  126  124  120  121  123  122  116  122  136  125  125  120  131  130  132  127  130  139  134  133  140  127  148  151   10
ch: 106  119  124  121  118  119  121  125  124  124  124  120  119  121  126  119  123  109  116  125  118  123  119  131  129  132  130  123  131  127  137  137   12
ch: 107  125  125  124  118  117  119  115  123  124  121  116  124  121  119  121  123  125  126  136  122  124  120  123  126  125  128  131  142  143  136  136    7
ch: 108  121  124  117  120  115  120  122  116  107  118  119  118  124  120  120  120  118  131  124  124  126  121  123  131  120  129  122  125  130  127  134    9
ch: 109  117  119  109  122  120  119  123  117  126  128  116  126  124  120  124  133  117  124  120  123  131  122  118  126  126  134  131  132  142  134  131   10
ch: 110  115  118  122  116  116  116  121  124  117  132  116  115  115  118  122  123  123  123  120  114  125  120  116  126  122  131  122  125  130  129  138   14
ch: 111  111  120  126  124  115  119  119  124  117  121  119  109  117  119  131  121  110  123  124  124  122  114  133  131  132  135  123  138  131  134  139   15
ch: 112  123  120  119  135  121  132  121  119  122  116  115  119  126  123  120  126  114  119  119  118  116  130  116  107  120  127  116  133  120  137  126   11
ch: 113  121  123  122  119  122  117  124  109  117  121  122  122  124  130  131  132  118  122  122  134  122  131  121  126  118  121  130  123  124  132  132    8
ch: 114  116  115  115  116  115  121  122  117  111  124  122  126  118  122  122  119  120  109  122  122  122  124  122  118  125  118  123  121  135  125  130   14
ch: 115  132  122  126  122  114  120  118  119  122  120  124  133  121  123  127  126  121  119  124  126  124  120  125  127  134  142  126  136  125  136  136   20
ch: 116  124  118  123  123  115  119  126  127  124  121  114  121  122  119  113  115  122  121  119  110  125  126  118  128  135  123  118  121  120  124  121   21
ch: 117  119  125  120  122  132  118  122  121  113  121  117  121  117  108  123  132  125  124  121  120  121  133  121  130  125  124  141  126  126  129  141    7
ch: 118  123  119  122  115  117  117  105  116  125  114  120  116  113  123  107  101  118  120  106  106  119  127  118  121  110  115  120  123  130  133  135   20
ch: 119  126  119  116  117  119  120  115  119  131  120  117  120  120  121  118  115  118  117  121  128  117  118  124  134  134  130  126  135  126  130  141   21
ch: 120  134  123  120  119  116  124  124  122  118  115  117  123  110  117  105  110  129  119  116  119  130  116  127  118  130  119  129  119  123  124  124   19
ch: 121  116  125  117  116  126  117  119  125  119  116  136  131  124  116  116  123  120  131  108  123  124  127  131  131  125  124  130  134  141  124  134   18
ch: 122  132  123  105  110  117  119  112  117  110  131  120  108  115  115  116  116  126  116  114  116  126  120  125  125  120  123  124  120  130  127  134   18
ch: 123  113  118  116  121  121  107  101  120  120  121  120  114  118  116  117  106  110  106  115  120  118  117  121  114  111  121  124  121  122  125  127    3
ch: 124  115  117  119  131  134  118  110  116  119  129  108  114  124  121  116  119  127  108  111  123  116  134  123  122  121  123  135  126  122  136  132   19
ch: 125  120  127  122  118  115  118  121  130  131  118  120  115  127  117  123  119  121  113  122  126  124  132  132  135  124  136  124  140  139  132  139    2
ch: 126  123  117  123  115  118  114  125  129  121  121  126  121  117  124  124  120  115  119  114  117  122  121  125  115  117  120  121  131  133  132  127   10
ch: 127  120  118  135  123  123  135  124  124  117  123  124  130  130  132  133  136  129  138  126  127  135  125  143  132  138  135  133  148  139  151  134    2
