ch    0:      0     0     0     0     0     0     0     0     0     0     0     0     0     0     0     0     0     0     0     0     0     1     7    85   977  5195  4506 11967  4334 11377 13869  5119
ch    1:      0     0     0     0     0     0     0     0     0     0     0     0     0     0     0     0     0     0     0     0     0     1    16   100  1289  9161  9665  7736 11424 12572  6002  1872
ch    2:      0     0     0     0     0     0     0     0     0     0     0     0     0     0     0     0     0     0     0     0     0     0    32   304  2275 12946  9201 10713  9176 14950 11806  5860
ch    3:      0     0     0     0     0     0     0     0     0     0     0     0     0     0     0     0     0     0     0     0     0     2    23   209  2546 17308 12442 10292 12381 16444 14983 11591
ch    4:      0     0     0     0     0     0     0     0     0     0     0     0     0     0     0     0     0     0     0     0     0     4    46   511  4283  7279  7207 10385 11320 14520  8657 13753
ch    5:      0     0     0     0     0     0     0     0     0     0     0     0     0     0     0     0     0     0     0     0     1     6    48   637  5820 15151 12514 11655 14609 11677 10219 11458
ch    6:      0     0     0     0     0     0     0     0     0     0     0     0     0     0     0     0     0     0     0     0     0    14    94   529  7838 11877  8625  8906  9334  5419  7072  9810
ch    7:      0     0     0     0     0     0     0     0     0     0     0     0     0     0     0     0     0     0     0     0     0    12   130  1255  6669  9998  6977  7541  5082 13514  8892 15824
ch    8:      0     0     0     0     0     0     0     0     0     0     0     0     0     0     0     0     0     0     0     0     2    10   133   851  6493  9732  9462 10872  6968 10272 11699 14674
ch    9:      0     0     0     0     0     0     0     0     0     0     0     0     0     0     0     0     0     0     0     0     2    16    81  1117  7459  9350  3184 12734 11744  5763  8922 16731
ch   10:      0     0     0     0     0     0     0     0     0     0     0     0     0     0     0     0     0     0     0     1     1    15   133  1335 10315 15078  8851  9175  9538 11236 12854  4035
ch   11:      0     0     0     0     0     0     0     0     0     0     0     0     0     0     0     0     0     0     0     0     1    28   186  1380 11197 13407 11606 13119 13643 11481 10504 11861
ch   12:      0     0     0     0     0     0     0     0     0     0     0     0     0     0     0     0     0     0     0     1     1    12   226  1858 12880  9369  7446  9401 10622 10158 12402  7216
ch   13:      0     0     0     0     0     0     0     0     0     0     0     0     0     0     0     0     0     0     0     0     2    31   248  2806 16420 12601  8564  7586  6324  7943 12067 11760
ch   14:      0     0     0     0     0     0     0     0     0     0     0     0     0     0     0     0     0     0     0     0     1    19   270  2063 16795 10091  7353 18153  4205 12339 11940  9190
ch   15:      0     0     0     0     0     0     0     0     0     0     0     0     0     0     0     0     0     0     0     1     2    58   407  3303  9420 10056 12243  8507 11938  9616 11008  4444
ch   16:      0     0     0     0     0     0     0     0     0     0     0     0     0     0     0     0     0     0     0     0     2    25   280  2814 14680 11953  4500  5378 14429 11901  8127 11816
ch   17:      0     0     0     0     0     0     0     0     0     0     0     0     0     0     0     0     0     0     0     0     2    40   344  2907  7837 10148  5428 10270 12588 12288  5968 10411
ch   18:      0     0     0     0     0     0     0     0     0     0     0     0     0     0     0     0     0     0     0     0     1    32   260  2998  5266  9213 10081 14916  8244  9797 12762  7008
ch   19:      0     0     0     0     0     0     0     0     0     0     0     0     0     0     0     0     0     0     0     0     1    35   358  2761  9853 14364 11212  8314 10141  8178  9547  7303
ch   20:      0     0     0     0     0     0     0     0     0     0     0     0     0     0     0     0     0     0     0     0     2    17   420  3445 12609 10792 15540 10976 10290 12852 10197  8517
ch   21:      0     0     0     0     0     0     0     0     0     0     0     0     0     0     0     0     0     0     0     0     3    31   412  3390  9019 10545 16062 12063  7971 12174 13270  9598
ch   22:      0     0     0     0     0     0     0     0     0     0     0     0     0     0     0     0     0     0     0     0     3    53   424  4633  5056  7139  9003  7075  6585 10600  8655  8918
ch   23:      0     0     0     0     0     0     0     0     0     0     0     0     0     0     0     0     0     0     0     0     4    57   574  5205  9371  7780 12632 10934  9369 14052 14202  7965
ch   24:      0     0     0     0     0     0     0     0     0     0     0     0     0     0     0     0     0     0     0     2     2    29   550  5205 14212 10145  7007  9208  8300 14473  7485 10803
ch   25:      0     0     0     0     0     0     0     0     0     0     0     0     0     0     0     0     0     0     0     0     4    53   596  5296  7434  9563 13671  7526  8094 10137 16045 10092
ch   26:      0     0     0     0     0     0     0     0     0     0     0     0     0     0     0     0     0     0     0     1     3    51   688  5520  8147 14402 12190 12731 12947  8938 13374  2271
ch   27:      0     0     0     0     0     0     0     0     0     0     0     0     0     0     0     0     0     0     0     0     8    58   935  4978 10387  9493  9313 12306  7511 14359 13554 12929
ch   28:      0     0     0     0     0     0     0     0     0     0     0     0     0     0     0     0     0     0     0     1     4    60   970  4047  8173  9918 11584 10249 14317  6391  8520  7316
ch   29:      0     0     0     0     0     0     0     0     0     0     0     0     0     0     0     0     0     0     0     0     3    63   835  5447 13917 11649 11310  6533 10909  9246  7719  9269
ch   30:      0     0     0     0     0     0     0     0     0     0     0     0     0     0     0     0     0     0     0     0     5    69   584  4498 10809  9488  8852 11259 13844  7947 11741  9907
ch   31:      0     0     0     0     0     0     0     0     0     0     0     0     0     0     0     0     0     0     0     1    16    94   928  6383 12035  7394  8088  8298 12392 10825  6139  9210
ch   32:      0     0     0     0     0     0     0     0     0     0     0     0     0     0     0     0     0     0     0     1    10    96  1345  9435 10553 11845 11466 10986  6788 12705  9904  6813
ch   33:      0     0     0     0     0     0     0     0     0     0     0     0     0     0     0     0     0     0     0     0     4   108  1123  7374  6025  7828  8721 11558  8143  9087  7015  9779
ch   34:      0     0     0     0     0     0     0     0     0     0     0     0     0     0     0     0     0     0     1     1     5    86  1088  7840  7611 10913 12684  8790  8339 12299 12457  8768
ch   35:      0     0     0     0     0     0     0     0     0     0     0     0     0     0     0     0     0     0     0     1    19    67   719  8173 13763 10645 12894 11164 12719 11205 10633  7884
ch   36:      0     0     0     0     0     0     0     0     0     0     0     0     0     0     0     0     0     0     0     2     9   126  1020  8652  8550  7461 10209 12098  8827  9584 10736 10828
ch   37:      0     0     0     0     0     0     0     0     0     0     0     0     0     0     0     0     0     0     0     0     2   189  1135  8687  9608 10415  9322  9218 13218 14267  9374 12379
ch   38:      0     0     0     0     0     0     0     0     0     0     0     0     0     0     0     0     0     0     0     1    13   120   923 10519 13685  6390  7881  9002  9707 13394  6299  8835
ch   39:      0     0     0     0     0     0     0     0     0     0     0     0     0     0     0     0     0     0     0     0    10   171  1222 10761  5653  7338  7822 11440 12954 12197  7673  6543
ch   40:      0     0     0     0     0     0     0     0     0     0     0     0     0     0     0     0     0     0     0     2    11   142  1160  7879 11368  6522 10365 11375 11015  8121  8282 10698
ch   41:      0     0     0     0     0     0     0     0     0     0     0     0     0     0     0     0     0     0     0     0     3   111  1126  7990  4690 11161  9941 10717  9294  5634  5818  9141
ch   42:      0     0     0     0     0     0     0     0     0     0     0     0     0     0     0     0     0     0     0     1     8   115  1359 11300  6066  8109 11478 12439  8857 11879 12274 13038
ch   43:      0     0     0     0     0     0     0     0     0     0     0     0     0     0     0     0     0     0     0     2    18   185  1569 13841  5454 11383 11105  8363 13084 12054  9792 15804
ch   44:      0     0     0     0     0     0     0     0     0     0     0     0     0     0     0     0     0     0     0     1    10   248  1551 12321  7571  9028 15767 12787  8680  6251  7321 11585
ch   45:      0     0     0     0     0     0     0     0     0     0     0     0     0     0     0     0     0     0     0     0    18   166  1990 11313  6000  7674  7683 11900  9652  8144 13190 14520
ch   46:      0     0     0     0     0     0     0     0     0     0     0     0     0     0     0     0     0     0     0     0    14   200  1811 11643 10985  6582 10370  8625  8174 12068 10530  9544
ch   47:      0     0     0     0     0     0     0     0     0     0     0     0     0     0     0     0     0     0     0     0    15   228  2555 15095  9828  7318 14446 11280 10189  7463 13911  7625
ch   48:      0     0     0     0     0     0     0     0     0     0     0     0     0     0     0     0     0     0     0     0    12   164  1679 17471  8113  8161  8205  9911  9024  8894 13305  9649
ch   49:      0     0     0     0     0     0     0     0     0     0     0     0     0     0     0     0     0     0     0     1     9   209  1658 12490  7581 14937 10420 12550  8702 12927  7450 10903
ch   50:      0     0     0     0     0     0     0     0     0     0     0     0     0     0     0     0     0     0     0     1    20   263  1998 13399  4442 14401  8119 13020  7796 12456 15568 13946
ch   51:      0     0     0     0     0     0     0     0     0     0     0     0     0     0     0     0     0     0     0     1    27   228  2490 18315 12303  9683  7937  6822  6763 11550  6634 11366
ch   52:      0     0     0     0     0     0     0     0     0     0     0     0     0     0     0     0     0     0     0     0    21   164  1890 13425  6566 11704 12546 11748  9770  7863 13996  6596
ch   53:      0     0     0     0     0     0     0     0     0     0     0     0     0     0     0     0     0     0     0     1    10   293  2297 17099  7285 10362 11460  9255 11432 12893  9205 11334
ch   54:      0     0     0     0     0     0     0     0     0     0     0     0     0     0     0     0     0     0     2     2    16   281  2351 10601 11260 15129 11407 10890  9207 10595 12132  9165
ch   55:      0     0     0     0     0     0     0     0     0     0     0     0     0     0     0     0     0     0     0     3    27   236  2653 13298  7007  8738  9757 10317  5107 12924 11663 11576
ch   56:      0     0     0     0     0     0     0     0     0     0     0     0     0     0     0     0     0     0     0     1    27   208  2746  1671  8917 14108  8332  8357 13348 14194 12649  8656
ch   57:      0     0     0     0     0     0     0     0     0     0     0     0     0     0     0     0     0     0     0     0    12   304  1908 13512 15089 10292 12933  7726 10889 10540 11965  9174
ch   58:      0     0     0     0     0     0     0     0     0     0     0     0     0     0     0     0     0     0     0     1    26   216  2142 17126  8757 10670 10025  9679  8980 10758  7756  9122
ch   59:      0     0     0     0     0     0     0     0     0     0     0     0     0     0     0     0     0     0     0     3    25   372  3917 17405  9680  6553 13535 10726  4792 12746  9363  9113
ch   60:      0     0     0     0     0     0     0     0     0     0     0     0     0     0     0     0     0     0     0     2    21   197  2802 16922 13484 14750 15046  7778 10719  8672 10800  8002
ch   61:      0     0     0     0     0     0     0     0     0     0     0     0     0     0     0     0     0     0     0     3    18   315  2052 15178  8469 12011 11112 10053 14000  7351  7445  9339
ch   62:      0     0     0     0     0     0     0     0     0     0     0     0     0     0     0     0     0     0     0     1    20   246  1552 13492  5291 12906 14591 14915 10912 11728  6389 11833
ch   63:      0     0     0     0     0     0     0     0     0     0     0     0     0     0     0     0     0     0     0     3    25   437  3999 12132 13502 10706 12677 10579  9974  5675  9695 11959
ch   64:      0     0     0     0     0     0     0     0     0     0     0     0     0     0     0     0     0     0     0     2    25   237  1678 15015 12028  9305  6548 10428  9033  7772  7751 10131
ch   65:      0     0     0     0     0     0     0     0     0     0     0     0     0     0     0     0     0     0     0     0    22   277  2615  3938 15850  9123 10815  8861  7081 13924 10658  8849
ch   66:      0     0     0     0     0     0     0     0     0     0     0     0     0     0     0     0     0     0     0     2    23   351  3107  2225 13130  6841  8674  8450 10132  9471 14612 10819
ch   67:      0     0     0     0     0     0     0     0     0     0     0     0     0     0     0     0     0     0     0     1    18   375  3766  3584 13477 14251 10940 12779  6706 12545  9840  7907
ch   68:      0     0     0     0     0     0     0     0     0     0     0     0     0     0     0     0     0     1     1     3    27   360  2219 11753 11265 10928  9535 11947 11813 10866  8822 13219
ch   69:      0     0     0     0     0     0     0     0     0     0     0     0     0     0     0     0     0     0     0     2    12   278  2866  1072 15264 14722 10783 12607 13544  7164 10372 11912
ch   70:      0     0     0     0     0     0     0     0     0     0     0     0     0     0     0     0     0     0     0     1    28   399  1880  3167 14475  8040 13561  6745 11807 11196  8479 12059
ch   71:      0     0     0     0     0     0     0     0     0     0     0     0     0     0     0     0     0     0     1     7    30   453  2528  7348 15669  8288  9611 11248 10138 10823 12561  9087
ch   72:      0     0     0     0     0     0     0     0     0     0     0     0     0     0     0     0     0     0     0     5    59   335  3153  2979 15021  4941 11168 14780 10782 11932  8516 10929
ch   73:      0     0     0     0     0     0     0     0     0     0     0     0     0     0     0     0     0     0     0     1    30   507  3624  6569 15194  7626 10477 12761  9604 13105 12095 11193
ch   74:      0     0     0     0     0     0     0     0     0     0     0     0     0     0     0     0     0     0     0     1    36   274  3015  1966  8520 10616 13822 10580 10641 11640 10826 10120
ch   75:      0     0     0     0     0     0     0     0     0     0     0     0     0     0     0     0     0     0     0     5    65   354  4911  4810 14329 13012 10007  9062 15329 10247 12729 13232
ch   76:      0     0     0     0     0     0     0     0     0     0     0     0     0     0     0     0     0     0     0     7    44   329  2576 11274 16324  6709  9796  9346 11213 12583  6768 11715
ch   77:      0     0     0     0     0     0     0     0     0     0     0     0     0     0     0     0     0     0     0     4    29   483  3984  3936 13610 13237 10866 13420 10258  9771  8272 10634
ch   78:      0     0     0     0     0     0     0     0     0     0     0     0     0     0     0     0     0     0     0     3    37   314  3026  9268  9425 14843  9928  6462 10445 11781 13430 14215
ch   79:      0     0     0     0     0     0     0     0     0     0     0     0     0     0     0     0     0     0     0     5    52   479  3459 11522 12844  7296 13595 10449  9886  9861  9311  9028
ch   80:      0     0     0     0     0     0     0     0     0     0     0     0     0     0     0     0     0     0     0     0    32   381  4142  8940  5471  9697 12572  8910  9973  7409  7112  9318
ch   81:      0     0     0     0     0     0     0     0     0     0     0     0     0     0     0     0     0     0     0     8    49   514  4207  3204 11008 12242  7784  9238 15896 11145  7587  9264
ch   82:      0     0     0     0     0     0     0     0     0     0     0     0     0     0     0     0     0     0     1     3    27   305  3258 17696  5667 10469 11560  9317  8295  9203  8730 10580
ch   83:      0     0     0     0     0     0     0     0     0     0     0     0     0     0     0     0     0     0     1     6    43   416  4051 11938  7888  9641 10507 10181 10693 12168  9209  8700
ch   84:      0     0     0     0     0     0     0     0     0     0     0     0     0     0     0     0     0     0     0     2    40   282  2663  4414  8501 13993 10329  9091  8125 11652 13601  8224
ch   85:      0     0     0     0     0     0     0     0     0     0     0     0     0     0     0     0     0     0     0     1    43   510  5411  5520  9425 11776  9728  7407  7120 15546  9780  9301
ch   86:      0     0     0     0     0     0     0     0     0     0     0     0     0     0     0     0     0     0     0     2    36   334  3484  7418 11655 10576 10935 11098  7392 12393 10319 13072
ch   87:      0     0     0     0     0     0     0     0     0     0     0     0     0     0     0     0     0     0     0     4    54   611  5384 14742 11595  9949  9690  9610  8981  9415  5611 11369
ch   88:      0     0     0     0     0     0     0     0     0     0     0     0     0     0     0     0     0     0     0     2    13   494  2890  2714  5618  8166 11144  6307  7467  8659 10132 11793
ch   89:      0     0     0     0     0     0     0     0     0     0     0     0     0     0     0     0     0     0     0     4    31   448  4885 12885  5296 14468  3555 10803  8897  6619 10576  8992
ch   90:      0     0     0     0     0     0     0     0     0     0     0     0     0     0     0     0     0     0     0     5    34   444  1764  2801 11509  8796  6805  9743 13296 10037 11991  8873
ch   91:      0     0     0     0     0     0     0     0     0     0     0     0     0     0     0     0     0     0     0     2    34   761  5927  4050  9823  8034  6716 11776 11139 12407  8962 12692
ch   92:      0     0     0     0     0     0     0     0     0     0     0     0     0     0     0     0     0     0     0     6    52   418  4233  5910  8684 17134 11703 12961  8353  9573 11951  8518
ch   93:      0     0     0     0     0     0     0     0     0     0     0     0     0     0     0     0     0     0     3     5    57   523  4723 14143 12792  8688 10604 12050 13318  6437 14931 11432
ch   94:      0     0     0     0     0     0     0     0     0     0     0     0     0     0     0     0     0     0     0     2    64   396  3181 13020 12782  7029 11368 14207  6639 10142 12202  7803
ch   95:      0     0     0     0     0     0     0     0     0     0     0     0     0     0     0     0     0     0     0     6    53   761  4198 13665  6853  7063  9202  8284  9834  9800  9735 11634
ch   96:      0     0     0     0     0     0     0     0     0     0     0     0     0     0     0     0     0     0     0     2    25   308  3564  6208 14033 10969 14366 12188 13053 10523 10363  8540
ch   97:      0     0     0     0     0     0     0     0     0     0     0     0     0     0     0     0     0     0     0     3    58   573  4906 14961 10422  8790  8986  7588 13160  5863 14112 10321
ch   98:      0     0     0     0     0     0     0     0     0     0     0     0     0     0     0     0     0     0     0     6    58   549  4351  4885  7613 15387 13297  3864 11283 12905  9015  5957
ch   99:      0     0     0     0     0     0     0     0     0     0     0     0     0     0     0     0     0     0     0     0    73   684  4303  8059 11444 12849  6770  7583 10634 15195 13293 12193
ch  100:      0     0     0     0     0     0     0     0     0     0     0     0     0     0     0     0     0     0     0     6    28   370  3072  9522  7270 14816 12661 13471  7163 13542  8822  3275
ch  101:      0     0     0     0     0     0     0     0     0     0     0     0     0     0     0     0     0     0     1     4    39   646  4512  9034 14967 10789 10678 13943  7970 12616 11567  5774
ch  102:      0     0     0     0     0     0     0     0     0     0     0     0     0     0     0     0     0     0     0     4    41   400  3761 13479 10184 13184  6621  9537 10703  9508  9785 11661
ch  103:      0     0     0     0     0     0     0     0     0     0     0     0     0     0     0     0     0     0     0     1    42   638  6045  8825  9231  8504 14207 12650 14463 10744 14184 10388
ch  104:      0     0     0     0     0     0     0     0     0     0     0     0     0     0     0     0     0     0     0     3    63   750  5563 12694 13510 10522 11759  6349 11930 10451 10614 15082
ch  105:      0     0     0     0     0     0     0     0     0     0     0     0     0     0     0     0     0     0     0     4    40   446  6331  8262 13535 11312 10066 10291  6004  4474 14245 10136
ch  106:      0     0     0     0     0     0     0     0     0     0     0     0     0     0     0     0     0     0     0     4    52   504  4581 14525 10180  9389  7878 11700 12900 10298 12012  8364
ch  107:      0     0     0     0     0     0     0     0     0     0     0     0     0     0     0     0     0     0     0     0    45   489  5809  7939 12753  9882  6892 15050 10103 15635  9764  9003
ch  108:      0     0     0     0     0     0     0     0     0     0     0     0     0     0     0     0     0     0     0     2    48   475  6836 12544  7044  5207  5127 10090  7118 11054 12015 11664
ch  109:      0     0     0     0     0     0     0     0     0     0     0     0     0     0     0     0     0     0     0     1    34   519  4278  5704  8092  9404  9636 15418  7289 10205  6948  8690
ch  110:      0     0     0     0     0     0     0     0     0     0     0     0     0     0     0     0     0     0     0     3    65   465  3212 13263  7042 11936 13585  9399 14733 13046  9304 14160
ch  111:      0     0     0     0     0     0     0     0     0     0     0     0     0     0     0     0     0     0     0     5    72  1022  4436 15513 15456  9210 13349  9936 10496 15487 11324 14002
ch  112:      0     0     0     0     0     0     0     0     0     0     0     0     0     0     0     0     0     0     0     1    36   506  3844  4600 14487 12661  8929  9038  8086 10893  9457 14866
ch  113:      0     0     0     0     0     0     0     0     0     0     0     0     0     0     0     0     0     0     0     4    44   640  4759 16881  5985  9861  9700 11319 11567  5882  3591  5601
ch  114:      0     0     0     0     0     0     0     0     0     0     0     0     0     0     0     0     0     0     0     0    24   353  3237  3479  4229 15518 11683  8901  9485  7089 10285 11881
ch  115:      0     0     0     0     0     0     0     0     0     0     0     0     0     0     0     0     0     0     0     4    59   560  7389  5519 12616  6578  6100 13121 12395  8667  7343 11514
ch  116:      0     0     0     0     0     0     0     0     0     0     0     0     0     0     0     0     0     0     1     3    45   671  6370 11159  9064  8496 13124 11488  9104  6215  6792 13273
ch  117:      0     0     0     0     0     0     0     0     0     0     0     0     0     0     0     0     0     0     1    10    71   804  8284 15251  7847 12319 13318  9792 10521  9275 11814 13080
ch  118:      0     0     0     0     0     0     0     0     0     0     0     0     0     0     0     0     0     0     0     6    40   639  5817  8947  6353  7602 10468 11158  9815  4660  7432  8339
ch  119:      0     0     0     0     0     0     0     0     0     0     0     0     0     0     0     0     0     0     0     1    31   937  4121 12345 10694 11044 12263 11055  9821 13317  9486  7545
ch  120:      0     0     0     0     0     0     0     0     0     0     0     0     0     0     0     0     0     0     1     5    48   563  4768 10553  9832 10102 10833 13435 12691  7906  7304  9089
ch  121:      0     0     0     0     0     0     0     0     0     0     0     0     0     0     0     0     0     0     0     6    59   768  6806  7043  5940 11008  8845  6910 10102 14764  9358 14570
ch  122:      0     0     0     0     0     0     0     0     0     0     0     0     0     0     0     0     0     0     1     7    50   545  5803 15582  9526 14486  9182 10524 12165  7899 10259 11653
ch  123:      0     0     0     0     0     0     0     0     0     0     0     0     0     0     0     0     0     0     0     4    57   655  6969 13252  7044  8874 13341  9713  8237 14686 12334  7422
ch  124:      0     0     0     0     0     0     0     0     0     0     0     0     0     0     0     0     0     0     0     1    73   583  7019 14766 12728 11928 13336 10794 12592 12551  8086 11281
ch  125:      0     0     0     0     0     0     0     0     0     0     0     0     0     0     0     0     0     0     0     8    64   531  7556 11183 13290 11100 10212 10536 11834 12028 10014 11652
ch  126:      0     0     0     0     0     0     0     0     0     0     0     0     0     0     0     0     0     0     0    11    90  1109  6364 12306 13153  9711  6736 10739 12992  8636 12615  9637
ch  127:      0     0     0     0     0     0     0     0     0     0     0     0     0     0     0     0     0     0     0     1    52   766  5710 16263  7829  4669 12218  8438 10047  8891 13386 13062
