ch    0:      0     0     0     0     0     0     0     0     0     0     0     0     0     0     0     0     0     0     0     0     0     0    12   141   896  6955  6890 11376  7700  7266  8835  1355
ch    1:      0     0     0     0     0     0     0     0     0     0     0     0     0     0     0     0     0     0     0     0     2     5    45   476  3463 14034  8285  5634 10113  8598 13291    81
ch    2:      0     0     0     0     0     0     0     0     0     0     0     0     0     0     0     0     0     0     0     0     0     8    58   657  3549  9810  8862  9915  6601 14642  8492  9682
ch    3:      0     0     0     0     0     0     0     0     0     0     0     0     0     0     0     0     0     0     1     1     2    15   143   874  5713  9304  7956  6551  4018  9126  6958   482
ch    4:      0     0     0     0     0     0     0     0     0     0     0     0     0     0     0     0     0     0     0     0     0    13   129   891  7732  9634 11309  7354  9985  9060 11599 12913
ch    5:      0     0     0     0     0     0     0     0     0     0     0     0     0     0     0     0     0     0     0     0     0    30   173  1266  9365 10047 10394 13460 10021 10962  9151  1336
ch    6:      0     0     0     0     0     0     0     0     0     0     0     0     0     0     0     0     0     0     0     1     4    22   100   853  8499 10001  9883  9087  8873 11916 10466  9575
ch    7:      0     0     0     0     0     0     0     0     0     0     0     0     0     0     0     0     0     0     0     0     1    22   196  1399 11891 11806 13092 10284  8582  8623  9782  1484
ch    8:      0     0     0     0     0     0     0     0     0     0     0     0     0     0     0     0     0     0     0     0     1    21   234  1605 10952 13430 14477 11562 14430  8770 11039 11188
ch    9:      0     0     0     0     0     0     0     0     0     0     0     0     0     0     0     0     0     0     0     1     1    21   302  1886 17669 12386 11574  5678 11437 10181  4799  2156
ch   10:      0     0     0     0     0     0     0     0     0     0     0     0     0     0     0     0     0     0     0     0     3    34 14801  2133 17051  9448 11724 12974 13091 12797  6843  5626
ch   11:      0     0     0     0     0     0     0     0     0     0     0     0     0     0     0     0     0     0     0     0     0    17   357  2306 10901  7362 10095 14278 12928 13412 11821  2752
ch   12:      0     0     0     0     0     0     0     0     0     0     0     0     0     0     0     0     0     0     0     0     2    43   436  2499 14142  9935 10941  9493  9974  7727 11381 12428
ch   13:      0     0     0     0     0     0     0     0     0     0     0     0     0     0     0     0     0     0     0     0     1    69   554  3518  1740  8182  7210 12200 11104 13123 11187  2561
ch   14:      0     0     0     0     0     0     0     0     0     0     0     0     0     0     0     0     0     0     0     0     2    31   276  3727 16789 14480  7897  8654  9066 11791 12577  8941
ch   15:      0     0     0     0     0     0     0     0     0     0     0     0     0     0     0     0     0     0     0     0     9    52   681  6601  9349  5223  8003 11151  7285 14448  5693  3667
ch   16:      0     0     0     0     0     0     0     0     0     0     0     0     0     0     0     0     0     0     1     1     4    54   530 10192  1110 10619  9164 10504 11396  7633  9085 13450
ch   17:      0     0     0     0     0     0     0     0     0     0     0     0     0     0     0     0     0     0     0     0     3    39   588  4922 13566  9122  9510 12993 10948 10584 17199  4876
ch   18:      0     0     0     0     0     0     0     0     0     0     0     0     0     0     0     0     0     0     0     0     3    74   374  6484 16009 13848  5940  8860 12484 11423 12679  8052
ch   19:      0     0     0     0     0     0     0     0     0     0     0     0     0     0     0     0     0     0     0     0     3    62   577  5929 14178 12533  7744  9756 11391 12657  9886  5258
ch   20:      0     0     0     0     0     0     0     0     0     0     0     0     0     0     0     0     0     0     0     0     3    63   860  4542  6108  9835 12939 10076 16691 15200 15324  7545
ch   21:      0     0     0     0     0     0     0     0     0     0     0     0     0     0     0     0     0     0     0     0     6    92  1065  4621  9192  8734 15092  6946  6734 14698  6386  6292
ch   22:      0     0     0     0     0     0     0     0     0     0     0     0     0     0     0     0     0     0     0     0     7    79   875  6038 14442 10018 11669 12597  5490  9346  9056  9289
ch   23:      0     0     0     0     0     0     0     0     0     0     0     0     0     0     0     0     0     0     0     0    10   108   705  7187 15450 11975 14075  7785 10664  5257 10519  7947
ch   24:      0     0     0     0     0     0     0     0     0     0     0     0     0     0     0     0     0     0     0     1     4    50   489  4104 11639  9826 12767 10908 11962 10746 13421  9623
ch   25:      0     0     0     0     0     0     0     0     0     0     0     0     0     0     0     0     0     0     0     0     6    99  1409  7159 13081  8987  6236  9077  4777  5644 14456  7255
ch   26:      0     0     0     0     0     0     0     0     0     0     0     0     0     0     0     0     0     0     0     0     4    52   551  5443  6469  6549  8770 10073  6777 10421 11377  9455
ch   27:      0     0     0     0     0     0     0     0     0     0     0     0     0     0     0     0     0     0     0     0     5   124   805  7167 13692  5784 13012 14850  4818  9004 13841 10697
ch   28:      0     0     0     0     0     0     0     0     0     0     0     0     0     0     0     0     0     0     0     0     6    78  1323  7131  6201  8570 11842  4676  7694  9548  7968  7086
ch   29:      0     0     0     0     0     0     0     0     0     0     0     0     0     0     0     0     0     0     0     1    10   151  1138  9217 12565  6345  6587  7653 10873  8708 10415 11116
ch   30:      0     0     0     0     0     0     0     0     0     0     0     0     0     0     0     0     0     0     0     0    19   164  1113  9468 14289 14107  9203 12109 10267 16142 10723  9591
ch   31:      0     0     0     0     0     0     0     0     0     0     0     0     0     0     0     0     0     0     0     1    10   135  1232 12835 13798 11899  7723 11897 12004 12562  9459 15579
ch   32:      0     0     0     0     0     0     0     0     0     0     0     0     0     0     0     0     0     0     0     0    10   148   945  8803  5553  6797 10722 10835 14773 13334  6893  7805
ch   33:      0     0     0     0     0     0     0     0     0     0     0     0     0     0     0     0     0     0     0     0     8   127  1492  8642  9183  8783  9918  7430  8515 15544  6047 12990
ch   34:      0     0     0     0     0     0     0     0     0     0     0     0     0     0     0     0     0     0     0     1    15    89  1577  8359 10659 10094 11821 11560  8773  6647 11889 12370
ch   35:      0     0     0     0     0     0     0     0     0     0     0     0     0     0     0     0     0     0     0     2    19   230  1815  9964  8578 14085 10054 12713  9710  9197  6904 18653
ch   36:      0     0     0     0     0     0     0     0     0     0     0     0     0     0     0     0     0     0     0     0    15   137  1399 10827 13836 12978 12784  5171  8420  9764 11806 13160
ch   37:      0     0     0     0     0     0     0     0     0     0     0     0     0     0     0     0     0     0     0     0    10   133  1759 11561 14416  9938  9810 13900 10265 13103 13252 14857
ch   38:      0     0     0     0     0     0     0     0     0     0     0     0     0     0     0     0     0     0     0     3    16   128  1255 10780 12140 12750  8603 12998  8730 11174 14003 12353
ch   39:      0     0     0     0     0     0     0     0     0     0     0     0     0     0     0     0     0     0     0     1    11   257  1782 12569 10785 12292  6565 15234 10352  9718  7027 14815
ch   40:      0     0     0     0     0     0     0     0     0     0     0     0     0     0     0     0     0     0     0     0    10   241  2226 15072 10486 10965 12441 13292  9459  4658 13247 11052
ch   41:      0     0     0     0     0     0     0     0     0     0     0     0     0     0     0     0     0     0     0     0    12   199  2017 14728  6875 12931  6080  9857  7256 13411  7985  8521
ch   42:      0     0     0     0     0     0     0     0     0     0     0     0     0     0     0     0     0     0     0     1    16   195  2573 14990 14837  9974  9086 11179  7976 10087  8018  8423
ch   43:      0     0     0     0     0     0     0     0     0     0     0     0     0     0     0     0     0     0     0     0    27   264  2049 14087 11501  9170 12196 11634 12987 11471 10516 15817
ch   44:      0     0     0     0     0     0     0     0     0     0     0     0     0     0     0     0     0     0     0     2    22   201  1622 14905 13855  6321 11550  8750 11332  7150  7117  9679
ch   45:      0     0     0     0     0     0     0     0     0     0     0     0     0     0     0     0     0     0     0     6    38   380  2820  4978 12415  9570 10743  8006  8136 13360 10313 16784
ch   46:      0     0     0     0     0     0     0     0     0     0     0     0     0     0     0     0     0     0     0     2    27   167  2107 13032 11800  9089  9814  6281  8573  8907  8573 11943
ch   47:      0     0     0     0     0     0     0     0     0     0     0     0     0     0     0     0     0     0     0     0    32   347  3479 14562 11363 11165 10958 12346  8311  7936 10580 11980
ch   48:      0     0     0     0     0     0     0     0     0     0     0     0     0     0     0     0     0     0     0     1    20   253  1752 17075 11775 13172  7890 10260  6430 11710  8967 12741
ch   49:      0     0     0     0     0     0     0     0     0     0     0     0     0     0     0     0     0     0     0     1    30   231  2686 15487 11498  9014 15055  8251  9862  9525 13029 16006
ch   50:      0     0     0     0     0     0     0     0     0     0     0     0     0     0     0     0     0     0     0     2    25   207  3027 14996  8579 13419 11845 11394  9484 10383 12349  8436
ch   51:      0     0     0     0     0     0     0     0     0     0     0     0     0     0     0     0     0     0     0     6    35   432  2907  8763  9242 10678  4390  7997 12134  6596  7056 11563
ch   52:      0     0     0     0     0     0     0     0     0     0     0     0     0     0     0     0     0     0     0     4    47   340  3205  7501 13963 10097 10008  7955  6935  9406  6390  8511
ch   53:      0     0     0     0     0     0     0     0     0     0     0     0     0     0     0     0     0     0     0     4    40   493  3501  9830 13212  9937 10469  8999  5810 13111  4039 19170
ch   54:      0     0     0     0     0     0     0     0     0     0     0     0     0     0     0     0     0     0     1     5    15   161  2776 16685 10416 10163  9998 14810  5541 11247  7403  9702
ch   55:      0     0     0     0     0     0     0     0     0     0     0     0     0     0     0     0     0     0     0     2    44   389  3778  4536 12143 12017 10771 16800 12363  9459 11875  6773
ch   56:      0     0     0     0     0     0     0     0     0     0     0     0     0     0     0     0     0     0     1    10    52   467  3720  2412  8352 12488  2575  8992  8609  7477 14264 14826
ch   57:      0     0     0     0     0     0     0     0     0     0     0     0     0     0     0     0     0     0     0     3    55   469  5269  6193 10953  6501  5773  6937 12424  9425 13311 18831
ch   58:      0     0     0     0     0     0     0     0     0     0     0     0     0     0     0     0     0     0     0     2    70   815  4183  5344  8803  4566  6565 13382 10550  6796  8901  9396
ch   59:      0     0     0     0     0     0     0     0     0     0     0     0     0     0     0     0     0     0     0     5    78   819  4467 16371  8687  6515 10899  5628  6691 12957 13371 12145
ch   60:      0     0     0     0     0     0     0     0     0     0     0     0     0     0     0     0     0     0     0     4    37   504  3646 17422 11870 13587  8344  5853  7514  6691 14924 12149
ch   61:      0     0     0     0     0     0     0     0     0     0     0     0     0     0     0     0     0     0     1     3    32   343  4829  9192  9636 12373  7300  9190  7199  3155 11887  4978
ch   62:      0     0     0     0     0     0     0     0     0     0     0     0     0     0     0     0     0     0     0     0    35   404  3035  4732  8505 11887 12924 10770 11139  7232 10179 10243
ch   63:      0     0     0     0     0     0     0     0     0     0     0     0     0     0     0     0     0     0     0     3    38   500  4897 17958 11980  8182  8717  8012  7739 12580 15899  8528
ch   64:      0     0     0     0     0     0     0     0     0     0     0     0     0     0     0     0     0     0     0     3    37   463  3651  4163  8618  5518 14717 10367  6471 12091 15477 11413
ch   65:      0     0     0     0     0     0     0     0     0     0     0     0     0     0     0     0     0     0     1     3    76   806  4416 18212 10585  5892 12025 12250  8599 10773 13053 11955
ch   66:      0     0     0     0     0     0     0     0     0     0     0     0     0     0     0     0     0     0     0     3    57   425  5673 11095 10770  6110 10900  7702 10485  8139  9475 13732
ch   67:      0     0     0     0     0     0     0     0     0     0     0     0     0     0     0     0     0     0     0     5    36   448  5777 18609 10223 14689 12147  7685 14883 15010 10319  7528
ch   68:      0     0     0     0     0     0     0     0     0     0     0     0     0     0     0     0     0     0     0     8    55   394  4865  9517 16411 14969  9794 13982  5755 11177  9299  8163
ch   69:      0     0     0     0     0     0     0     0     0     0     0     0     0     0     0     0     0     0     1     6    72   768  8109  8256 12089  8546  7176  5892 14330  7132 10627  5422
ch   70:      0     0     0     0     0     0     0     0     0     0     0     0     0     0     0     0     0     0     1     3    62   373  3489 13722 10727  7750 14431  4635 10159 11050  7633  6185
ch   71:      0     0     0     0     0     0     0     0     0     0     0     0     0     0     0     0     0     0     0    11   108   854  8020 12388 10346  7849 10123 12383 11200  6437 13218  4830
ch   72:      0     0     0     0     0     0     0     0     0     0     0     0     0     0     0     0     0     0     0     8    50   560  4359 13474 10539 11636  5566  6725  6417 15411 12842  8271
ch   73:      0     0     0     0     0     0     0     0     0     0     0     0     0     0     0     0     0     0     0     7    62   888  8232  3016  7421  4043  7688 11342 14440 10205 11922  4707
ch   74:      0     0     0     0     0     0     0     0     0     0     0     0     0     0     0     0     0     0     1     3    50   456  5585 11093  8413 13366 11735 11898 15133 14129  9869 10583
ch   75:      0     0     0     0     0     0     0     0     0     0     0     0     0     0     0     0     0     0     2    13    83   996  5967  3272  8795 10560 10420  9288 12939  9532 12495 19097
ch   76:      0     0     0     0     0     0     0     0     0     0     0     0     0     0     0     0     0     0     0     5    67   640  5677  3854  9866 11324 11355 15361  8879  7014 11512 12178
ch   77:      0     0     0     0     0     0     0     0     0     0     0     0     0     0     0     0     0     0     0     6    60   545  5036 15017 13056  7504 11410  9333 12005  9880 10951  9009
ch   78:      0     0     0     0     0     0     0     0     0     0     0     0     0     0     0     0     0     0     0     6    45   572  3250  8393  9073 15056  8991 12856  6501 13115 11006  9471
ch   79:      0     0     0     0     0     0     0     0     0     0     0     0     0     0     0     0     0     0     0    16    52   601  5146 11189  9967 11257 10371  3628 14375 10038  9839  2514
ch   80:      0     0     0     0     0     0     0     0     0     0     0     0     0     0     0     0     0     0     1     8    60   606  5075 12764  8025  7068 11287 13134 11361  7437 11345 12167
ch   81:      0     0     0     0     0     0     0     0     0     0     0     0     0     0     0     0     0     0     0     8   116   618  7877 13289 12694  7001 15559 11721  8387  8661  9294 18974
ch   82:      0     0     0     0     0     0     0     0     0     0     0     0     0     0     0     0     0     0     0     0    40   619  2977 17218 10741  9422 10426 10142  7856  9510 12943  9665
ch   83:      0     0     0     0     0     0     0     0     0     0     0     0     0     0     0     0     0     0     1     6    88  1029  6367 18296 10938 10998  6239 11968 12830 12164 11245 16316
ch   84:      0     0     0     0     0     0     0     0     0     0     0     0     0     0     0     0     0     0     1     7    75   551  6368 10529 10944 15166 17136 11182  7181 11589  5231 13810
ch   85:      0     0     0     0     0     0     0     0     0     0     0     0     0     0     0     0     0     0     0    10    76   933  7443  9898  9378  8154  9309 15695 11365  9481 11401  1877
ch   86:      0     0     0     0     0     0     0     0     0     0     0     0     0     0     0     0     0     0     0     5    88   494  5482  1270 11289 10759  8323  8823 10839 11838 13571 11625
ch   87:      0     0     0     0     0     0     0     0     0     0     0     0     0     0     0     0     0     0     0    10    90  1102  6487 18257 14405 11952  9495  8568 11796 10119  5679 14645
ch   88:      0     0     0     0     0     0     0     0     0     0     0     0     0     0     0     0     0     0     0     1    49   615  4932 11211  7222 12408 10859 10175 11646  9866 11830  8227
ch   89:      0     0     0     0     0     0     0     0     0     0     0     0     0     0     0     0     0     0     1     6    53  1121  6163 12629  2839 10035 11774  7921 11415  6860 13427 14647
ch   90:      0     0     0     0     0     0     0     0     0     0     0     0     0     0     0     0     0     0     0     7    77   630  4978 16876 13551  7082 10308 10969  5737  5133 12653 13437
ch   91:      0     0     0     0     0     0     0     0     0     0     0     0     0     0     0     0     0     0     0     3    89   807  7053  7186 10911 12939  8450 13278 13324  5602 11537  3736
ch   92:      0     0     0     0     0     0     0     0     0     0     0     0     0     0     0     0     0     0     0     3    70  1064  4660 15074 11831  8781 13098  7631  8653  5504  9215  8778
ch   93:      0     0     0     0     0     0     0     0     0     0     0     0     0     0     0     0     0     0     0     3    35   574  6120  6478  9378  4877 13583  6376  9635 12787 10091 14404
ch   94:      0     0     0     0     0     0     0     0     0     0     0     0     0     0     0     0     0     0     0    12    65   937  6761 17002 13478  7664  7879  6006  8351  7092 14618 12092
ch   95:      0     0     0     0     0     0     0     0     0     0     0     0     0     0     0     0     0     0     0    11    71   706  8366 11041 13747 10963 12280 10139 13473  6794  8587 14333
ch   96:      0     0     0     0     0     0     0     0     0     0     0     0     0     0     0     0     0     0     1     6    55   567  7911 17937 13480  8934 13769 14064 10977  7705 11318 10475
ch   97:      0     0     0     0     0     0     0     0     0     0     0     0     0     0     0     0     0     0     0     5    48   567  7450 11756 12409  2412  8400  8744 10833 10481 17033 12313
ch   98:      0     0     0     0     0     0     0     0     0     0     0     0     0     0     0     0     0     0     1     9    66   548  4147  4530  4562 11664  7851  5081 10811  5739  8548 14544
ch   99:      0     0     0     0     0     0     0     0     0     0     0     0     0     0     0     0     0     0     0     9    57   845  6925  9403 11475  7434 11342 12166 10633 10111 12123 11670
ch  100:      0     0     0     0     0     0     0     0     0     0     0     0     0     0     0     0     0     1     1     7    47   822  5553 17242 14022 10074  8277  9439  7508  8094 14103 10304
ch  101:      0     0     0     0     0     0     0     0     0     0     0     0     0     0     0     0     0     0     0    12    96  1126  8210 14635  5899  8096 15433  9311 11799 11087 13639 10143
ch  102:      0     0     0     0     0     0     0     0     0     0     0     0     0     0     0     0     0     0     0     2    57   564  5650  2946 15193 11555  7669 15525 11815 11748 10513  7630
ch  103:      0     0     0     0     0     0     0     0     0     0     0     0     0     0     0     0     0     0     1     7    82   601  6684 14011  7867  9819  8593 10566  9675 11515 17972 10391
ch  104:      0     0     0     0     0     0     0     0     0     0     0     0     0     0     0     0     0     0     0     3    82   586  5771 13570 11158  8306  9171  7531 10076 10052 13624 10736
ch  105:      0     0     0     0     0     0     0     0     0     0     0     0     0     0     0     0     0     0     2     4    77   563  6400 15109 11445  6279  9763 10837  6379 13799 11017  7302
ch  106:      0     0     0     0     0     0     0     0     0     0     0     0     0     0     0     0     0     0     0     3    37   803  5575 17741  9257 13369  9364  7587 13748 10879  9150  9269
ch  107:      0     0     0     0     0     0     0     0     0     0     0     0     0     0     0     0     0     0     0     4    43   711  5882 15068  9278 12551  9528  9689 10962 15235  9923  6103
ch  108:      0     0     0     0     0     0     0     0     0     0     0     0     0     0     0     0     0     0     1     7    65   825  7533 11193 12492 13779  8517  9743 15057  8819  8127  7629
ch  109:      0     0     0     0     0     0     0     0     0     0     0     0     0     0     0     0     0     0     0     3    56  1045  7642 13376 11698  8552 13827  7148  9939  9812  7739  6784
ch  110:      0     0     0     0     0     0     0     0     0     0     0     0     0     0     0     0     0     0     0     3    38   528  5811 11434 11283 13697 14092 10143 12073  9549 14219 12910
ch  111:      0     0     0     0     0     0     0     0     0     0     0     0     0     0     0     0     0     0     0     5    77   627  7576  8160 12972 10473  9029  8411 11478 12042  9254  5826
ch  112:      0     0     0     0     0     0     0     0     0     0     0     0     0     0     0     0     0     0     0     3    57   594  5060  5395 11496  9192 10971 12924 12551 12751  9491  8677
ch  113:      0     0     0     0     0     0     0     0     0     0     0     0     0     0     0     0     0     0     0     4    65   521  4946  5106 11759 13978  7201  9994 13347  8747  9110  6664
ch  114:      0     0     0     0     0     0     0     0     0     0     0     0     0     0     0     0     0     0     1     5    82   708  4271  6227 11662  7353  6912  9958 13001 14664 10641  6137
ch  115:      0     0     0     0     0     0     0     0     0     0     0     0     0     0     0     0     0     0     0     2    72   621  6436  6981 10101 12949  9468 10312 11330  9428  7189  5079
ch  116:      0     0     0     0     0     0     0     0     0     0     0     0     0     0     0     0     0     0     0     5    47   510  5230  4339 13724 12761  7271 12190 14978  6352  9944 10840
ch  117:      0     0     0     0     0     0     0     0     0     0     0     0     0     0     0     0     0     0     0     2    48   514  5124  4078 10893  6145  8816  9547  9880  8497  6417  5070
ch  118:      0     0     0     0     0     0     0     0     0     0     0     0     0     0     0     0     0     0     0     1    61   543  4493 12952  9884  8377  8373  7625 10783 13638 14298 10375
ch  119:      0     0     0     0     0     0     0     0     0     0     0     0     0     0     0     0     0     0     0     0    18   382  3158 12102  7639  7823  8225 11252  8760  8677 11240  3603
ch  120:      0     0     0     0     0     0     0     0     0     0     0     0     0     0     0     0     0     0     1     4    35   505  4485  3759  9018  6538 11087  5807 13904  4786 10127  6980
ch  121:      0     0     0     0     0     0     0     0     0     0     0     0     0     0     0     0     0     0     1     5    75   947  5882 16178 11043 11334  2934  6527  9715 12883 12124  3162
ch  122:      0     0     0     0     0     0     0     0     0     0     0     0     0     0     0     0     0     0     1     7    81   592  5969 12614 11534  3257 12915 14287 15683 11526 16115  8254
ch  123:      0     0     0     0     0     0     0     0     0     0     0     0     0     0     0     0     0     0     0     5    80   965  7500  3459  6418 11957 12918 10830  6506 11794 15046  2488
ch  124:      0     0     0     0     0     0     0     0     0     0     0     0     0     0     0     0     0     0     0     5    59   526  6713 11447 10590  7358 11885 10494 10062 15541 11588 13314
ch  125:      0     0     0     0     0     0     0     0     0     0     0     0     0     0     0     0     0     0     0     9   105  1192  9036 11376 11546 13967  9380  8755 10665 12627 13892  1255
ch  126:      0     0     0     0     0     0     0     0     0     0     0     0     0     0     0     0     0     0     1     7   100  1194  7288 16640  7060 13393  9187  9977 10322  5307  8235 11537
ch  127:      0     0     0     0     0     0     0     0     0     0     0     0     0     0     0     0     0     0     4    23   207  3421  1836  9959 13357  9027 10661 12820 10988  6071 11500  7466
