ch    0:      0     0     0     0     0     0     0     0     0     0     0     0     0     0     0     0     0     0     0     0     1     4    63   439  2670 11323  2422 14977 12265  8468 11316  2813
ch    1:      0     0     0     0     0     0     0     0     0     0     0     0     0     0     0     0     0     0     0     0     5    20   200  1534  8305  9910 14769  9295  5555  8909  6799  2337
ch    2:      0     0     0     0     0     0     0     0     0     0     0     0     0     0     0     0     0     0     0     0     2    25   148  1748  7217  9337  6328 13334 10793  5333  6918 14085
ch    3:      0     0     0     0     0     0     0     0     0     0     0     0     0     0     0     0     0     0     0     1     5    44   407  3124 13322  8414  9421 11703  6738 11386  9418  8401
ch    4:      0     0     0     0     0     0     0     0     0     0     0     0     0     0     0     0     0     0     0     2     5    54   499  2786 16065  9197 11995 11599 10171 11335 13967 15126
ch    5:      0     0     0     0     0     0     0     0     0     0     0     0     0     0     0     0     0     0     0     0     2    43   389  2914 13348 17961  9587 12316 11693 12861 12205  3264
ch    6:      0     0     0     0     0     0     0     0     0     0     0     0     0     0     0     0     0     0     0     0     2    55   321  3392 16759 11575  8575 10064 10153  9259 11568 10668
ch    7:      0     0     0     0     0     0     0     0     0     0     0     0     0     0     0     0     0     0     0     2    15    88   761  6508  9066 12307 14129 13358 11022  8981 13471 12571
ch    8:      0     0     0     0     0     0     0     0     0     0     0     0     0     0     0     0     0     0     0     0     9    75   819  3913  2699  8920  6271 17223 11541  8689 11173 12159
ch    9:      0     0     0     0     0     0     0     0     0     0     0     0     0     0     0     0     0     0     0     2     5   103   890  5665  6624  6772 10969  9654 13222 10261 10854 10673
ch   10:      0     0     0     0     0     0     0     0     0     0     0     0     0     0     0     0     0     0     0     1    12    99   847  4682  8387  8888 14088 13367  7542  9956 16719  7404
ch   11:      0     0     0     0     0     0     0     0     0     0     0     0     0     0     0     0     0     0     0     2    18    94   972  7942  8086 12129 10638  8721 14519 14008 14466 11107
ch   12:      0     0     0     0     0     0     0     0     0     0     0     0     0     0     0     0     0     0     0     0    13   143   910  6578 11637  6221  8594 12599 12660 12801 16459  8141
ch   13:      0     0     0     0     0     0     0     0     0     0     0     0     0     0     0     0     0     0     0     3    12   133  1388 10791  8659 13132  5521 13050  7253 12386 10030  9659
ch   14:      0     0     0     0     0     0     0     0     0     0     0     0     0     0     0     0     0     0     0     1    17   177  1643  9446 11483  9523  8950 10938 11273  8945 11212 10619
ch   15:      0     0     0     0     0     0     0     0     0     0     0     0     0     0     0     0     0     0     0     3    11   223  1658 11215 11053 14645 11322 13881  8297  6188 11294  6082
ch   16:      0     0     0     0     0     0     0     0     0     0     0     0     0     0     0     0     0     0     0     4    24   169  1697  8318  8423 11201  6807 10511  9276  4242 14735 11232
ch   17:      0     0     0     0     0     0     0     0     0     0     0     0     0     0     0     0     0     0     0     1    38   293  1784 13962 10104  6439 13173 12097 14716  9081  6070 11315
ch   18:      0     0     0     0     0     0     0     0     0     0     0     0     0     0     0     0     0     0     0     4    27   227  1665  9384 12653  6458 11412  9197  8799  7801 10500  9241
ch   19:      0     0     0     0     0     0     0     0     0     0     0     0     0     0     0     0     0     0     0     4    33   379  2228  2457  9691  3781 11973  8018  2055 14515  9169 10527
ch   20:      0     0     0     0     0     0     0     0     0     0     0     0     0     0     0     0     0     0     0     1    27   150  1659 12272  3682  8593 11624 13877  8478  8727 10477 16539
ch   21:      0     0     0     0     0     0     0     0     0     0     0     0     0     0     0     0     0     0     0     0    30   320  2211 13192 12768  6534 10849 10902 10364  3578 17454  8930
ch   22:      0     0     0     0     0     0     0     0     0     0     0     0     0     0     0     0     0     0     1     2    22   176  2162  9872 10949  6442  9178 10489 14998  7259 10193  9191
ch   23:      0     0     0     0     0     0     0     0     0     0     0     0     0     0     0     0     0     0     0     2    37   461  2659 12144 11856  9761  6121 12057  7032 12544  8048  7756
ch   24:      0     0     0     0     0     0     0     0     0     0     0     0     0     0     0     0     0     0     0     1    27   172  1745 11295 11622 15545 11358 11301 13684 10608 14895 14756
ch   25:      0     0     0     0     0     0     0     0     0     0     0     0     0     0     0     0     0     0     0     2    45   324  2918 15530 12278  6597 12084  7640  8145 10229 11344 12251
ch   26:      0     0     0     0     0     0     0     0     0     0     0     0     0     0     0     0     0     0     0     3    24   294  2915 15061 10547 10594 10593  8165 11749 10141  6294  9937
ch   27:      0     0     0     0     0     0     0     0     0     0     0     0     0     0     0     0     0     0     0     3    46   608  4617  3208  7030  9674 12685  8087  8156 11494 10959 13245
ch   28:      0     0     0     0     0     0     0     0     0     0     0     0     0     0     0     0     0     0     0     2    33   219  3000 15166 11340  8815  8144  3797 10089  9534  9688  7002
ch   29:      0     0     0     0     0     0     0     0     0     0     0     0     0     0     0     0     0     0     0     6    65   644  3828  8693  9631 10344  7119  5385  9643 11527  9353 11891
ch   30:      0     0     0     0     0     0     0     0     0     0     0     0     0     0     0     0     0     0     0     0    22   252  2425 14752  3488 10692  8685 10813  7461  7280 11186  8344
ch   31:      0     0     0     0     0     0     0     0     0     0     0     0     0     0     0     0     0     0     1     5    75   680  3348  3693  7256 10276  9653  8032  9606  6924  6900 13363
ch   32:      0     0     0     0     0     0     0     0     0     0     0     0     0     0     0     0     0     0     0     5    34   392  3077 16672 12634 10711 11588  9976  6568 10584  7028 14242
ch   33:      0     0     0     0     0     0     0     0     0     0     0     0     0     0     0     0     0     0     1     4    75   612  5174 12818 15042 10769 11741 12186  3298 13109 13120  9301
ch   34:      0     0     0     0     0     0     0     0     0     0     0     0     0     0     0     0     0     0     0     5    54   330  4020  5325 11334 13598  5584 11237  9790 11285  9689  9747
ch   35:      0     0     0     0     0     0     0     0     0     0     0     0     0     0     0     0     0     0     1     3   124   983  6031  7423  9786 14884 11690  5618  5100  9543 12232  9126
ch   36:      0     0     0     0     0     0     0     0     0     0     0     0     0     0     0     0     0     0     1     7    58   507  3561 15014 13066  9706 14063 10517  9817 11448 13951 16607
ch   37:      0     0     0     0     0     0     0     0     0     0     0     0     0     0     0     0     0     0     0     1    40   600  3601  4899  9563  9677 11219  3643 10526  5487 12073 16565
ch   38:      0     0     0     0     0     0     0     0     0     0     0     0     0     0     0     0     0     0     0     3    63   586  3771  4337  5278 14105  6848  7654 14037 12280  9965  8420
ch   39:      0     0     0     0     0     0     0     0     0     0     0     0     0     0     0     0     0     0     0    10    69   557  5920  5946 10246  9721 13382  7286 12186  4660 14328  4375
ch   40:      0     0     0     0     0     0     0     0     0     0     0     0     0     0     0     0     0     0     0     5    62   505  5529  8937 12907 10557 11147 16057 15903 11785 14441 11373
ch   41:      0     0     0     0     0     0     0     0     0     0     0     0     0     0     0     0     0     0     0    12    69   996  4805 15295 11077  6886  7569  9644 11513  7703 11163  9321
ch   42:      0     0     0     0     0     0     0     0     0     0     0     0     0     0     0     0     0     0     1     5    61   527  4296  2672  7263 15729  5482  9762  7385 12976  7273 14004
ch   43:      0     0     0     0     0     0     0     0     0     0     0     0     0     0     0     0     0     0     1     9    62  1002  5647 14534 10099  8662 13684  6512 13591 12939  5625  8816
ch   44:      0     0     0     0     0     0     0     0     0     0     0     0     0     0     0     0     0     0     0     7    41   628  4027 12628 10186  4674  7572  8512  7704  9177 11562 10093
ch   45:      0     0     0     0     0     0     0     0     0     0     0     0     0     0     0     0     0     0     0     8   105   722  7051  4692 11322 12892 10235 12383  6054 11047 11980  6289
ch   46:      0     0     0     0     0     0     0     0     0     0     0     0     0     0     0     0     0     0     0     4    45   867  4686 12883 10493  9976  4642  5589  5541 13413  7161 10066
ch   47:      0     0     0     0     0     0     0     0     0     0     0     0     0     0     0     0     0     0     1     4   144  1230  8191  9554 10630 10234 11819 10648 10954  9557 13292 12701
ch   48:      0     0     0     0     0     0     0     0     0     0     0     0     0     0     0     0     0     0     0     7   100   837  5929 14048  9427  5065  9518  6734  9381 15866  5581 10333
ch   49:      0     0     0     0     0     0     0     0     0     0     0     0     0     0     0     0     0     0     0     7    98   947  7776 12898 13520 13850  7226 10616  8208 11668  7794 11905
ch   50:      0     0     0     0     0     0     0     0     0     0     0     0     0     0     0     0     0     0     2     8   110   719  6254 16238 10416  8459 10258  8270  7820  6711 10030  8884
ch   51:      0     0     0     0     0     0     0     0     0     0     0     0     0     0     0     0     0     0     1     7   172  1146  8290  6425  7548  6713 12694 10104 10245 14389  7459 14372
ch   52:      0     0     0     0     0     0     0     0     0     0     0     0     0     0     0     0     0     0     1     6    85   858  5058 17122  8897 11876  7077 11763 15080  7881 14011  6922
ch   53:      0     0     0     0     0     0     0     0     0     0     0     0     0     0     0     0     0     1     1     9   100   912  5712  4377  5567 11835 11876 12175 14979 10428 14878 13567
ch   54:      0     0     0     0     0     0     0     0     0     0     0     0     0     0     0     0     0     0     2     5    50   492  6212 12033  9384 14029 10067  6884  7817  8553 12207 12690
ch   55:      0     0     0     0     0     0     0     0     0     0     0     0     0     0     0     0     0     0     1    10   130  1353  9804 16900 10456 14307  8568 10488  6889 10549 10723 13784
ch   56:      0     0     0     0     0     0     0     0     0     0     0     0     0     0     0     0     0     0     3     9   127   941 11270  7098  9436  4847 13907 10236 13616 10938 11370 15184
ch   57:      0     0     0     0     0     0     0     0     0     0     0     0     0     0     0     0     0     0     4    17   120  1628  9073 14771 14629  8451  9928  9787 13841 11560 13801  7550
ch   58:      0     0     0     0     0     0     0     0     0     0     0     0     0     0     0     0     0     0     2    18   114  1133 10112  1647 12347 11794 10692  9641 12017 13872 13277  8957
ch   59:      0     0     0     0     0     0     0     0     0     0     0     0     0     0     0     0     0     0     0    19   185  1276 17540  8142  7721 11255 12813  9034  9292 10508  8242 11634
ch   60:      0     0     0     0     0     0     0     0     0     0     0     0     0     0     0     0     0     0     1     8   101  1098  9266  8683 11964 10923 13959 13517 13065 11032 10135  8778
ch   61:      0     0     0     0     0     0     0     0     0     0     0     0     0     0     0     0     0     0     0    10   134  1205  9526 13397  9712  8492 10016  9954 12920  9592  9109 17240
ch   62:      0     0     0     0     0     0     0     0     0     0     0     0     0     0     0     0     0     0     0     8   106   733  6461  4513  9253  7555 13869 13414  8101 10960 11229 11617
ch   63:      0     0     0     0     0     0     0     0     0     0     0     0     0     0     0     0     0     0     0     6   155  1350 11954 13916  7432 11761 12046 13090  5715  7902  8031  5219
ch   64:      0     0     0     0     0     0     0     0     0     0     0     0     0     0     0     0     0     0     1    19   121  1110 12049  7426 14831 11720  7359 13210 13097 10049  9038 16207
ch   65:      0     0     0     0     0     0     0     0     0     0     0     0     0     0     0     0     0     1     3    16   136  1696 10746  5943  5908 10895 11300  8513  8282 10619  9830 15581
ch   66:      0     0     0     0     0     0     0     0     0     0     0     0     0     0     0     0     0     0     0     7   160  1123  7369 11562  8923  9446  6129  8680  5691  5866  9982 16282
ch   67:      0     0     0     0     0     0     0     0     0     0     0     0     0     0     0     0     0     0     3    29   259  2045 15064 12776  9103  8016 10108  8318 12706 16269  7546 16651
ch   68:      0     0     0     0     0     0     0     0     0     0     0     0     0     0     0     0     0     0     1    12   113   982  6686 17812 11783  9231  5572 12450  6812 10641  8132 14313
ch   69:      0     0     0     0     0     0     0     0     0     0     0     0     0     0     0     0     0     1     4    13   136  2281 16093  6229 10823  7252  3390  5281  8570  6368 11017  6798
ch   70:      0     0     0     0     0     0     0     0     0     0     0     0     0     0     0     0     0     0     3    15   124   990  9798  9196 10734 12069 11211 12555  7539 11024  8524 10103
ch   71:      0     0     0     0     0     0     0     0     0     0     0     0     0     0     0     0     0     0     2    19   214  2069 17038  6017 12513  9600  8113  7822 13950  7108 10772  9010
ch   72:      0     0     0     0     0     0     0     0     0     0     0     0     0     0     0     0     0     0     1     9   141  1006  5180 16734 11204  9580  9780  8073 10160  9033  7345 11041
ch   73:      0     0     0     0     0     0     0     0     0     0     0     0     0     0     0     0     0     0     0    16   201  1375  9147 16618 12561 12212  5471  5063 12073  7255 12658 13849
ch   74:      0     0     0     0     0     0     0     0     0     0     0     0     0     0     0     0     0     0     1    11    95  1139  8732  7618  9626  6827 15462 12061  9282 13460  7401 14932
ch   75:      0     0     0     0     0     0     0     0     0     0     0     0     0     0     0     0     0     0     0     6   143  1125 11828  5316 11153 13041 11570 11649  8795 12606  8809 14454
ch   76:      0     0     0     0     0     0     0     0     0     0     0     0     0     0     0     0     0     0     3    10   176  1248  9488 14759 10287 11923 16505 12034  7811  6917 13261 10420
ch   77:      0     0     0     0     0     0     0     0     0     0     0     0     0     0     0     0     0     0     1    21   241  1512 12117  6531  8636 10774  9026 11824  8579  7178 11921 16981
ch   78:      0     0     0     0     0     0     0     0     0     0     0     0     0     0     0     0     0     0     0     9    88  1192  9886  9436  8331  8861  6630 11088  7313 13080 15674  8520
ch   79:      0     0     0     0     0     0     0     0     0     0     0     0     0     0     0     0     0     0     2    26   239  1507 11526  8744 11932  8718  8991 10900  9196 11152 10874 13007
ch   80:      0     0     0     0     0     0     0     0     0     0     0     0     0     0     0     0     0     0     1     9   138  1137  8492  6274 10618 13258 10652 10429 16179  9503 13139 12942
ch   81:      0     0     0     0     0     0     0     0     0     0     0     0     0     0     0     0     0     0     3    13   118  1209 11346  7611  9333  9782 11524 13633  7918  8456  7828 15734
ch   82:      0     0     0     0     0     0     0     0     0     0     0     0     0     0     0     0     0     0     1    10   174  1006  8387  9321 15525 13364 11032  9399  7986  9818  4770 11286
ch   83:      0     0     0     0     0     0     0     0     0     0     0     0     0     0     0     0     0     0     2    17   168  1866 13498 13410  9531  3506 10319  8202  8854 10394 10037 15123
ch   84:      0     0     0     0     0     0     0     0     0     0     0     0     0     0     0     0     0     0     0    11   130  1009  9189 18252  9361  8794  6923 12238 10052  7147 13562 10444
ch   85:      0     0     0     0     0     0     0     0     0     0     0     0     0     0     0     0     0     1     2    16   174  1931 13535 14256  7890 13844 11215 14764  8758 11866  8982 11296
ch   86:      0     0     0     0     0     0     0     0     0     0     0     0     0     0     0     0     0     0     2    11    88   976  7825 14478  9914  6654 12770 13631 12847 10211 10873  7344
ch   87:      0     0     0     0     0     0     0     0     0     0     0     0     0     0     0     0     0     0     2    10   312  2073 13843 14233 11348 11212  8663  9237 11394 10587  9390  7877
ch   88:      0     0     0     0     0     0     0     0     0     0     0     0     0     0     0     0     0     0     2    16   129   884  8953  4225 10666 12353  7722  8855 15701  5340  9632 10435
ch   89:      0     0     0     0     0     0     0     0     0     0     0     0     0     0     0     0     0     1     1    26   229  2240 17303  9769 13260  8052 12591  8943  7216 14059 12293 18691
ch   90:      0     0     0     0     0     0     0     0     0     0     0     0     0     0     0     0     0     0     3    17   171  1713 13266  4597 13222 10579 12242 10834 11045 10691  9459  9774
ch   91:      0     0     0     0     0     0     0     0     0     0     0     0     0     0     0     0     0     0     0    14   330  2512 17857  6451  5784  9322  7968 10634  9944  9932 12149  3101
ch   92:      0     0     0     0     0     0     0     0     0     0     0     0     0     0     0     0     0     0     0    11   123  1316  9645 14505 14511  6355 12685 10626  7251  9730 11964 10271
ch   93:      0     0     0     0     0     0     0     0     0     0     0     0     0     0     0     0     0     0     0    10   108  1330 17664  2592  9081 11857 13814 11825 15766  6637 16005  2465
ch   94:      0     0     0     0     0     0     0     0     0     0     0     0     0     0     0     0     0     0     0    11   190  1162 12289  7828  9196  8393 13541  8093  9571 10166  7875 14793
ch   95:      0     0     0     0     0     0     0     0     0     0     0     0     0     0     0     0     0     0     0    14   268  1761 18813  5819 12116 10580 16188  9428  9285  7925 14025  4495
ch   96:      0     0     0     0     0     0     0     0     0     0     0     0     0     0     0     0     0     0     4    17   160  1176 13480  7732 13988 16756 12752 12681  4955 11110 12586 12273
ch   97:      0     0     0     0     0     0     0     0     0     0     0     0     0     0     0     0     0     0     2    25   140  1711 16198  9924 11119  9382  8172  5502 10753 13886 11488  5004
ch   98:      0     0     0     0     0     0     0     0     0     0     0     0     0     0     0     0     0     0     0    14   108  1634  7358 13180 10644  7845  8691 12440  9413  8288 11235  8206
ch   99:      0     0     0     0     0     0     0     0     0     0     0     0     0     0     0     0     0     1     1    40   309  2791 18312 11986  9087 11554  8144  5458 13856  6325 11914 18002
ch  100:      0     0     0     0     0     0     0     0     0     0     0     0     0     0     0     0     0     0     0    12   163  1367  8690 15055 10317 10011  9101  7053  8918  9973 10840 11313
ch  101:      0     0     0     0     0     0     0     0     0     0     0     0     0     0     0     0     0     0     2    18   188  1878 12123  8887 10930 15791 10055  6331  7818  9310 10641 15190
ch  102:      0     0     0     0     0     0     0     0     0     0     0     0     0     0     0     0     0     0     0    16   176  1710 11320  5100 10310  8254 10726 15348 10895 11282  8740  9621
ch  103:      0     0     0     0     0     0     0     0     0     0     0     0     0     0     0     0     0     0     0    17   168  2659 17671 14407 11568 10512  7581  7106 15691  5338 11610 14604
ch  104:      0     0     0     0     0     0     0     0     0     0     0     0     0     0     0     0     0     1     2    14   156  1496  9338 14567  9919  8941  8443 14659  5549 13088 12240 13589
ch  105:      0     0     0     0     0     0     0     0     0     0     0     0     0     0     0     0     0     1     3    33   285  2332 14766  5451 12197 11762  9340 13052  5286  8691  7177 14019
ch  106:      0     0     0     0     0     0     0     0     0     0     0     0     0     0     0     0     0     0     1    13   198  1487 12281  3172 11933 12423  8465  7287 18389  5661 14529  8240
ch  107:      0     0     0     0     0     0     0     0     0     0     0     0     0     0     0     0     0     1     3    21   172  2637   875 10277 13404 14032  9565 12727  7670 15994  9786 14899
ch  108:      0     0     0     0     0     0     0     0     0     0     0     0     0     0     0     0     0     0     0     7   124  1513  7561 15456 10659 10464 12237 11814 15024 11386  9462  6696
ch  109:      0     0     0     0     0     0     0     0     0     0     0     0     0     0     0     0     0     0     3    16   231  2946 15641 12977 11772  8322 11284 11398 11407  8290 14184 14767
ch  110:      0     0     0     0     0     0     0     0     0     0     0     0     0     0     0     0     0     0     1    12   135  1106  9625 13299  8935  7277 12211 13096  6269 11078 10963  9095
ch  111:      0     0     0     0     0     0     0     0     0     0     0     0     0     0     0     0     0     0     3    30   230  1772 16336 13722 12378  6471 13945 12524 10166  7181 14164 11323
ch  112:      0     0     0     0     0     0     0     0     0     0     0     0     0     0     0     0     0     0     2    12   212  1895 12006  6002  9917 15546  8387  7416  9759 15453 12297 10669
ch  113:      0     0     0     0     0     0     0     0     0     0     0     0     0     0     0     0     0     1     2    16   173  1556 19756 12901 11502  9876 11376 10422  5735 11855  7314 10622
ch  114:      0     0     0     0     0     0     0     0     0     0     0     0     0     0     0     0     0     0     3    20   107  1152  8348 13420  8799  9525 13907 15013 11133 13976 10151 10617
ch  115:      0     0     0     0     0     0     0     0     0     0     0     0     0     0     0     0     0     0     1    23   302  3149  1116  6944 13001 10795 10720  8562 14795  3446  6710 12734
ch  116:      0     0     0     0     0     0     0     0     0     0     0     0     0     0     0     0     0     0     0     5   134   847 10030 10019 14769 12519 13705 14736 10008  6355 15545  4832
ch  117:      0     0     0     0     0     0     0     0     0     0     0     0     0     0     0     0     0     0     1    11   225  2100 12195  8133 12428  6656  8813 13069 14665  7347  8344 10516
ch  118:      0     0     0     0     0     0     0     0     0     0     0     0     0     0     0     0     0     0     0    14   111  1207 13126 12250  8744 11810 11797 13448 12363 10484 11792  9431
ch  119:      0     0     0     0     0     0     0     0     0     0     0     0     0     0     0     0     0     0     4    32   308  3963  6902  6317 13805  8358 11607 10007  6275 10472  9993  7622
ch  120:      0     0     0     0     0     0     0     0     0     0     0     0     0     0     0     0     0     0     1    16   140  1136 12442 10515  8786 10152 12343 12448 14199  6672  9368  5653
ch  121:      0     0     0     0     0     0     0     0     0     0     0     0     0     0     0     0     0     0     0    32   164  1646 16068  9926 13289  9819  6881 10945 10576  9977 12654  8241
ch  122:      0     0     0     0     0     0     0     0     0     0     0     0     0     0     0     0     0     0     0    15   218  1545 10350 13638  5478 10731 12058  9531  5346 14398  9445  8436
ch  123:      0     0     0     0     0     0     0     0     0     0     0     0     0     0     0     0     0     0     2    24   322  3406  2852  5620 10522 13948 10832 11791  7202  7520  5774  5356
ch  124:      0     0     0     0     0     0     0     0     0     0     0     0     0     0     0     0     0     0     3    29   242  2053 19768  9604 11238  7707  9418 10623  9821 11555 14010 10977
ch  125:      0     0     0     0     0     0     0     0     0     0     0     0     0     0     0     0     0     0     3    24   200  2287 18875  6063  7151 10340 11193  9522 10674 12337 12999  5441
ch  126:      0     0     0     0     0     0     0     0     0     0     0     0     0     0     0     0     0     0     0    23   218  2270 17194  9198  6135  5901 10249  9173  8986  6073 11083 14541
ch  127:      0     0     0     0     0     0     0     0     0     0     0     0     0     0     0     0     0     0    11    72  1108 10350 14872  8932 14974 12557  9713 13201 12634  7518  9528 11038
