# ID XA-000-08-002-000-000-249-08
# Tag _trim_
# Date 240429_13:09:25
# Vref_p 58
# Vref_n 21
# Thr2_glb 45
# Vref_t 118
# Vref_t_range 1
# Pol 1
# ADC range 30-247
# FAST disc 30
ch:   0  107  120  120  123  124  124  117  121  120  120  116  118  118  120  114  117  109  105  110  103  122  115  113  119  119  112  117  118  118  118  122   30
ch:   1  106  110  107  113  109  123  107  109  100  106  103  106  110  106  109  115  104  119  108  109  117  102  117   95  115   99  108  103  116  113  107   39
ch:   2  116  123  113  119   98  118  117  120  107  107  108  109  118  117  114  103  114  118  105  102  108  109  101  111  116  109  107  115  118  119  110   43
ch:   3  124  109  104  115  114  115  109  109  102  116  102  109  117   99  108  117  106  108  106  107  110  108  117  106  121  119  106  115  117  114  120   33
ch:   4  107  102  122  110  104  109  119  117  113  109  117  116  115  105  113  122  115  118  119  109  100  105  115  109  107  110  116  116  120  116  122   48
ch:   5  110  119  110  118  107  109  117  115  123  104  106  108  110  107  108  107  109  110  113  107  108  106  107  115  111  109  118  107  106  120  109   46
ch:   6  109  119  118  107  102  119  110  106  123  108  117  118  108  117  101  117  101  115  105  117  107  101  105  108  120  111  110  103  103  109  121   43
ch:   7  110  115  118  121  125  110  106  109  115  115  108  104  110  109  116  115  115  108  110  115  109  110  105  103  116  114  117  102   -1  115  113   25
ch:   8  107  118  117  115  106  123  116  107  108  116  117  105  115  115   93  118  115  107  117  124  108  107  115  118  107  115  107  115  122  115  110   40
ch:   9  107  111  115  117  105  106  122  121  107  117  101   99  114  104  104  106  118  106  116  103  108  116  115  103  100  114  103  116  115  105  133   49
ch:  10  116  111  116  121  116  106  108  122  118  101  109  116  117  108  106  114  120  107  117  106  115  110  114  118  102  124  104  103  117  118  116   40
ch:  11  115  120  118  116  117  100  114  110  116  105  121  115  105  107  115  110  125  113  107  102  106  107  108  119  106  115  113  106  117  110  117   41
ch:  12  115  118  117  114  119  118  101  121  104  108  119  116  115  120  114  109  101  106  107  101  116  106  107  114  117  120  121  123  117  123  117   56
ch:  13   93  117  106  106   94  117  108  123  104  115  115  100  102  105  107  107  114  102  115  103  102   99  110  108  103  103  106  100  116  111  117   40
ch:  14  119  118  117  125  109  116  114  105  109  115  115  107  118  121  101  109  109  100  121  114  107  115  120  115  107  115  110  109  118  110  106   44
ch:  15  117  108  118  111  109  109  102  116  117  122  115  107  108  114  109  116  115  120  111  106  119  108  106  122  111  115  104  116  121  117  113   53
ch:  16  125  118  110  120  117  114  119  121  121  118  112  107  117  118  110  106  110  109  110  115  115  115  117  116  113  120  115  107  108  108  117   39
ch:  17  115  105  101  104  106  115  105  118  105  119  102  103  105  108  103  116  104  104  103  118  114  107  118  119  102  113  110  120  116  119  109   45
ch:  18  116  104  113  120  123  120  109  118  106  116  103  114  113  103  105  111  105  114  115  113  104  108  110  116  118  106  118  107  125  106  114   41
ch:  19  118  123  126  108  111  108  122  118  106  105  110  106  104  116  104  108  105  107  109  103  108  109  114  113  116  123  116  115  126  120  113   42
ch:  20  110  124  119  120  113  121  107  105  114  108  107  111  115  109  108  113  104  102  100  120  107  103  103  108  124  107  121  132  112  116  126   44
ch:  21  118  105  108  121  118  118  106  120  113  105  106  107  106  102  103  106  107  110  108  108  106  107  116  123   -1  100  118  116  116  117  124   32
ch:  22  107  121  111  120  120  109  124  116  120  113  111  119  121  115  106  116  114  104  114  115  122  117  108  123  116  109  116  117  125  126  130   42
ch:  23  111  109  109  120  108  119  114  117  114  117  103  104  107  114  111  117  110  114  118  108  108  117  110  121  108  103  113  117  119  110  121   39
ch:  24  110  127  115  123  103  110  104  109  115  108  113  116  116  118  110  116  104  110  118  118  105  110  122  122  120  123  108  111  116  119  124   37
ch:  25  119  108  122  117  110  124  113  106  116  109  108  112  108  104  114  105  100  108  106  118  109  107  114  108  119  116  119  116  119  114  121   29
ch:  26   99  119  106  108  121  124  124  108  105  105  118  108  119  117  116  108   95  119  111  116  119  102  114  104  116  122  121  118  122  117  119   39
ch:  27  107  107  107  120  116  107  110  118  115  117  117  121  114  108  115  121  113  115  103  107  112  107  117  107  116  106  118  120  121  119  119   40
ch:  28  121  131  101  119  125  119  118  113  115  102  108  125  123  117  106   99  116  113  122  116  106  118  110  107  120  107  107  105  116  122  120   33
ch:  29  116  107  119  117  120  124  118  113  113  123  111  108  106  106  107  107  123  122  108  102  110  107  118  106  114  122  108  115  118  119  119   44
ch:  30  116  123  119  120  117  117  105  108  115  118  120  110  106  118  116  113  121  121  117  108  123  111  105  118  114  123  116  125  119  117  124   34
ch:  31  118  116  115   -1  115  110  123  114  117  115  106  115  105  109  109  108  109  109   98  119  104  113  114  117  117  121  117  130  125  123  124   31
ch:  32  118  120  116  111  121  120  119  109  117  109  115  117  114  117  120  116  117  114  105  119  121  115  123  130  114  108  126  116  120  122  117   42
ch:  33  121  110  105  120  115  116  118  110  117  105  106  121  115  118  105  103  116  108  110  119  101  105  108  122  113  108  105  117  116  117  117   36
ch:  34  104  108  116  109  104  115  115  111  120  117  118  110  110  106  107  101  102  118  113  106  106  107  118  116  120  110  118  120  108  124  115   47
ch:  35  107  110  117  116  121  116  110  108  109  105  103  108  106  117  101  118  133  101  111  109  115  121  115  119  117  118  114  113  122  117  117   41
ch:  36  133  119  124  120  118  118  106  111  110  115  118  117  115  118  119  117  115  113  114  118  119  108  120  114  118  109  121  126  110  112  117   45
ch:  37  114  121  116  108  103  116  111  122  102  110  101  113  114  106  117  107  104  124  110  106  116  117  118  110  117  114  107  119  124  121  118   34
ch:  38  115  118  118  121  115  122  103  122  108  108  111  104  107  115  119  118  121  121  116  108  118  122  116  123  113  117  109  108  132  120  134   45
ch:  39  120  117  118  121  121  106  105  107  119  115  119  113  119  116  107  108  103  119  117  103  112  106  115  105  110  106  118  120  110  123  118   32
ch:  40  108  123  114  111  106  109  116  118  120  106  114  111  114  116  109  115  115  105  108  108  122  117  124  116  107  116  117  116  111  121  118   39
ch:  41  109  121  114  125  120  109  116  120  119  118  120  105  121  116  107  117  106  114  118  108  114  115  110  116  119  108  123  120  119  119  126   25
ch:  42  109  114  113  117  106  109  104  123  120  121  120  107  106  104  114  117  118  116  117  119  117  126  116  109  116  120  120  119  120  132  118   42
ch:  43  117  117  118  109  109  118  121  120  122  116  118  108  120  113  118  110  119  122  108  106  110  110  108  109  118  125  131  121  116  121  118   37
ch:  44  118  114  107  107  106  120  114  111  117  119  122  118  109  110  117  122  108  121  106  118  123  122  112  117  124  117  129  120  117  120  122   41
ch:  45  113  116  132  115  106  111  133  118  106  116  105  118  111  108  111  100  107  123  119  115  115  122  122  100  108  120  115  119  121  120  120   27
ch:  46  119  118  119  121  107  122  115  105  116  117  117  107  120  120  115  118  106  118  119  109  107  116  116  122  119  118  121  117  114  123  119   40
ch:  47  120  103  118  121  123  117  102  119  105  127  106  116  118  115  108  122  116  111  107  102  118  117  113  115  121  111  123  123  122  133  135   37
ch:  48  118  114  113  121  107  103  107  123  116  117  106  111  118  120  114  109  126  113  118  120  117  117  119  124  127  116  129  103  114  121  120   31
ch:  49  115  131  103  105  117  111  121  120  109  110  109  120  113  115  109  124  124  120  107  107  119  107  119  119  118  120  115  109  117  128  105   36
ch:  50  107  115  130  116  116  116  119  109  123  108  103  119  105  116  108  121  119  117  112  123  102  116  110  116  107  111  113  119  124  123  121   32
ch:  51  116  117  119  116  117  114  104  119  122  113  108  115  117  105  118  118  111  110  101  107  119  126  117  106  105  123  117  125  124  120  135   41
ch:  52  113  118  119  116  123  117  115  110  118  117  120  114  112  115  116  119  117  115  118  106  107  114  114  117  111  115  124  122  116  117  123   46
ch:  53  116  106  119  113  123  116  122  116  115  115  114  110  118  123  109  120  106  115  107  110  115  117  106  110  124  115  118  118  119  120  124   31
ch:  54  115  107  118  115  110  117  123  117  108  109  105  120  120  121  115  120  116  122  110  109  109  115  110  111  110  102  117  119  114  120  119   33
ch:  55  120  121  111  111  119  124  109  118  116  118  114  110  118  108  120  101  102  117  106  115   -1  111  122  118  119  118  121  107  121  122  126   33
ch:  56  104  114  120  117  116  121  121  117  115  118  120  108  111  103  117  106  108  116  103  110  116  114  108  119  108  120  115  120  115  122  133   40
ch:  57  118  115  115  115  113  106  110  118  119  116  115  107  109  108   93  119  117  116  106  117  119  121  124  120  120  119  117  121  110  120  124   36
ch:  58  106  118  110  111  120  117  111  123  118  116  121  104  107  105  115  109  124  102  117  102  123  121  103  111  114  110  109  114  121  119  116   37
ch:  59  118  110  115  120  104  114  116  101  109  106  116  109  106  116  123   94  117  113  107  114  119  123  122  118  124  115  103  122  116  132  126   41
ch:  60  120  104  106  117  117  123  118  121  115  117  105  119  108  124  115  110  113  115  120  103  122  118  117  116  120  125  105  109  120  109  132   25
ch:  61  115  116  123  116  116  110  110  119  105  101  100  109  108  119  109  118  117  118  105  111  106  104  118  118  116  118  119  124  102  116  115   46
ch:  62  121  121  117  122  119  121  118  109  104  123  108  122  110  115  119  107  118  114  113  117  109  120  123  117  118  106  117  124  114  132  118   32
ch:  63  118  111  121  107  114  119  115  116  115  116  119  109  109  118  122  118  103  122  108  115  121  110  116  124  116  115  122  119  120  121  126   39
ch:  64  123  124  110  124  103  111  122  121  115  113  119  115  120  107  122  107  117  118  117  108  109  123  119  105  119  130  114  111  118  118  121   37
ch:  65  135  115  123  103  118  108  116  107  116  108  119  111  117  119  110  110  111  100  105  116  103  119  102  108  104  102  116  117  132  134  111   36
ch:  66  116  114  117  115  115  124  117  121  115  117  115  115  116  119  109  105  118  116  123  110  107  127  106  110  120  115  114  125  122  120  114   36
ch:  67  115  107  115  115  118  104  117  122  117  115  123  118  115  120  113  109  114  118  121  115  121  117  123  113  122  117  121  111  122  116  121   24
ch:  68  121  116  117  115  124  123  119  118  115  122  119  109  117  109  116  119  118  109  120  107  114  108  109  116  124  125  114  123  117  117  118   36
ch:  69   94  116  116  117  117  117  122  117  119  107  117  110  111  107  105  115  107  115  109  120  122  107  121  111  119  115  117  118  136  124  113   33
ch:  70  117  117  108  118  121  118  105  110  114  120  108  120  115  118  109  121  107  105  120  106  110  115  110  119  105  120  119  110  109  120  115   40
ch:  71  103  116  100  124  126  118  116  120  113  120  109  120  115  125   98  117  118  131  109  114  116  106  117  107  110  113  115  124  125  123  112   40
ch:  72  119  122  114  107  115  117  108  119  118  111  113  115  120  119  113  111  119  117  116  123  121  108  116  116  121  116  114  119  122  116  122   43
ch:  73  118  124  121  119  118  123  114  116  115  109  108  115  117  107  114  120  108  117  120  119  116  121  108  121  120  111  126  116  116  117  124   38
ch:  74  116  111  114  108  122  117  116  121  108  117  110  104  114  118  121  109  108  109  120  109  116  117  115  121  119  117  124  124  117  122  122   37
ch:  75  116  107  115  105  105  109  117  118  116  108  118  106  119  106  118  108  116  116  120  123  107  121  122  106  114  118  121  125  117  120  118   28
ch:  76  124  108  108  107  118  119  121  115  102  114  123  119  108  105  104  117  116  101  118  106  118  115  109  115  119  123  125  126  122  118  117   40
ch:  77  106  119  111  117  127  118  121  117  121  106  105  121  117  108  107  116  107  117  109  117  117  114  115  105  115  119  122  117  121  117  125   32
ch:  78  118  120  117  118  122  117  119  119  112  110  110  120  122  109  108  110  105  120  118  119  119  103  120  119  119  114  125  122  121  121  119   34
ch:  79  118  117  108  119  117  118   90  106  115  109  103  114  115  126  121  108  106  105  110  107  109  116  108  116  127  126  126  111  123  122  125   46
ch:  80  108  120  110  118  115  117  122  117  110  119  106  121  122  111  106  115  110  112  110  118  118  108  115  123  117  115  113  132  105  121  119   36
ch:  81  117  107  116  113  115  116  110  114  110  103  108  112  118  112  111  107  110  116  115  121  101  109  118  111  111  119  123  123  105  120  115   30
ch:  82  106  121  119  107  108  110  116  120  118  117  107  121  116  101  123  118  116  101  118  120  109  122  123  103  119  122  116  126  118  134  126   41
ch:  83  116  114  118  106  114  118  119  123  118  116  109  109  118  117  123  118  109  108  110  109  131  113  115  116  101  118  124  119  126  118  116   46
ch:  84  125  106  117  104  110  123  114  113  117  105  108  117  121  117  122  116  115  109  115  108  115  116  118  116  107  112  114  116  109  120  118   36
ch:  85  115  106  119  117  114  116  109  113  112  121  120  115  110  120  106  114  127  117  113  107  106  118  114  106  109  120  122  115  114  116  135   43
ch:  86  110  117  119  113  113  119  122  103  110  120  127  115  127  119  103  114  123  109  103  116  123  110  107  119  103  109  119  105  119  129  123   37
ch:  87  119  110  117  123  114  118  109  123  120  123  119  106  118  115  108  109  121  120  107  116  115  110  116  119  118  118  107  118  125  127  123   42
ch:  88  111  117  121  106  123  108  113  110  108  116  117  108  114  105  110  107  122  121  120  117  116  115  120  118  122  122  125  116  122  116  118   38
ch:  89  119  116  119  107  118  121  108  115  117  119  116  119  104  115  107  121  115  120  115  117  116  116  132  119  118  120  113  115  120  117  127   31
ch:  90  109  109  119  110  118  117  121  117  118  119  103  110  110  117  108  120  106  125  113  122  118  124  119  121  105  109  106  110  116  119  124   41
ch:  91  119  114  117  124  109  115  120  106  119  122  105  110  119  108  117  108  110  116  117  115  119  108  107  113  116  115  125  122  112  122  119   37
ch:  92  107  105  109  115  127  132  119  111  116  119  110  117  118  116  104  119  105  118  113  115  104  121  109  111  105  124  110  123  124  116  121   38
ch:  93  117  118  123  122  108  116  115  120  101  118  120  119  107  121  106  116  111  122  111  117  117  121  106  109  113  119  118  132  126  123  122   38
ch:  94  119  118  119  119  124  118  121  106  117  121  116  105  119  114  105  108  106  119  115  118  110  124  110  119  113  117  133  110  116  124  125   45
ch:  95  113  116  125  116  103  117  108  110  109  123  110  110  119  109  120  122  104  104  123  119  115  104  119  118  113  121  135  135  109  121  125   56
ch:  96  130  119  117  111  122  118  118  118  122  123  108  117  114  115  119  120  119  122  110  119  107  120  112  110  104  114  119  110  133  118  122   39
ch:  97  116  116  118  123  121  123  121  118  125  116  115  107  114  106  109  108  108  115  117  107  109  108  106  117  121  117  108  117  109  124  119   51
ch:  98  107  115  130  119  110  124  117  110  115  115  121  117  110  117  116  109  105  107  121  113  115  121  115  111  119  100  115  114  121  117  136   53
ch:  99  111  125  117  111  122  107  119  120  110  107  122  119  102  117  117  116  116  115  115  106  107  120  116  120  103  105  110  110  118  118  122   31
ch: 100  110  110  118  111  121  101  111  127  108  120  117  110  110  111  108  116  107  129  117  107  118  110  104  120  121  110  121  113  116  119  132   38
ch: 101  118  120  103  116  119  121  114  123  108  109  109  107  120  116  108  117  108  108  118  114  116  108  107  118  106  115  122  117  122  121  120   49
ch: 102  108  118  121  118  103  123  104  116  102  105  108  110  115  105  119  116  113  123  113  116  119  105  114  108  116  108  111  118  120  119  119   56
ch: 103  119  115  120  122  107  108  116  117  113  119  108  116  107  120  111  118  117  107  103  108  106  107  105  123  106  120  125  110  120  119  107   41
ch: 104  118  116  120  118  110  116  107  108  117  110  120  120  113  120  111  117  116  120  107  117  104  105  121  107  120  108  119  119  120  114  115   31
ch: 105  115  121  114  110  106  106  109  109  118  116  108  107  119  117  116  114  121  118   98  108  116  117  109  118  108  108  116  116  115  115  120   35
ch: 106  121  122  121  116  118  114  119  109  106  111  110  105  104  108  116  104  107  110  108  119  116  106  120  119  121  118  109  106  118  108  123   39
ch: 107  119  119  119  117  116  120  117  109  102  102  120  107  109  118  118  108  116  107  100  104  113  115  115  105  104  110  115  115  118  134  136   43
ch: 108  106  121  114  121  125  116  107  114  110  120  107  102  105  106  116  102  120  121  113  117  110  115  104  119  109  126  118  105  108  123  114   36
ch: 109  106  112  117  104  106  124  125  109  105  117  108  104  120  110  106  110  110  118  103  113  110  117  104  120  108  117  117  106  125  116  124   43
ch: 110  110  109  105  133  126  117  107  117  124  107  103  116  104  123  109  118  116  107  105  114  118  120  108  119  118  122  118  120  117  118  126   46
ch: 111  108  105  120  116  121  108  120  120  119  107  114  117   -1  126  104  108  116  124  106  116  104  117  109  116  108  116  117  119  134  104  123   49
ch: 112  107   -1  105  113  122  110  105  104  116  106  109  109  108  114  124  110  104  107  104  104  114  114  118  121  108  121  118  106  109  117  118   48
ch: 113  104  116  107  108  121  122  107  105  103  117  117  103  118  119  108  107  103  108  114  115   92  115  110  116  106  107  109  119  120  118  123   39
ch: 114  107  116  116  106  108  105  116  109  116  116  107  109  115  118  113  117  118  105  107  120  107  104  103  108  104  114  117  110  116  116  116   39
ch: 115  118  122  109  120  108  118  105  116  119  113  118  110  116  108  105  109  108  121  121  114  107  115  115  117  117  110  116  107  110  131  120   35
ch: 116  103  120  105  118  121  116  116  108  118  106  121  104  107  107  116  114  110  131  118  107  101  114  118  124  114  122  125  117  123  116  120   47
ch: 117  117  118  117  122  107  122  108  116  123  100  116  117  109  105  126  116  116  104  104  116  114  121  116  107  106  119  108  118  118  122  109   43
ch: 118  108  116  119  122  105  117  108  122  107  116  109  115  118  115  106  108  118  113  106  108  116  117  105  121  115  108  110  114  122  109  120   44
ch: 119  114  110  116  108  109  117  119  110  108  102  108  116   99  107  119  119  115  115  115  125  103  113  115  115  114  116  104  122  119  118  118   32
ch: 120  108  114  114  115  117  108  114  100  117  110  103  116  124  107   99  115  115  116  106  115  104  117  105  107  103  115  118  115  123  111  121   35
ch: 121  120  106  111  109  117  108  109  131  123  122  103  116  118  120  106  110  106  107  117  117  107  108  108   90  107  116  114  117  116  121  119   35
ch: 122  121  115  120  115  122  117  130  110  101  110  109  116  117  118  106  108  110  116  108  116  111  125  100  104  107  110  116  123  116  108  135   39
ch: 123  123  115  116  104  125  120  110  116  115  118  115  116  107  121  121  107  115  115  116  118  124  108  110  122  111  111  121  118  116  117  109   35
ch: 124  110  117  117  118  119  119  119  117  120  119  110  119  108  117  105  117  118  114  117   98  116  123  116  116  109  114  126  138  117  125  123   52
ch: 125  110  124  119  122  107  117  106  116  120  115  121  118  125  118  109  114  117  118  123  120  108  114  120  110  121  119  113  107  132  120  121   43
ch: 126  124  119  113  120  116  115  123  119  113  115  107  121  108  120  108  108  111  112  106  124  123  108  118  117  116  124  119  116  122  119  123   39
ch: 127  115  122  121  117  119  106  111  122  122  115  133  116  129  110  120  116  109  108  117  106  110  106  114  116  110  115  106  120  115  118  139   39
