# ID XA-000-08-002-000-007-146-11
# Tag _trim_
# Date 240617_17:46:27
# Vref_p 55
# Vref_n 20
# Thr2_glb 42
# Vref_t 118
# Vref_t_range 1
# Pol 0
# ADC range 30-247
# FAST disc 30
ch:   0  139  122  133  133  134  148  131  124  124  114  132  121  134  132  127  119  134  125  121  133  124  134  131  134  127  122  132  133  132  139  132   37
ch:   1  142  137  133  133  138  131  142  140  131  140  125  141  146  138  134  140  142  147  139  137  150  146  146  149  141  149  147  149  155   -1  142   56
ch:   2  138  133  125  135  137  126  120  133  142  135  138  121  125  120  133  135  116  136  120  115  118  133  131  122  127  132  131  131  123  121  141   46
ch:   3  139  139  138  134  142  142  141  142  133  130  133  148  140  127  136  143  132  139  137  139  147  139  139  152  152  153  151  148  155  151  148   56
ch:   4  127  131  142  138  125  127  126  141  134  124  132  126  138  138  127  131  138  133  134  141  131  124  120  133  135  146  125  134  147  138  136   52
ch:   5  149  131  133  143  130  137  130  137  136  135  134  138  139  145  143  138  135  141  137  137  149  134  138  140  139  149  151  139  161  153  138   56
ch:   6  137  120  135  125  130  131  137  123  138  138  140  136  138  139  122  123  141  132  132  131  127  125  127  134  126  132  126  131  139  127  122   56
ch:   7  151  133  134  131  139  133  140  132  136  151  131  132  135  137  136  118  138  123  147  132  122  140  131  139  136  133  140  142  134  135  152   56
ch:   8  133  120  125  124  131  136  140  142  131  120  122  126  133  122  121  132  124  125  132  127  133  124  134  119  125  131  131  131  150  142  135   56
ch:   9  127  133  147  137  143  136  134  137  127  135  141  149  153  133  134  147  138  133  138  150  136  139  141  150  140  138  149  141  137  141  141   56
ch:  10  126  137  123  134  131  132  116  132  126  126  137  135  131  131  132  131  135  121  134  131  126  125  134  122  121  138  136  142  134  136  125   48
ch:  11  137  137  138  135  139  142  137  140  130  138  151  133  148  149  138  140  135  141  154  144  142  134  151  133  133  141  146  140  149  138  140   56
ch:  12  130  137  123  134  137  133  117  120  120  135  132  139  131  125  134  122  124  124  133  122  131  120  132  122  122  133  134  133  124  139  131   56
ch:  13  139  120  142  138  131  135  133  136  140  146  137  136  150  151  136  148  140  149  140  139  133  135  148  140  155  165  141  151  141  150  153   56
ch:  14  134  131  134  136  117  135  125  132  133  133  137  135  132  127  125  137  129  124  135  124  129  126  135  133  126  138  135  131  132  134  140   56
ch:  15  135  134  135  136  133  146  141  146  135  130  142  142  139  147  135  133  142  138  142  148  139  150  135  148  143  133  142  147  151  139  147   56
ch:  16  146  137  145  131  135  125  134  133  140  130  120  138  120  130  132  124  138  122  124  120  124  143  131  126  121  134  133  131  125  133  133   49
ch:  17  134  135  132  135  134  139  140  138  138  137  133  125  140  139  126  139  133  140  136  139  140  138  148  155  152  142  147  150  156  137  152   56
ch:  18  138  136  134  135  136  134  133  134  126  134  133  135  133  135  135  132  122  134  124  134  127  132  134  134  133  147  133  134  132  131  140   56
ch:  19  141  142  141  137  146  134  140  150  122  137  147  147  134  149  135  122  149  141  153  150  146  147  137  150  141  142  140  137  142  151  147   56
ch:  20  133  139  134  135  138  135  138  126  133  138  138  139  133  131  120  132  134  130  134  122  134  137  134  125  126  131  136  136  140  131  136   56
ch:  21  138  138  136  140  143  139  138  139  147  132  143  136  133  134  127  150  139  143  139  139  148  150  153  138  146  142  147  145  152  155  158   56
ch:  22  119  147  138  137  126  134  146  124  131  139  134  137  126  133  132  136  141  136  125  124  135  123  127  138  121  125  126  131  131  132  137   42
ch:  23  140  127  134  137  132  138  126  134  137  132  139  136  136  127  152  136  141  152  135  139  152  141  151  127  136  148  138  161  150  159  162   56
ch:  24  135  127  120  135  132  132  134  137  124  134  137  127  119  140  134  131  137  125  135  133  134  125  137  124  122  121  131  133  137  138  151   55
ch:  25  140  123  136  138  135  140  131  136  126  142  134  131  142  136  143  140  151  147  141  138  137  155  146  139  138  152  152  150  142  151  153   56
ch:  26  143  132  133  132  135  142  132  137  124  140  129  134  126  134  133  132  126  132  130  123  125  123  146  124  130  143  136  136  132  132  133   41
ch:  27  133  125  132  136  132  135  139  142  137  141  145  137  140  147  140  132  142  150  142  132  148  142  137  148  146  149  142  149  152  149  148   56
ch:  28  137  135  143  138  135  139  132  138  132  124  136  124  130  136  133  136  130  133  131  137  130  136  133  140  133  139  125  137  133  138  137   55
ch:  29  147  136  144  133  137  137  140  135  136  133  141  147  138  142  131  142  147  139  134  141  139  149  152  149  139  149  147  148  152  163  153   56
ch:  30  137  134  135  140  133  150  130  123  142  131  126  126  124  136  119  125  133  134  120  119  134  135  123  132  132  137  139  134  137  133  132   52
ch:  31  135  134  142  124  149  145  138  148  141  133  137  152  146  142  147  138  141  149  150  135  141  151  140  139  138  149  137  165  154  139  156   56
ch:  32  130  133  132  147  136  136  135  138  138  134  136  122  131  125  126  136  136  139  127  126  133  124  125  133  136  124  124  135  134  133  135   55
ch:  33  134  141  134  146  139  136  155  135  139  148  134  133  134  151  142  144  142  140  141  144  133  148  156  138  150  142  153  143  148  160  153   56
ch:  34  141  140  147  137  131  127  133  132  138  136  123  140  132  141  123  133  116  124  132  131  124  132  136  133  133  132  131  127  131  124  140   54
ch:  35  138  122  149  142  134  140  141  141  135  137  131  150  138  149  150  137  141  137  142  149  148  155  142  148  146  157  156  148  151  151  142   56
ch:  36  147  122  142  131  141  134  134  139  136  134  137  135  134  131  129  131  138  132  131  132  148  132  130  148  136  136  134  139  138  140  135   46
ch:  37  138  133  151  142  127  138  154  152  139  143  152  139  142  142  148  149  140  150  150  146  148  147  142  150  149  137  150  139  155  150  147   52
ch:  38  131  142  138  133  141  127  131  140  132  138  132  131  135  145  135  130  133  126  138  130  141  135  125  123  139  140  137  135  139  146  140   53
ch:  39  132  137  141  137  127  138  143  139  125  134  138  132  141  147  146  135  139  149  151  147  147  136  162  140  156  152  147  143  139  154  150   56
ch:  40  141  149  132  131  135  142  136  135  135  137  136  136  139  125  127  146  137  134  138  141  136  135  140  138  148  130  136  137  137  136  142   56
ch:  41  138  135  144  149  137  137  135  141  148  137  153  139  140  140  138  135  137  138  142  148  148  140  147  139  148  152  147  143  149  150  141   56
ch:  42  140  125  122  124  135  131  135  124  141  134  138  134  133  142  136  122  141  140  132  138  136  120  131  142  124  141  137  142  146  141  148   56
ch:  43  142  138  135  125  134  141  135  119  138  133  135  141  146  148  142  147  137  140  125  136  140  134  142  139  151  138  149  137  150  149  150   56
ch:  44  150  141  136  131  151  131  137  132  150  138  137  140  132  135  133  132  133  135  135  141  136  139  136  133  125  134  135  140  138  138  136   50
ch:  45  136  148  148  133  137  140  131  141  138  141  142  138  150  134  147  152  134  139  142  142  139  142  147  137  142  138  137  140  138  155  137   56
ch:  46  133  124  131  132  136  137  137  137  125  137  126  138  135  131  120  126  136  137  137  132  137  139  122  134  136  134  137  137  140  137  122   56
ch:  47  136  140  147  148  134  154  136  138  135  148  142  136  148  138  141  141  149  153  153  137  149  150  138  147  151  151  142  154  155  148  152   56
ch:  48  123  142  126  148  130  140  139  134  136  136  135  136  136  131  136  149  127  134  125  136  135  133  120  134  139  125  131  137  138  142  147   56
ch:  49  140  148  139  140  129  146  135  155  139  141  150  140  150  137  140  152  134  136  153  150  152  138  147  151  148  132  154  135  147  153  141   56
ch:  50  136  143  135  141  133  132  145  138  134  135  133  132  136  132  133  137  119  124  124  135  131  133  131  116  132  134  131  138  137  138  153   44
ch:  51  147  139  139  134  148  134  137  143  140  142  136  132  134  146  138  134  150  143  148  147  143  138  127  141  149  148  141  147  154  151  151   55
ch:  52  132  137  133  133  140  125  137  124  134  136  135  134  135  138  130  131  140  136  130  135  138  125  138  134  133  135  134  138  136  151  136   56
ch:  53  142  138  133  142  138  133  138  148  136  137  150  143  140  146  138  159  142  146  149  152  151  145  154  141  142  150  155  152  161  161  155   56
ch:  54   -1  134  147  132  141  135  140  130  139  148  143  139  138  135  133  140  133  131  137  148  142  135  137  133  135  142  135  137  139  137  154   50
ch:  55  143  141  139  125  139  123  138  137  137  141  135  126  140  139  141  149  148  139  149  142  148  152  137  156  136  151  142  151  165  155  150   56
ch:  56  140  137  134  133  137  122  139  141  130  136  142  136  137  141  132  125  141  137  132  140  138  131  137  142  135  139  137  132  132  138  152   49
ch:  57  137  136  138  137  138  136  138  141  147  140  137  125  142  122  148  138  135  153  139  148  137  150  142  140  151  140  135  139  137  140  141   56
ch:  58  136  130  131  149  117  126  137  141  132  130  135  124  132  120  140  121  132  140  134  121  135  138  132  125  133  132  126  138  133  142  150   42
ch:  59  135  138  146  136  141  139  133  136  140  141  150  142  152  156  140  138  151  136  147  151  150  139  142  151  150  150  164  155  167  152  157   56
ch:  60  126  142  136  137  136  148  133  140  133  138  131  139  148  142  135  136  127  133  142  139  144  135  124  137  134  138  136  136  142  146  148   43
ch:  61  137  134  134  139  140  138  141  136  135  140  126  137  143  141  142  136  143  142  147  148  150  140  155  146  142  135  146  157  143  148  140   54
ch:  62  134  136  127  137  136  132  137  132  141  137  120  136  131  138  125  131  133  134  133  135  121  120  131  133  125  120  138  138  135  133  135   49
ch:  63  133  134  150  134  138  126  139  125  150  143  146  139  138  137  140  138  136  140  149  139  149  139  141  135  139  145  140  142  157  138  154   49
ch:  64  130  126  150  135  140  132  127  141  140  139  137  121  129  122  132  132  130  120  131  127  130  139  135  125  132  137  136  141  136  140  126   38
ch:  65  135  142  140  136  139  137  141  139  137  134  135  146  132  154  151  141  142  141  141  139  137  142  140  147  133  151  137  156  150  151  149   56
ch:  66  122  134  139  134  126  124  132  121  134  138  134  133  133  132  138  123  133  136  126  139  122  133  126  133  126  126  122  136  133  135  142   56
ch:  67  140  136  136  134  134  140  147  148  142  140  135  125  137  132  140  146  138  141  150  151  150  152  131  146  153  136  149  137  142  147  149   49
ch:  68  146  140  147  129  148  136  134  141  148  132  136  137  146  145  124  140  120  148  139  127  122  135  127  134  131  134  132  146  138  136  137   56
ch:  69  134  138  135  134  137  127  137  136  149  140  146  146  149  136  152  135  138  152  148  134  147  145  138  149  126  141  158  153  152  149  150   56
ch:  70  132  138  134  135  132  134  133  124  137  126  133  137  143  138  125  138  138  137  135  133  141  125  139  135  141  149  127  123  133  138  135   52
ch:  71  141  132  137  137  140  136  138  141  142   -1  139  136  134  136  132  137  138  150  153  135  132  147  142  144  141  151  139  137  151  141  148   56
ch:  72  132  147  140  133  132  133  133  138  136  136  133  138  131  123  125  124  139  123  136  131  131  133  135  120  136  134  124  136  133  139  138   50
ch:  73  138  134  131  132  138  141  134  142  145  137  151  139  134  139  153  144  148  138  142  132  140  146  151  151  147  151  150  150  148  164  162   56
ch:  74  142  138  124  140  139  138  138  136  126  135  142  135  133  142  121  121  125  132  135  134  133  138  134  137  137  138  141  133  140  138  140   56
ch:  75  139  138  141  133  139  134  138  141  139  140  141  133  136  139  141  154  135  141  140  139  137  151  148  146  140  147  154  155  147  141  150   56
ch:  76  140  135  135  135  141  148  141  135  140  134  147  139  135  132  135  132  135  125  121  125  124  124  135  133  126  131  139  132  140  132  147   51
ch:  77  132  125  142  138  141  140  148  138  139  138  147  138  135  151  152  142  138  135  142  141  149  142  134  151  142  147  149  141  152  142  148   56
ch:  78  133  132  126  127  136  141  134  131  132  136  135  130  130  133  135  134  125  135  124  132  123  127  130  121  124  120  125  134  134  133  142   56
ch:  79  148  141  141  140  148  141  146  136  152  134  147  140  142  149  143  153  138  152  140  143  140  145  146  154  141  151  138  148  149  148  150   56
ch:  80  140  123  126  135  134  134  134  127  136  134  140  143  126  135  134  137  126  134  122  137  139  133  137  139  146  148  136  133  131  133  141   52
ch:  81  139  137  139  138  135  146  139  135  137  139  131  142  138  134  134  134  142  140  135  151  142  134  141  147  139  134  147  147  138  155  152   56
ch:  82  140  137  135  133  137  132  126  123  130  137  130  135  135  137  141  136  133  133  121  138  133  125  123  132  124  127  131  131  123  127  137   56
ch:  83  127  138  142  147  142  150  122  136  127  137  147  141  140  140  136  138  151  138  151  148  156  140  149  152  147  137  143  151  149  151  153   56
ch:  84  131  138  145  136  141  134  145  131  136  148  139  136  132  131  126  131  131  122  119  124  123  137  135  123  125  139  135  135  136  130  126   56
ch:  85  124  147  138  140  139  148  132  126  135  147  135  139  139  139  125  140  141  139  140  141  140  138  139  141  151  152  136  145  141  149  145   56
ch:  86  132  137  124  138  141  134  125  125  133  132  131  124  130  135  134  137  130  126  125  132  132  133  133  122  133  138  133  131  134  126  134   54
ch:  87  139  139  143  131  142  135  135  140  135  134  141  141  137  147  138  135  147  152  137  140  149  142  152  142  137  140  142  145  141  138  139   56
ch:  88  137  124  132  140  139  139  135  134  136  133  136  139  134  122  134  136  122  132  124  127  137  118  126  126  133  138  141  130  135  132  135   56
ch:  89  135  141  140  142  138  139  138  136  150  134  141  141  134  136  150  145  150  141  135  150  147  142  142  139  154  143  143  148  141  137  136   56
ch:  90  130  135  126  134  142  124  134  127  132  133  131  140  140  131  126  125  135  141  124  137  119  136  133  138  133  142  135  135  142  136  131   56
ch:  91  133  137  138  124  138  135  138  147  150  124  142  141  131  135  136  147  133  147  149  155  141  135  136  152  151  137  148  142  137  151  148   56
ch:  92  142  135  138  133  139  146  139  132  138  132  148  134  149  139  140  126  149  131  139  133  132  135  147  135  135  138  140  136  148  140  140   56
ch:  93  142  141  140  136  147  149  139  134  132  138  148  136  138  140  140  142  147  150  135  138  142  136  137  135  154  138  148  151  149  138  153   56
ch:  94  149  133  134  140  139  137  124  137  138  132  143  123  137  137  137  126  137  137  141  132  135  138  133  150  134  133  141  126  135  140  138   56
ch:  95  141  139  143  139  140  138  144  140  141  138  136  137  149  132  139  135  136  150  143  138  134  138  139  130  134  143  150  146  141  151  150   56
ch:  96  138  139  134  126  135  124  133  139  136  137  138  126  132  134  140  133  135  132  125  136  124  137  136  139  134  142  136  132  142  139  138   56
ch:  97  135  138  149  150  135  137  141  140  134  138  139  152  147  155  138  149  133  146  138  139  154  143  142  143  151  146  147  142  149  151  147   56
ch:  98  132  142  137  133  142  135  132  133  135  132  136  131  135  138  133  133   -1  125  132  136  131  132  119  120  124  130  109  137  132  135  138   56
ch:  99  133  142  139  132  136  140  136  139  141  149  133  136  140  135  135  147  140  139  139  142  149  151  150  141  148  148  152  162  153  141  150   56
ch: 100  133  123  135  138  133  134  139  132  135  138  139  135  135  132  135  125  135  145  132  135  118  135  124  123  139  139  138  147  138  135  139   52
ch: 101  136  135  135  140  154  136  143  138  149  136  135  138  136  134  149  124  135  140  137  139  162  137  138  139  136  149  139  147  151  148  143   56
ch: 102  140  123  149  136  133  147  138  137  135  139  134  143  124  121  138  121  135  130  136  125  133  132  137  131  131  139  131  125  124  134  124   55
ch: 103  138  145  147  143  136  133  142  141  148  150  141  153  141  139  138  134  156  139  147  137  152  142  138  142  161  151  135  152  148  161  150   56
ch: 104  143  136  141  133  132  140  135  142  126  147  149  139  135  135  138  127  134  135  132  139  134  141  142  137  135  134  142  143  131  140  138   56
ch: 105  135  138  125  137  135  139  132  139  146  134  138  147  133  151  140  137  131  146  141  152  139  146  146  142  146  141  154  155  151  162  151   56
ch: 106  133  135  132  134  136  134  135  134  126  139  123  134  138  139  127  139  137  137  135  147  139  138  137  133  136  140  142  135  136  138  136   56
ch: 107  135  138  135  152  145  138  136  142  151  141  145  145  141  155  136  141  149  151  152  142  135  150  140  163  150  154  154  152  150  140  155   56
ch: 108  138  138  139  138  125  135  140  136  132  124  139  139  134  134  149  139  135  140  131  142  120  138  137  145  138  142  135  140  140  140  153   54
ch: 109  149  140  148  139  135  143  149  133  132  153  137  144  142  140  150  140  140  140  148  141  139  140  138  152  151  150  154  156  150  154  160   56
ch: 110  138  140  136  139  137  140  141  133  141  138  147  138  135  127  134  136  138  137  133  140  135  140  133  136  117  137  145  138  148  141  142   56
ch: 111  138  126  147  135  135  140  135  137  143  150  136  148  151  138  149  135  154  148  142  151  151  150  156  154  148  150  140  153  137  151  153   56
ch: 112  134  154  135  138  141  142  131  137  124  133  134  139  136  138  135  123  146  135  132  138  137  122  138  138  123  134  139  149  141  142  153   50
ch: 113  139  133  138  145  132  151  137  148  139  148  136  139  134  141  138  141  138  134  148  138  150  150  138  155  131  151  149  155  150  142  156   56
ch: 114  137  134  137  132  144  138  138  122  145  138  139  138  136  136  134  130  135  132  123  132  139  136  147  136  143  138  139  146  135  139  139   48
ch: 115  143  142  135  137  132  154  134  142  139  150  143  148  147  139  150  149  142  156  146  148  164  143  136  140  141  152  148  142  138  161  155   56
ch: 116  133  134  138  145  134  124  136  137  138  134  149  123  136  137  140  133  124  126  137  136  136  143  132  136  141  142  149  141  137  151  142   53
ch: 117  133  135  134  140  140  138  137  140  138  138  137  136  141  135  137  152  142  140  149  163  141  138  142  148  152  151  143  161  153  164  148   56
ch: 118  137  137  134  125  139  133  148  123  141  136  135  131  138  133  136  134  133  136  124  133  125  142  133  135  133  136  136  134  137  139  148   56
ch: 119  152  132  138  136  148  137  140  139  141  132  139  141  146  139  135  134  149  131  140  148  143  141  149  133  149  152  143  151  156  138  158   56
ch: 120  139  134  138  135  143  133  134  132  147  125  138  137  139  130  132  135  138  138  133  141  139  135  126  135  133  134  139  133  145  139  149   56
ch: 121  149  148  132  147  149  132  139  140  148  141  137  152  135  141  136  141  139  148  145  141  148  142  151  139  148  138  137  142  151  166  156   56
ch: 122  132  140  134  138  133  137  130  138  147  135  139  136  139  138  122  147  137  140  137  140  131  131  132  125  132  135  127  136  140  133  141   56
ch: 123  140  136  140  131  141  137  139  140  139  147  132  134  150  143  126  138  142  139  140  150  150  147  150  138  156  139  140  156  149  142  149   56
ch: 124  131  136  131  139  125  134  131  146  129  133  124  135  140  148  139  136  140  137  140  131  130  122  124  127  138  149  135  140  150  141  141   48
ch: 125  146  138  140  140  138  135  134  139  138  142  148  152  140  148  142  141  137  139  143  149  153  141  153  137  152  149  138  139  151  156  162   56
ch: 126  126  134  139  140  148  138  132  124  135  147  125  132  133  136  134  122  134  134  134  138  141  134  134  132  149  137  125  147  139  138  138   53
ch: 127  140  145  137  146  142  153  139  132  140  139  147  147  137  148  143  138  148  150  142  157  137  139  149  154  154  150  149  141  154  153  164   33
