# ID XA-000-08-002-000-004-047-06
# Tag _trim_
# Date 240801_14:14:00
# Vref_p 56
# Vref_n 21
# Thr2_glb 34
# Vref_t 118
# Vref_t_range 1
# Pol 1
# ADC range 30-247
# FAST disc 30
ch:   0  127  122  129  131  121  121  117  118  121  130  135  119  108  123  124  123  125  118  123  118  117  131  131  126  107  119  120  124  119  141  124   11
ch:   1  119  124  137  131  122  132  124  122  126  127  124  134  125  123  129  126  125  116  116  118  119  121  120  133  119  130  121  131  131  138  125   22
ch:   2  130  117  130  117  133  133  124  125  129  122  125  122  120  133  130  114  119  124  118  106  131  124  110  125  122  126  139  124  122  125  137    7
ch:   3  124  138  121  133  121  117  132  121  121  127  130  122  127  116  126  118  117  124  121  120  115  113  116  117  132  124  120  121  134  122  136   18
ch:   4  131  123  122  120  124  126  125  122  121  123  124  115  118  131  119  122  116  117  116  119  119  121  115  119  116  125  117  116  130  118  124   11
ch:   5  122  125  123  131  125  131  114  139  122  133  126  130  110  123  113  131  109  132  114  116  123  118  117  120  119  126  126  121  126  135  138   16
ch:   6   -1  119  119  130  133  136  122  125  114  123  122  109  120  104  118  116  123  119  125  115  118  110  122  120  118  115  109  118  123  132  118   18
ch:   7  133  132  125  135  123  132  119  119  124  129  122  131  116  132  109  116  121  106  125  123  123  115  125  121  125  129  125  127  127  123  124   29
ch:   8  141  126  119  120  118  123  125  126  119  115  121  120  121  119  121  117  116  114  120  110  110  123  125  126  119  129  131  131  121  126  120   18
ch:   9  131  124  120  135  119  119  115  132  123  117  119  119  126  117  120  116  126  123  120  122  125  116  118  114  108  133  123  117  121  140  132   38
ch:  10  122  118  135  126  136  120  124  137  123  133  133  131  124  120  116  117  117  122  110  121  122  124  121  104  118  115  121  118  119  131  125   15
ch:  11  124  126  125  121  109  121  127  133  118  122  124  116  119  117  115  123  107  134  134  121  122  116  124  121  136  123  126  117  122  130  130   21
ch:  12  122  123  127  133  133  126  122  123  122  120  110  115  124  124  126  105  123  114  118  116  115  121  123  127  128  111  118  127  122  123  125   12
ch:  13  131  123  133  129  120  115  123  125  119  124  126  124  120  117  119  120   -1  129  116  121  119  121  120  117  117  121  134  109  121  124  123   20
ch:  14  130  125  120  127  123  114  123  130  130  121  124  122  118  121  118  114  108  119  116  110  107  115  118  118  110  122  118  118  122  127  121   13
ch:  15  118  119  132  130  131  116  124  130  128  131  120  115  116  114  117  121  120  116  115  119  120  122  121  115  117  120  118  122  122  108  125   28
ch:  16  133  139  121  135  131  118  118  130  125  110  124  124  108  115  107  130  115  115  116  116  123  115  118  131  122  108  115  121  108  130  125   16
ch:  17  129  125  121  133  124  119  121  123  109  124  124  109  118  119  123  121  121  125  118  124  129  110  130  119  125  116  124  120  127  135  125   12
ch:  18  119  118  132  122  125  123  134  119  136  115  121  119  121  121  119  106  108  115  108  118  120  114  106  115  106  116  115  120  123  130  115   17
ch:  19  122  120  124  137  124  124  115  133  119  126  126  129  117  131  121  121  123  126  120  121  122  115  123  118  120  124  133  123  121  134  130   21
ch:  20  130  122  139  122  119  126  110  131  126  110  119  124  125  126  118  125  121  101  131  110  118  116  117  114  117  120  118  123  124  111  132   10
ch:  21  129  124  118  122  122  121  124  117  114  122  119  120  131  114  135  116  131  133  116  120  117  120  121  121  118  117  122  129  133  126  122   26
ch:  22  129  121  127  122  133  118  123  131  122  134  126  109  114  132  116  122  114  123  114  121  125  120  120  119  120  122  119  115  111  130  122   19
ch:  23  124  120  127  127  125  118  132  124  125  134  118  126  127  126  110  131  114  121  120  121  121  129  121  117  128  127  126  125  122  122  132    6
ch:  24  123  122  132  125  125  121  129  121  130  123  124  116  114  124  116  110  117  118  117  122  115  123  115  111  127  123  115  122  133  120  133   14
ch:  25  126  130  120  134  131  115  112  124  114  118  122  122  120  117  121  120  117  124  117  121  118  118  135  127  119  122  119  130  141  133  122   21
ch:  26  125  124  121  133  135  123  123  126  131  123  117  118  119  126  131  122  117  118  111  116  117  108  125  116  121  110  120  123  124  122  119   18
ch:  27  137  124  124  126  123  121  135  121  123  123  126  117  123  120  120  131  120  132  124  125  109  120  131  121  129  118  123  130  133  137  130   25
ch:  28  125  107  131  124  126  126  124  115  116  125  124  110  118  126  118  108  115  117  115  122  124  121  123  113  122  108  114  116  124  120  122   15
ch:  29  124  135  123  124  132  121  131  130  120  122  121  116  123  118  122  132  122  122  123  126  125  125  120  132  120  119  129  108  121  124  124   17
ch:  30  123  138  126  132  119  121  121  116  123  124  123  125  129  120  107  122  119  122  117  120  110  117  117  139  118  118  123  114  119  126  126    3
ch:  31  131  124  123  131  123  120  130  121  125  118  121  113  118  120  122  118  118  123  123  108  133  111  132  134  116  126  123  135  122  135  130   22
ch:  32  114  125  131  127  126  138  124  118  117  123  120  133  107  120  124  108  121  129  115  120  104  116  123  125  117  120  120  121  126  134  135    9
ch:  33  123  125  126  129  125  123  122  124  123  122  118  120  129  120  123  126  116  121  116  117  122  116  118  121  123  131  134  131  125  133  125   19
ch:  34  132  136  122  123  125  125  119  125  121  119  122  123  116  125  122  123  121  121  115  110  118  110  116  124  119  122  124  117  116  127  126    6
ch:  35  119  134  119  132  123  117  119  127  126  119  118  132  125  131  122  125  124  120  122  118  121  124  120  131  123  133  127  125  132  132  132   14
ch:  36  132  120  125  127  120  120  122  123  131  136  121  123  130  119   -1  122  125  121  123  110  139  118  118  123  117  118  124  133  131  132  117    9
ch:  37  130  117  138  137  140  126  118  131  125  121  133  118  110  110  115  109  124  119  115  120  121  118  120  133  124  120  133  134  130  133  133   19
ch:  38   -1  131  124  124  121  120  122  131  130  125  119  120  122  126  120  129  121  120  116  123  120  117  122  113  114  124  118  119  131  130  130   17
ch:  39  131  130  124  132  124  121  134  124  131  131  136  129  121  134  133  125  126  126  133  123  116  116  122  124  119  114  132  130  126  130  123   17
ch:  40  124  124  126  118  132  123  125  129  119  121  130  121  119  117  124  123  110  110  107  119  118  119  126  135  122  123  132  134  136  124  131   11
ch:  41  123  130  124  132  124  130  122  131  121  118  117  137  120  127  132  117  109  124  117  121  125  121  122  111  121  125  125  131  119  137  134   22
ch:  42  121  130  131  118  130  118  124  121  110  125  119  120  117  120  121  118  124  120  121  118  119  130  115  116  116  122  117  132  119  124  129   18
ch:  43  132  122  126  123  131  124  122  122  134  126  123  120  122  129  136  123  120  123  124  125  123  122  119  130  118  120  130  116  137  130  146   10
ch:  44  126  126  134  121  138  131  121  132  116  122  124  123  121  132  108  119  123  110  124  125  125  119  117  124  121  124  118  126  130  134  125   11
ch:  45  132  138  123  120  129  125  125  123  122  132  119  121  123  124  124  127  117  112  105  110  130  125  115  134  115  132  122  134  124  130  124   22
ch:  46  126  119  123  115  120  122  125  118  125  120  133  122  122  122  122  111  124  129  123  121  123  123  117  119  127  125  136  125  127  136  136   18
ch:  47  120  130  121  121  126  126  136  119  133  121  130  122  122  129  116  117  124  135  132  119  121  133  121  121  131  116  134  134  134  119  135   28
ch:  48  122  117  134  138  136  119  113  124  127  122  124  120  121  119  125  121  123  118  119  121  116  122  125  125  125  124  124  121  125  134  122   15
ch:  49  122  124  132  130  122  132  124  125  119  132  124  133  125  132  125  122  123  127  126  123  127  123  133  125  126  131   -1  131  129  138  130    8
ch:  50  131  119  119  123  125  121  123  124  115  122  123  123  124  120  117  119  126  121  132  129  117  121  122  111  122  129  108  120  118  123  126   12
ch:  51  126  109  126  126  125  133  129  132  132  134  134  134  119  110  119  120  120  121  126  117  139  131  120  129  120  133  126  126  139  136  137   22
ch:  52  125  125  136  125  133  125  121  122  123  133  120  122  125  126  122  131  116  129  119  123  130  121  124  121  131  121  125  130  134  132  140    7
ch:  53  138  131  136  135  119  127  131  118  129  123  122  117  124  126  121  116  123  117  113  123  119  127  127  119  132  118  138  136  131  135  129   14
ch:  54  125  120  124  139  123  125  120  136  126  123  122  121  130  134  124  116  115  118  118  115  119  111  123  116  118  114  140  122  122  121  123    4
ch:  55  127  132  133  121  126  124  141  119  119  120  127  131  133  122  120  135  122  119  122  122  120  120  132  119  123  136  137  131  135  124  133    9
ch:  56  136  135  131  133  133  131  125  115  117  124  118  121  120  116  115  120  119  120  120  125  123  117  123  119  131  125  134  131  134  134  134    1
ch:  57  131  126  123  113  132  122  122  123  123  132  117  117  126  120  124  132  122  121  117  132  124  129  124  118  122  130  123  120  120  138  135   12
ch:  58  123  130  131  119  124  117  122  121  118  118  127  125  117  118  120  118  112  118  116  118  121  123  121  122  118  118  122  119  118  117  127    7
ch:  59  137  130  134  125  119  130  130  126  126  130  120  117  125  120  121  120  125  123  120  122  132  121  122  122  132  135  126  133  134  126  126   15
ch:  60  125  131  119  122  133  124  112  123  132  125  117  134  132  119  130  121  129  133  119  121  114  110  131  129  129  133  121  123  126  127  131    6
ch:  61  122  123  120  133  134  127  124  130  134  119  124  121  121  127  133  121  121  123  127  122  130  125  130  124  125  135  126  137  135  139  142   11
ch:  62  126  131  118  121  137  130  125  117  122  123  123  121  123  118   -1  118  122  131  132  118  117  110  129  123  115  133  122  139  126  126  121    7
ch:  63  135  127  136  128  132  115  135  125  120  117  121  123  127  126  117  125  119  121  131  123  114  122  121  122  132  134  133  131  130  117  130   20
ch:  64  125  135  124  126  132  133  131  122  126  120  131  119  117  117  132  124  132  123  110  122  117  117  131  118  118  110  137  125  124  121  131   12
ch:  65  121  137  125  140  123  122  126  119  126  120  126  122  120  125  119  133  118  123  133  118  124  117  132  129  124  125  120  124  138  123  142   12
ch:  66  130  122  124  126  126  132  126  133  121  108  121  120  130  117  117  130  113  116  118  123  119  115  124  111  119  121  115  126  119  131  138   10
ch:  67  132  122  120  129  118  124  120  124  119  117  130  120  117  122  131  130  130  122  124  119  117  122  131  133  134  123  121  130  127  131  138   12
ch:  68  132  133  133  132  124  121  120  123  116  115  121  120  126  125  121  122  124  121  131  124  122  124  127  111  117  117  119  120  136  136  126   12
ch:  69  130  137  135  122  129  131  125  123  127  138  123  120   -1  123  115  131  117  124  124  120  136  123  133  126  114  126  121  125  130  121  134   13
ch:  70  119  133  132  124  126  131  121  125  115  120  116  124  137  115  114  125  131  127  124  121  109  122  125  116  125  106  122  132  122  125  132   18
ch:  71  124  135  119  123  134  124  119  121  126  126  132  121  121  124  131  131  123  126  113  124  120  126  119  133  132  123  135  122  125  125  141   10
ch:  72  132  133  126  122  135  136  115  130  125  122  119  126  124  116  133  122  123  121  115  131  119  134  111  115  129  118  116  124  135  129  122   11
ch:  73  135  133  126  121  131  133  130  126  127   -1  120  125  129  143  128  131  123  129  120  120  118  127  123  121  132  127  125  123  130  138  131   14
ch:  74  118  126  129  123  123  132  118  116  116  116  122  125  122  126  121  120  129  122  130  108  118  126  119  114  109  119  122  124  125  139  123   16
ch:  75  133  134  133  126  129  135  125  121  122  138  120  131  124  130  130  118  119  122  120  120  126  125  130  132  120  125  131  124  133  135  138   20
ch:  76  134  130  121  119  124  117  109  129  133  124  121  119  111  116  118  122  118  122  141  118  119  130  125  121  123  114  133  120  121  133  118   12
ch:  77  141  126  121  124  135  121  109  129  126  132  134  118  117  123  113  122  117  131  117  125  127  132  123  129  132  120  133  123  137  138  131   14
ch:  78  131  127  116  123  110  129  121  123  121  135  128  125  118  131  116  122  129  132  122  125  123  113  114  115  115  121  132  117  122  121  129   17
ch:  79  124  134  126  126  133  131  119  121  122  120  130  118  124  125  117  115  120  108  120  123  130  122  117  119  121  118  126  127  126  139  147   14
ch:  80  120  134  126  132  124  124  124  120  124  130  123  122  131  130  116  126  118  120  117  122  110  118  114  115  109  114  125  122  120  117  135   26
ch:  81   -1  136  132  131  124  122  123  131  122  122  118  121  131  118  131  123  132  123  118  120  122  116  118  131  121  127  124  126  124  132  135   19
ch:  82  127  137  138  129  134  124  122  115  130  121  125  126  117  116  120  138  131  108  121  105  117  120  119  114  123  110  121  116  132  135   -1    7
ch:  83  130  132  132  132  131  130  133  121  114  124  125  131  132  135  127  126  120  123  124  125  122  134  130  121  127  115  125  121  137  132  132   14
ch:  84  126  129  131  116  117  135  120  124  125  106  119  117  122  106  118  109  118  116  120  118  124  120  115  105  117  123  106  121  125  122  133   11
ch:  85  135  134  136  122  132  124  125  136  133  119  114  126  119  124  120  113  124  123  121  117  123  122  132  119  121  134  118  133  135  126  131   19
ch:  86  136  127  131  124  121  126  123  116  123  122  124  130  133  110  130  131  130  110  119  115  127  118  107  122  123  120  131  124  123  116  126   11
ch:  87  118  131  123  130  123  133  116  133  131  125  115  125  118  124  117  125  110  123  115  125  115  125  125  131  130  125  122  116  124  123  130   21
ch:  88  127  123  124  131  124  126  126  124  120  110  123  125  126  126  121  125  131  114  122  113  114  113  114  124  121  120  131  134  114  123  122   10
ch:  89  133  121  131  141  126  130  125  127  124  127  122  119  124  118  121  131  117  118  114  130  116  125  130  124  110  118  121  129  133  126  133   13
ch:  90  122  124  123  120  120  136  134  122  126  121  137  117  116  124  115  117  116  121  124  137  125  125  123  120  118  116  132  130  124  124  121   13
ch:  91  130  135  125  124  122  129  123  120  123  118  122  125  120  120  116  108  131  135  123  112  114  119  125  119  124  132  124  130  135  125  136   11
ch:  92  120  123  124  131  125  123  123  115  122  124  117  127  121  120  111  122  120  123  117  113  123  121  117  123  121  116  122  116  123  131  122   11
ch:  93  136  121  125  122  136  121  130  122  126  130  118  115  112  122  122  133  136  110  125  120  116  123  118  125  129  117  125  121  123  132  124   16
ch:  94  116  121  134  122  134  125  126  125  124  120  116  126  110  126  121  122  124  111  123  125  123  120  118  121  111  131  118  121  130  124  124   10
ch:  95  130  133  127  131  130  140  133  119  130  120  138  123  127  131  116  119  126  124  121  124  121  117  124  120  121  124  135  121  122  127  123   21
ch:  96  134  134  121  127  120  122  142  123  121  126  125  131  122  125  133  118  125  132  123  126  122  119  116  120  118  121  125  127  121  133  137    9
ch:  97  132  134  134  119  126  123  121  110  122  131  121  120  117  115  115  118  118  117  107  119  119  120  118  133  126  119  118  123  118  120  126    8
ch:  98  124  137  124  116  119  130  120  123  131  130  117  127  122  124  124  110  122  119  117  131  123  115  131  117  119  118  124  110  130  122  131   11
ch:  99  126  132  132  131  117  122  119  131  139  121  122  122  122  131  119  127  119  120  123  123  119  122  124  117  122  117  135  130  119  137  121   13
ch: 100  132  133  134  131  126  125  126  131  127  120  125  117  121  119  125  131  122  113  132  122  108  132  114  119  118  120  126  133  133  125  129   14
ch: 101  133  121  131  127  136  120  122  118  123  124  130  117  114  123  121  126  110  116  123  116  116  122  134  117  109  121  135  121  127  126  132    7
ch: 102  122  117  124  130  133  124  123  121  118  117  121  134  119  122  117  109  133  116  108  115  122  127  122  132  114  134  116  131  133  126  130   12
ch: 103  122  127  134  127  135  116  110  132  125  122  129  123  136  131  124  118  109  124  108  127  120  126  122  110  115  122  130  131  125  138  131    8
ch: 104  126  132  137  119  118  119  120  118  121  121  122  133  124  114  123  119  117  120  117  118  123  126  121  114  123  121  121  123  108  117  125   14
ch: 105  132  127  126  123  134  138  131  135  131  123  126  119  115  123  117  125  125  118  125  117  116  120  116  115  113  115  120  134  123  132  124   10
ch: 106  132  127  127  138  130  131  119  131  121  125  118  126  114  124  125  123  121  119  117  119  118  120  120  133  116  116  121  132  133  132  124   16
ch: 107  136  120  126  136  117  139  123  123  111  114  123  122  121  118  120  124  124  125  130  114  123  115  114  119  126  117  124  121  132  130  124   14
ch: 108  122  118  130  137  122  125  117  118  119  130  119  130  132  119   -1  122  133  127  119  124  119  118  120  114  119  123  129  124  125  132  132    8
ch: 109  133  134  127  133  125  122  122  121  136  131  122  127  125  127  122  125  114  121  108  121  116  125  110  125  133  129  124  118  123  123  135    8
ch: 110  134  118  126  117  135  119  126  139  123  117  125  126  116  123  121  116  120  119  125  129  107  124  124  123  120  119  120  125  138  127  117   14
ch: 111  122  116  130  130  116  122  120  130  132  124  124  121  110  126  125  136  120  126  118  109  131  122  122  120  117  120  123  132  122  134  127   18
ch: 112  133  129  132  129  131  125  124  120  125  121  125  117  127  135  124  123  122  116  106  116  116  127  122  124  121  121  121  133  120  122  115   11
ch: 113  136  124  123  126  122  132  131  129  137  125  123  114  123  123  134  120  124  126  125  113  118  118  118  122  127  125  120  132  125  135  131    5
ch: 114  118  130  135  131  125  115  125  122  120  118  123  121  131  123  120  119  133  128  123  124  120  122  120  124  133  124  121  115  117  125  134   18
ch: 115  124  133  130  124  121  131  132  125  125  119  122  124  120  136  125  123  122  120  120  130  121  125  118  126  125  131  124  134  135  131  132   13
ch: 116  119  132  133  123  124  124  120  122  124  133  122  125  126  122  117  123  123  123  115  125  122  126  119  121  117  132  126  123  124  123  110   16
ch: 117  120  135  121  123  118  135  123  124  140  126  125  131  121  131  124  133  122  126  125  122  124  117  125  119  123  124  119  123  131  137  139   14
ch: 118  133  131  138  124  126  123  114  117  134  121  134  130  118  117  131  119  119  123  122  118  117  125  123  120  117  121  122  118  119  125  131   19
ch: 119  135  134  130  131  126  127  126  123  121  131  109  121  115  121  117  120  117  124  122  124  123  120  117  121  136  129  122  133  133  133  125    6
ch: 120  131  119  129  121  128  131  132  124  118  124  130  124  126  122  123  113  129  119  120  121  111  123  121  117  126  127  119  124  123  124  125    9
ch: 121  123  119  131  126  137  139  130  139  118  121  109  125  118  117  121  123  120  113  114  119  122  125  119  118  131  124  120  127  124  135  129   13
ch: 122  124  124  141  132  126  126  116  121  133  122  118  115  120  124  114  124  121  119  126  119  131  116  114  118  121  118  124  117  123  125  131    9
ch: 123  117  132  121  131  122  122  126  130  116  127  119  118  117  131  118  118  119  125  117  115  116  124  121  111  119  124  123  133  123  126  130    7
ch: 124  132  126  138  124  131  126  135  134  124  117  125  129  125  127  135  125  121  118  125  120  109  115  125  116  132  122  126  130  130  139  132   14
ch: 125  119  130  131  121  135  130  126  135  124  126  131  124  121  126  128  118  129  118  132  122  130  125  123  112  130  131  117  135  125  115  134   12
ch: 126  132  130  126  150  132  125  130  125  123  125  130  117  115  118  122  123  117  118  124  120  126  122  125  130  125  122  118  123  121  132  130    8
ch: 127  135  137  124  131  137  119  137  125  136  122  133  137  136  132  136  134  131  133  125  131  142  126  122  131  146  127  139  131  148  138  150    5
