# ID XA-000-08-002-000-004-146-05
# Tag _trim_
# Date 240801_12:28:13
# Vref_p 57
# Vref_n 25
# Thr2_glb 37
# Vref_t 118
# Vref_t_range 1
# Pol 0
# ADC range 30-247
# FAST disc 30
ch:   0  130  130  126  120  134  118  120  122  118  126  118  117  126  123  119  120  114  119  121  115  115  121  124  109  119  111  126  118  121  132  126   28
ch:   1  124  124  136  127  134  126  131  124  118  115  130  120  123  125  123  117  126  127  122  111  117  122  126  125  125  124  118  123  131  127  136   41
ch:   2  131  121  131  115  134  133  130  130  124  122  123  117  124  122  125  116  123  119  120  108  115  121  131  122  123  122  125  119  131  125  129   33
ch:   3  139  130  130  130  120  121  109  132  119  125  124  121  122  122  132  134  133  141  129  132  127  129  124  123  124  126  125  135  130  131  130   44
ch:   4  131  115  126  121  123  129  131  104  116  124  120  130  132  120  117  118  117  121  119  132  117  131  117  118  120  111  117  122  116  119  126   34
ch:   5  125  122  132  121  122  131  127  125  121  133  135  138  122  122  125  133  114  133  121  121  124  117  125  123  129  122  121  133  127  141  133   47
ch:   6  117  129  118  110  121  122  107  130  135  120  119  124  122  127  117  122  122  119  115  114  120  133  110  119   -1  119  116  124  110  117  131   30
ch:   7  123  127  125  134  126  135  116  132  121  137  132  124  131  119  125  121  124  125  135  135  130  122  136  124  125  137  125  135  134  138  136   42
ch:   8  126  123  123  124  125  123  124  118  115  122  121  133  114  121  131  132  126  124  115  130  113  126  121  117  133  125  119  121  125  125  135   42
ch:   9  133  129  119  124  136  119  135  125  121  130  122  122  130  141  116  119  124  120  131  126  135  123  122  124  120  118  125  120  132  134  123   56
ch:  10  125  121  115  132  114  126  122  125  113  126  111  120  117  120  110  114  120  117  123  108  119  121  117  105  107  124  129  116  123  127  114   39
ch:  11  121  129  131  120  123  139  136  120   -1  117  124  127  132  125  121  133  121  123  122  124  123  134  131  131  130  125  134  140  129  136  142   38
ch:  12  117  121  127  127  122  118  116  124  118  111  121  121  119  122  119  121  124  123  131  116  120  111  126  117  122  121  124  124  105  122  133   38
ch:  13  134  130  124  125  134  131  132  121  131  132  126  118  126  123  124  118  121  108  121  117  132  130  126  119  124  124  116  120  131  134  133   49
ch:  14  123  115  127  124  138  119  133  127  125  121  119  120  117  119  117  128  121  123  117  108  121  119  118  108  129  105  120  111  122  120  120   36
ch:  15  139  131  125  134  121  126  131  121  122  132  119  120  122  126  134  120  134  132  131  131  131  124  132  132  137  124  131  148  136  142  141   42
ch:  16  126  108  133  118  116  123  123  132  125  122  118  130  117  122  121  120  124  106  119  106  119  121  124  104  120  109  115  119  119  122  124   35
ch:  17  127  120  129  130  124  133  126  129  137  120  117  119  126  132  123  132  121  124  130  135  125  130  131  125  140  125  136  125  124  143  122   48
ch:  18  123  131  123  132  125  114  117  111  124  117  120  119  118  121  122  126  121  115  115  119  117  102  118  119  125  124  123  120  122  135  119   30
ch:  19  137  125  122  132  124  129  115  126  142  130  123  126  131  122  121  137  123  130  134  130  132  130  126  133  132  137  130  124  138  133  135   44
ch:  20  129  115  142  130  119  138  121  124  127  118  123  126  117  116  123  123  113  109  123  130  116  116  124  115  124  115  116  126  118  117  122   33
ch:  21  126  127  127  133  139  123  116  119  132  116  123  132  125  132  131  122  130  138  134  122  130  122  125  130  126  121  125  123  131  147  143   35
ch:  22  125  132  132  134  133  124  123  124  127  120  118  123  123  122  109  125  118  133  118  127  110  123  106  134  121  123  123  122  125  140  134   33
ch:  23  130  123  124  127  133  121  121  116  124  124  126  132  121  130  141  120  126  129  109  134  134  135  134  140  130  137  131  126  127  126  148   46
ch:  24  134  126  130  118  119  118  134  122  120  123  120  119  122  118  124  118  106  126  108  118  116  115  121  118  119  123  123  122  117  134  123   36
ch:  25  126  120  134  124  131  134  124  130  115  133  130  117  136  135  124  123  134  138  126  125  123  133  149  121  123  133  138  134  141  125  134   49
ch:  26  133  120  123  133  125  126  127  124  125  124  126  127  122  118  124  117  126  123  109  124  120  122  126  117  123  126  137  124  122  133  142   39
ch:  27  130  120  122  126  131  122  131  138  121  119  125  118  126  130  116  122  124  131  131  137  124  123  125  123  135  127  130  123  132  133  136   56
ch:  28  135  120  121  131  119  122  124  121  125  121  116  110  115  117  115  122  115  119  119  119  131  130  125  120  122  121  124  129  124  132  130   44
ch:  29  132  123  138  124  131  124  122  123  137  125  124  133  132  132  121  118  136  140  125  130  126  126  131  134  133  137  135  135  146  143  140   51
ch:  30  121  125  131  124  131  122  125  122  124  126  132  118  127  119  129  122  120  123  134  116  129  121  119  121  119  130  125  122  129  133  131   36
ch:  31  136  135  132  124  126  130  130  134  123  133  124  133  134  131  130  136  129  137  132  122  133  137  125  139  123  121  131  139  141  132  134   56
ch:  32  121  132  130  124  122  127  123  127  111  125  119  123  130  120  108  115  116  133  117  125  115  123  126  125  129  120  132  117  134  138  120   36
ch:  33  124  124  125  130  129  130  120  125  125  130  126  125  131  124  121  134  139  134  135  135  139  131  132  128  132  133  131  141  134  131  139   47
ch:  34  126  116  139  127  122  120  131  126  117  116  126  126  127  116  117  121  119  107  113  117  125  122  124  126  121  123  119  122  123  123  120   36
ch:  35  125  129  119  120  131  122  123  137  123  130  125  131  140  130  124  130  128  132  126  131  131  134  142  127  136  131  130  135  135  145  138   49
ch:  36  121  125  132  118  117  130  133  127  119  124  119  131  123  118  116  124  116  125  130  124  121  138  126  108  123  131  125  130  120  134  123   44
ch:  37  125  121  133  131  135  130  133  126  133  124  123  130  125  125  132  135  123  130  122  125  125  126  132  129  125  135  127  125  125  132  126   52
ch:  38  137  119  131  126  125  117  123  116  122  123  124  119  124  118  130  120  125  123  134  119  123  123  125  133  125  132  124  135  135  135  130   45
ch:  39  124  129  125  125  135  127  124  131  126  121  129  132  140  124  135  126  133  129  135  139  124  127  136  138  134  137  132  141  134  127  132   52
ch:  40  137  124  119  131  126  132  124  129  134  121  120  121  134  118  116  111  124  120  122  125  123  127  122  123  138  125  123  118  131  125  131   39
ch:  41  134  125  131  118  126  137  131  110  138  135  124  137  134  137  132  123  125  131   -1  136  139  121  126  131  134  135  125  133  139  133  135   49
ch:  42  121  125  124  119  123  115  115  122  119  131  123  137  119  124  122  121  127  117  118  121  125  121  123  123  117  124  132  123  124  121  123   52
ch:  43  123  123  123  126  131  123  124  126  133  131  135  142  124  132  127  122  130  128  122  126  130  137  126  130  135  134  126  131  135  141  142   56
ch:  44  124  115  116  123  119  124  125  124  125  116  123  124  122  123  118  126  120  120  125  124  125  125  118  121  121  136  132  127  132  133  126   51
ch:  45  126  120  120   -1  131  134  126  137  124  130  121  139  132  137  130  125  127  138  133  134  140  135  134  126  134  139  131  134  135  141  140   49
ch:  46  130  133  124  139  119  120  117  120  127  125  119  125  124  125  129  114  124  116  128  128  119  124  121  123  126  122  116  131  129  122  132   37
ch:  47  135  134  131  131  142  136  131  139  126  123  126  134  136  133  131  136  131  129  119  135  137  135  133  137  135  125  133  135  138  133  137   46
ch:  48  141  131  132  127  120  116  123  120  125  119  117  117  132  124  123  110  113  120  120  114  136  122  120  130  125  134  124  124  114  134  121   40
ch:  49  124  119  132  124  122  138  125  122  123  129  123  122  117  129  129  120  124  134  132  133  130  133  129  126  135  131  137  137  130  130  134   49
ch:  50  132  138  124  130  139  132  124  125  134  137  137  132  121  116  123  121  115  121  131  121  119  119  126  121  124  135  134  138  130  132  133   46
ch:  51  133  125  120  131  139  122  132  123  130  122  132  137  130  123  130  124  134  134  135  127  138  136  132  116  137  126  124  130  134  139  130   52
ch:  52  131  122  131  131  134  120  137  122  134  126  118  118  126  127  122  104  123  110  114  115  107  124  127  124  129  122  121  121  126  125  137   53
ch:  53  134  123  131  133  130  135  130  120  136  134  115  116  111  122  121  139  129  131  126  131  125  131  131  122  123  137  131  124  134  121  139   51
ch:  54  132  120  123  130  126  132  123  121  123  124  126  119  133  122  121  123  123  134  120  120   -1  110  123  131  129  141  126  123  122  125  136   46
ch:  55  134  123  133  122  131  131  124  118  130  137  121  126  123   -1  131  125  127  130  137  133  148  123  126  119  126  127  135  127  132  148  138   56
ch:  56  125  133  141  141  123  137  131  121  123  124  110  133  131  125  119  123  125  117  130  119  121  126  133  120  121  139  134  125  119  133  131   40
ch:  57  120  124  120  123  121  134  139  124  127  123  124  131  131  139  132  137  138  126  125  122  136  127  137  128  139  125  131  126  133  133  142   51
ch:  58  130  122  118  131  127  122  125  125  125  123  122  117  124  116  121  123  130  122  117  126  122  115  126  136  123  137  137  122  136  124  126   45
ch:  59  129  126  124  132  121  137  138  117  132  123  123  124  132  106  140  130  131  137  121  135  127  134  133  131  125  126  124  140  126  137  140   48
ch:  60  121  127  127  138  133  131  123  131  124  120  122  119  119  124  125  119  118  121  120  118  124  118  118  124  123  119  124  134  124  123  132   38
ch:  61  132  127  131  132  122  133  122  136   -1  123  121  126  133  133  125  130  133  135  123  135  121  133  123  128  133  139  142  133  140  131  134   49
ch:  62  125  121  131  120  130  123  119  121  118  117  119  118  116  123  134  112  115  116  123  116  129  120  111  111  116  122  119  124  117  133  126   38
ch:  63  130  123  110  126  131  130  125  123  132  122  118  125  126  121  132  124  122  140  127  136  124  134  132  131  126  131  133  132  137  131  140   44
ch:  64  127  119  126  121  119  124  118  125  125  131  119  125  125  130  122  117  121  119  128  135  124  121  123  118  128  133  135  126  123  126  131   41
ch:  65  122  138  138  131  113  143  132  126  134  121  123  133  119  136  124  125  124  125  130  130  133  133  133  135  126  133  125  134  131  140  150   51
ch:  66  111  122  120  129  123  110  132  120  124  127  120  130  117  119  120  109  116  119  132  117  132  134  121  131  124  117  137  122  131  123  135   44
ch:  67  130  135  134  132  127  133  133  135  134  125  132  123  131  127  127  120  130  127  132  124  126  127  137  131  125  134  138  126  137  135  136   56
ch:  68  121  125  136  120  124  119  122  123  117  120  122  124  118  132  135  121  117  117  122  123  124  124   -1  124  123  123  126  126  142  123  125   44
ch:  69  125  119  131  133  126  124  122  128  125  121  138  124  121  137  131  123  139  131  132  132  135  135  127  134  136  125  148  138  136  142  134   39
ch:  70  134  131  120  122  123  135  118  122  119  127  117  125  125  121  121  119  120  109  117  125  117  126  122  124  117  135  131  119  131  134  136   44
ch:  71  130  116  134  124  137  126  135  121  122  118  126  136  131  130  130  126  132  130  132  130  134  129  132  135  130  131  145  125  132  137  132   56
ch:  72  134  122  131  134  122  123  139  122   -1  117  116  119  117  131  129  124  126  127  120  127  121  121  116  132  139  142  123  120  123  136  124   40
ch:  73  124  124  129  135  122  119  123  124  133  133  122  137  142  136  131  126  126  132  140  133  147  137  131  123  123  140  147  141  131  141  138   51
ch:  74  132  126  115  131  130  118  129  135  114  129  123  131  118  122  117  119  116  119  123  121  117  122  117  132  120  119  124  118  134  117  122   44
ch:  75  124  126  138  123  126  133  135  121  120  131  122  134  133  131  134  131  120  123  135  125  138  137  133  135  139  136  131  138  127  136  140   56
ch:  76  122  135  139  132  132  122  121  123  132  126  130  133  125  126  118  120  121  124  115  125  127  120  119  135  123  124  121  131  120  127  136   36
ch:  77  140  136  122  132  124  148  138  135  138  134  138  130  131  134  135  136  124  126  135  137  126  132  136  131  132  138  139  152  138  140  148   44
ch:  78  135  133  127  134  121  123  122  123  117  123  123  124  122  118  120  121  120  127  124  126  127  122  118  118  116  123  127  122  126  125  126   40
ch:  79  131  133  134  128  125  133  126  132  132  129  121  139  130  124  131  135  124  129  125  139  149  132  122  134  139  132  139  127  138  133  142   52
ch:  80  129  127  118  119  125  129  130  128  132  118  125  130  121  122  121  122  117  117  121  125   -1  121  120  117  116  131  126  129  121  116  126   33
ch:  81  132  125  121  122  132  120  140  130  131  134  125  126  123  131  133  126  133  138  134  124  123   -1  136  138  134  132  133  137  149  139  138   43
ch:  82  119  129  120  124  124  116  117  125  124  141  120  123  116  138  123  125  121  107  127  126  121  131  122  134  120  119  129  133  135  135  136   40
ch:  83  136  126  121  136  133  136  135  131  133  131  133  133  130  134  130  136  133  120  134  137  120  121  123  125  133  136  130  137  137  136  142   36
ch:  84  123  121  125  121  127  124  123  126  126  132  124  124  124  117  123  120  119  121  124  122  140  126  110  125  124  132  132  120  134  123  122   48
ch:  85  117  125  132  125  131  132  136  133  129  122  132  135  134  141  134  138  126  125  132  129  131  133  133  140  131  139  139  132  142  136  141   51
ch:  86  131  124  123  132  130  121  131  121  131  130  116  131  121  125  121  125  130  121  116  121  123  138  120  123  120  123  125  119  127  120  129   41
ch:  87  117  138  136  134  126  129  146  139  133  124  140  131  122  135  134  123  125  138  134  126  134  133  136  147  127  120  137  138  139  140  139   36
ch:  88  131  136  133  121  139  133  116  123  116  120  123  121  125  125  107  131  126  127  117  124  118  127  118  137  124  126  126  126  124  124  122   42
ch:  89  134  131  133  131  130  141  127  132  129  132  132  132  124  120  120  130  127  132  124  132  133  124  134  125  133  136  135  151  148  133  137   56
ch:  90  131  136  130  130  120  127  124  118  126  121  118  123  121  125  121  119  125  115  124  115  125  125  117  132  121  125  125  117  130  119  125   34
ch:  91  131  123  125  126  124  125  130  132  132  136  140  111  130  140  122  139  130  132  133  135  122  126  119  124  127  133  133  133  142  141  131   56
ch:  92  120  134  121  124  133  120  119  120  124  131  124  118  123  127  131  115  115  119  119  120  136  131  123  132  126  117  122  132  132  131  132   38
ch:  93  123  134  127  125  126  131  130  127  132  121  126  129  131  134  136  136  118  132  133  116  132  120  124  124  131  142  136  130  141  138  139   47
ch:  94  130  114  131  117  129  125  120  119  131  124  130  121  124  129  132  115  123  124  121  122  130  122  123  126  128  119  131  132  132  131  137   38
ch:  95  131  132  122  137  125  129  126  126  126  126  130  123  131  123  131  131  129  134  136  137  133  132  138  123  134  122  131  136  141  141  139   50
ch:  96  126  136  133  132  117  122  125  118  135  124  130  131  124  120  129  119  117  116  125  133  119  123  119  120  119  121  127  121  126  120  125   47
ch:  97  131  120  131  135  133  135  120  136  129  124  137  127  123  132  123  131  117  138  134  127  121  130  127  123  125  127  134  139  131  133  139   47
ch:  98  128  131  124  122  120  122  120  134  132  119  123  124  121  121  123  125  114  119  119  116  120  122  123  131  124  118  119  120  120  126  127   35
ch:  99  118  135  134  131  134  140  133  124  132  130  126  125  120  133  117  127  121  133  131  125  134  126  121  136  125  136  134  142  126  147  132   36
ch: 100  125  124  126  119  128  127  123  130  119  123  131  109  120  117  116  126  120  120  123  115  136  117  126  135  125  132  124  126  132  117  134   33
ch: 101  121  126  126  133  130  125  130  121  125  126  135  121  129  139  130  123  120  117  142  140  123  124  139  132  126  125  126  146  140  141  135   45
ch: 102  125  126  118  124  123  128  130  120  117  131  117  120  119  121  123  133  122  111  120  120  120  124  121  118  119  121  120  124  132  132  120   38
ch: 103  125  141  125  123  131  108  123  134  135  131  123  133  133  133  132  126  122  132  122  123  136  125  127  135  132  132  135  136  133  141  139   44
ch: 104  118  122  125  120  119  132  132  120  124  129  123  125  121  126  121  123  122  117  127  118  122  127  122  105  118  125  125  134  123  131  121   43
ch: 105  135  121  123  119  126  134  117  124  123  125  138  137  123  124  129  129  138  126  136  130  131  140  122  132  132  131  135  134  141  136  142   49
ch: 106  134  123  122  121  120  117  119  117  116  108  125  122  120  126  118  124  122  123  122  122  121  120  117  125  122  108  120  118  124  125  136   22
ch: 107  134  131  125  135  136  124  125  133  130  131  135  126  117  120  133  122  127  124  126   -1  129  124  120  122  141  135  135  134  136  147  134   48
ch: 108  127  134  132  126  126  122  118  124  117  130  116  119  125  122  124  126  126  120  119  131  134  132  129  123  124  123  131  125  135  135  122   43
ch: 109  126  122  137  126  122  136  129  126  135  120  127  127  130  123  126  119  124  122  120  119  125  135  120  123  126  123  131  123  134  132  151   45
ch: 110  123  133  120  120  124  114  120  122  119  115  119  129  118  127  133  131  138  119  132  121  125  124  129  135  120  132  127  134  130  131  135   30
ch: 111  123  130  126  132  135  125  126  131  126  132  126  122  123  132  134  138  123  129  134  133  137  127  125  123  133  135  137  138  139  138  138   43
ch: 112  121  119  121  131  130  126  125  126  124  120  125  123  123  126  116  114  119  126  117  120  114  118  125  134  138  121  122  134  134  125  136   37
ch: 113  133  136  131  135  127  124  131  121  131  132  126  123  122  126  139  122  127  138  126  139  135  129  132  137  137  153  142  153  133  134  135   52
ch: 114  124  134  126  125  119  126  121  124  120  121  131  121  124  124  128  122  116  114  122  125  128  129  114  124  116  105  122  123  130  140  134   33
ch: 115  122  137  130  121  125  130  132  119  123  126  134  130  129  122  125  132  117  130  126  138  129  132  124  132  139  129  137  122  131  130  134   45
ch: 116  122  119  118  121  125  124  134  120  110  132  131  131  119  117  123  133  123  121  119  127  121  119  124  123  123  119  115  132  118  125  134   31
ch: 117  124  119  132  123  125  115  121  124  131  135  118  122  127  134  132  125  135  119  127  135  120  130  138  120  135  138  135  139  132  139  142   45
ch: 118  120  138  119  120  121  125  109  113  132  125  121  133  129  117  117  131  116  132  122  124  122  130  121  117  126  133  131  125  136  140  125   52
ch: 119  137  122  126  125  126  129  117  119  122  121  133  121  137  127  121  135  138  136  110  122  123  124  122  139  130  121  147  134  124  139  136   49
ch: 120  134  122  132  136  125  115  116  124  127  123  121  132  123  122  117  121  120  125  113  109  126  107  125  115  118  134  117  110  134  125  115   33
ch: 121  124  134  131  123  126  122  131  131  115  129  125  124  124  132  126  134  128  136  125  124  129  126  127  123  132  135  127  136  139  141  130   47
ch: 122  132  126  127  125  118  134  131  122  119  112  125  123  125  124  120  123  115  124  125  120  123  117  116  130  125  125  124  122  126  129  135   39
ch: 123  132  121  124  126  138  126  134  135  135  123  120  127  118  137  133  127  139  141  125  124  123  124  134  131  123  133  136  141  142  139  140   56
ch: 124  119  119  124  139  124  124  120  130  121  133  123  118  118  120  109  131  130  124  115  122  119  115  117  125  117  115  108  122  119  126  134   36
ch: 125  134  124  132  127  132  127  124  124  120  122  123  131  131  122  126  124  122  133  125  124  117  123  126  119  124  137  132  143  117  137  136   42
ch: 126  123  123  135  130  132  129  120  124  118  132  129  118  128  130  126  119  123  121  118  104  132  131  123  133  116  124  120  126  135  132  131   36
ch: 127  133  122  138  125  138  135  125  121  126  121  125  134  125  124  123  132  125  125  129  128  125  133  130  134  127  139  126  139  139  140  131   34
