# ID XA-000-08-002-000-000-225-15
# Tag _trim_
# Date 240426_20:01:00
# Vref_p 57
# Vref_n 23
# Thr2_glb 31
# Vref_t 118
# Vref_t_range 1
# Pol 1
# ADC range 30-247
# FAST disc 30
ch:   0  118  128  123  140  121  125  125  133  122  123  123  120  119  116  113  122  122  124  118  111  120  132  111  132  116  124  122  134  119  131  138   50
ch:   1  117  119  132  123  122  121  135  117  132  124  115  120  115  121  130  120  116  109  113  117  121  121  135  123  114  122  136  132  124  140  139    8
ch:   2  133  123  126  130  117  107  117  134  124  124  121  133  122  124  122  115  118  118  118  115  118  119  122  117  119  121  109  121  125  126  122   29
ch:   3  118  125  125  123  131  119  116  122  116  122  132  108  108  118  110  115  109  119  122  115  110  111  120  126  118  123  127  119  134  120  125    1
ch:   4  129  134  124  107  118  100  122  117  118  106  108  120  117  110  131  115  108  118  123  114  119  119  123  121  115  122  121  124  118  127  124    1
ch:   5  135  107  124  123  115  124  122  114  118  120  120  109  117  119  115  119  116  134  116  120  134  117  121  130  116  120  121  120  125  126  122    2
ch:   6  119  123  125  125  116  124  114  122  118  119  113  103  109  108  101  124  124  115  133  119  121  116  110  121  122  125  119  125  120  119  133   -1
ch:   7  117  120  114  120  121  120  117  108  118  107  116  117  106  116  115  110  102  113  123  113  119  116  115  121  133  133  125  125  126  126  120    8
ch:   8  127  120  124  118  118  132  118  134  122  120  118  119  136  117  105  124  125  110  118  134  125  125  109  116  126  119  116  136  132  125  133    5
ch:   9  118  123  120  123  126  119  123  113  120  107  116  118  118  109  119  117  114  110  115  109  114  108  117  111  120  110  135  123  124  138  141   12
ch:  10  122  130  122  120  117  120  116  119  124  107  131  119  106  132  114  136  117  118  136  115  123  120  116  113  118  120  125  121  120  133  123    8
ch:  11  136  118  120  122  117  123  133  122  120  115  105  114  118  122  114  109  127  116  111  118  117  115  121  113  118  115  136  124  138  134  136   13
ch:  12  121  120  131  117  120  125  132  108  116  115  107  120  118  126  121  124  118  123  109  122  115  118  119  123  118  122  117  119  134  125  124    6
ch:  13  121  132  114  110  119  124  112  106  111  115  117  108  114  124  119  124  116  116  121  117  117  117  116  112  122  119  125  126  111  119  134    7
ch:  14  133  124  116  120  121  131  111  132  121  121  122  116  107  119  116  107  120  117  118  110  111  119  124  109  118  134  123  122  126  118  134    6
ch:  15  120  123  117  120  119  131  109  124  109  120  115  116  116  110  116  115  118  114  108  108  120  106  116  119  122  123  125  121  123  125  123   11
ch:  16  126  141  121  121  119  121  120  109  117  120  110  122  116  111  114  121  118  119  122  117  121  108  114  118  133  118  118  120  123  131  132    5
ch:  17  123  119  119  124  126  117  117  124  110  118  133  115  132  110  118  109  121  119  118  119  131  125  109  126  117  124  137  124  133  125  126   19
ch:  18  119  108  121  119  123  122  118  113  120  110  121  117  124  125  123  116  112  115  110  111  114  125  119  111  116  120  122  119  124  133  121    9
ch:  19  133  127  119  121  123  119  119  118  115  117  103  136  118  119  106  120  115  120  126  121  122  118  118  110  134  118  127  121  134  124  135   16
ch:  20  121  122  122  118  135  133  125  118  121  118  119  118  118  117  118  125  114  110  117  120  116  119  124  121  126  120  147  118  123  134  124    9
ch:  21  121  109  122  123  125  122  122  117  121  107  110  119  124  121  114  118  111  108  108  116  123  121  109  108  123  133  125  119  125  123  126   18
ch:  22  114  118  116  121  121  121  116  107  125  123  119  121  115  108  117  122  118  120  110  121  104  123  120  116  107  119  121  131  117  134  125    9
ch:  23  114  117  117  133  132  119  123  121  118  110  116  109  116  119  111  107  116  123  116  117  117  110  115  121  121  118  120  121  114  127  134   17
ch:  24  133  115  118  131  117  120  107  119  119  121  115  119  108  119  115  132  136  133  107  109  111  120  123  101  127  118  115  130  122  127  136   10
ch:  25  117  123  131  117  122  119  128  131  117  122  115  118  118  122  122  109  117  123  124  110  116  104  111  115  120  124  123  124  122  123  124    8
ch:  26  114  126  119  123  120  120  117  109  115  116  105  116  115  132  121  120  113  118  107  118  122  118  139  122  122  121  123  119  122  123  119    6
ch:  27  122  107  123  117  110  119  111  124  117  116  118  120  118  121  123  119  107  119  111  122  119  115  122  116  117  121  122  121  133  138  124   10
ch:  28  117  121  120  117  121  123  124  121  122  117  123  125  124  117  105  107  118  120  105  121  106  106  118  118  120  124  132  119  118  120  118    5
ch:  29  124  116  117  120  120  119  121  121  105  124  120  117  107  118  124  120  116  108  105  119  108  125  118  117  115  119  123  124  118  123  125    8
ch:  30  118  119  125  116  121  137  117  118  110  116  114  115  116  120  120  115  110  115  118  120  123  120  121  117  121  118  119  132  116  131  135    8
ch:  31  118  118  123  119  122  124  121  121  107  118  116  115  120  109  122  116  107  120  116  108  109  115  121  128  108  123  118  122  122  118  131   15
ch:  32  125  135  120  122  123  121  117  110  121  113  119  108  110  120  119  116  116  116  113  126  109  119  133  125  121  132  122  125  125  124  122   12
ch:  33  131  109  124  122  117  116  107  117  119  118  122  121  103  119  110  109  120  110  117  119  117  109  125  115  121  116  121  124  118  134  135   17
ch:  34  119  123  124  121  117  119  123  117  120  121  122  120  123  124  122  116  122  104  114  110  116  118  120  124  125  120  133  121  123  139  124    9
ch:  35  121  123  120  123  131  109  125  119  107  111  119  115  117  114  120  119  121  124  122  126  123  119  107  119  118  121  118  125  121  121  134   12
ch:  36  118  124  122  120  123  125  100  110  121  114  120  123  108  119  108  119  115  117  114  108  119  118  121  122  124  125  125  111  119  117  124    8
ch:  37  121  117  134  120  121  121  133  108  121  117  116  119  119  115  125  116  115  118  118  106  120  125  123  133  118  115  121  121  115  124  123   13
ch:  38  124  119  123  118  123  121  124  123  110  121  121  123  119  116  122  113  115  116  120  121  133  120  119  113  116  127  119  132  119  123  125    8
ch:  39  106  124  122  137  122  120  121  114  111  123  107  117  121  119  121  123  110  132  106  118  120  125  117  117  124  119  123  120  137  131  141   20
ch:  40  122  126  117  120  113  126  110  118  124  115  118  118  117  120  117  117  119  119  120  122  121  126  120  117  112  119  124  132  118  124  132   10
ch:  41  119  116  124  119  119  109  119  113   95  117  105  117  116  119  114  118  108  105  109  118  120  116  113  113  121  132  123  119  133  136  132   19
ch:  42  124  123  121  121  118  123  116  125  121  124  116  124  120  119  109  119  109  121  122  121  110  120  120  127  118  115  123  121  118  122  135    7
ch:  43  120  116  121  119  124  109  116  110  118  118  116  108  108  116  120  109  122  120  101  108  118  117  115  110  123  120  123  135  124  119  125   26
ch:  44  122  132  125  124  126  116  110  121  123  119  119  117  122  121  105  115  104  104  108  122  106  120  118  110  119  118  111  143  116  134  126   22
ch:  45  123  118  115  122  117  121  118  121  115  114  108  115  107  102  123  114  119  120  118  104  114  124  114  109  110  123  122  120  116  120  119   22
ch:  46  111  124  121  121  126  118  120  115  113  117  110  110  118  122  122  106  123  117  111  123  121  118  121  116  117  132  120  122  120  139  125   13
ch:  47  124  118  132  118  117  124  124  116  118  121  124  118  115  118  121  115  120  115  110  115  120  120  119  122  115  122  141  120  126  124  137   22
ch:  48  119  120  124  121  116  126  123  123  131  118  116  118  118  115  110  115  121  120  131  116  119  121  114  131  121  120  117  121  139  134  134   12
ch:  49  119  121  119  115  131  120  120  117  122  114  115  118  123  122  117  120  115  118  123  110  126  122  131  119  126  133  125  118  124  125  126   15
ch:  50  126  124  123  119  107  117  125  124  118  123  123  122  131  117  117  123  113  107  122  107  114  118  121  109  116  127  123  120  120  134  119    2
ch:  51  118  118  122  121  125  104  119  124  125  116  116  122  105  112  126  109  121  121  122  107  109  123  121  117  120  134  118  119  126  116  136   17
ch:  52  135  136  125  118  121  123  121  117  114  117  117  120  116  110  124  116  121  123  118  110  116  119  136  113  125  117  119  132  137  119  136   14
ch:  53  125  129  135  120  116  115  124  123  122  119  121  115  106  108  111  124  124  114  110  115  118  116  106  118  115  120  118  115  124  134  125   27
ch:  54  124  121  124  119  117  132  118  122  118  121  120  108  115  117  115  121  106  117  120  103  122  118  117  120  117  127  117  123  118  121  138    9
ch:  55  110  113  108  119  114  118  117  117  108  116  133  119  119  114  121  119  116  120  117  116  111  118  121  118  118  121  116  136  122  133  133   15
ch:  56  120  121  118  121  124  133  124  124  114  124  117  122  105  108  106  115  118  132  109  120  122  134  122  125  116  120  123  120  133  132  125    9
ch:  57  117  116  119  117  126  116  133  110  119  120  122  117  121  116  114  116  114  108  105  105  121  114  121  122  125  109  121  118  121  124  133   16
ch:  58  123  121  121  116  117  121  121  120  125  108  118  107  110  109  119  121   -1  108  119  117  119  117  120  121  123  116  116  127  133  123  142   13
ch:  59  124  133  116  106  116  124  119  113  125  108  119  118  114  109  107  119  120  119  111  117  110  119  119  121  118  135  124  134  135  135  119   22
ch:  60  119  118  115  126  110  120  117  119  104  116  121  121  119  114  116  122  111  133  113  120  120  120  109  115  122  115  111  108  131  123  133   14
ch:  61  122  121  126  117  105  118  120  120  116  121  109  120  125  109  125  122  122  114  109  109  117  120  114  105  121  123  118  122  117  124  136   13
ch:  62  116  119  119  123  115  106  116  116  124  124  119  123  114  117  116  123  113  116  118  108  119  121  111  115  124  119  120  131  123  119  132   13
ch:  63  127  119  121  115  117  115  115  117  118  115  110  115  111  116  120  108  111  118  115  115  109  119  122  118  125  139  122  137  126  134  126   18
ch:  64  122  133  113  120  114  110  135  113  131  118  118  115  119  118  120  107  123  121  122  119  117  123  122  117  120  122  118  116  122  117  124   18
ch:  65  115  120  110  110  117  114  124  114  114  119  119  118  114  106  115  119  117  115  124  117  120  124  116  119  124  125  131  132  121  133  126   26
ch:  66  134  125  123  123  121  120  124  132  116  118  106  118  120  108  116  125  122  119  115  118  119  119  107  124  115  114  117  117  125  127  117   14
ch:  67  110  116  121  114  119  109  118  124  117  119  114  125  114  122  114  111  110  104  120  119  111  119  123  125  122  118  120  118  126  132  134   23
ch:  68  122  126  120  131  124  117  131  111  119  123  114  108  111  122  133  106  129  106  116  121  117  117  118  120  115  122  122  120  139  123  123   14
ch:  69  136  120  136  116  122  119  124  117  131  114  115  117  104  120  118  111  119  121  119  125  118  120  121  121  116  122  119  124  119  124  132   14
ch:  70  116  135  123  136  120  121  116  115  118  116  118  120  118  104  107  118  113  120  107  118  134  118  121  120  132  126  114  121  119  116  120   16
ch:  71  122  119  133  123  132  114  117  109  106  116  108  122  109  112  116  109  104  115  119  134  117  124  131  115  117  119  117  124  131  139  132   25
ch:  72  120  117  117  115  130  123  118  124  114  123  118  116  121  105  118  119  119  118  116  124  108  121  115  116  121  121  118  118  117  122  135    9
ch:  73  122  118  119  120  132  110  123  110  115  118  116  110  112  121  115  105  115  119  121  135  131  126  115  109  120  118  136  114  132  127  132   21
ch:  74  134  126  122  114  117  125  109  120  123  122  119  120  110  119  132  116  116  120  117  117  111  108  124  123  111  123  111  120  121  134  121    6
ch:  75  123  119  122  126  121  124  121  127  101  125  111  119  108  110  113  108  116  119  121  124  118  119  134  119  117  119  121  122  122  124  137   13
ch:  76  122  133  124  116  123  118  107  124  133  121  122  110  125  116  114  121  133  134  109  120  103  116  116  117  125  137  119  117  118  125  137   21
ch:  77  119  122  125  117  116  119  121  114  116  106  118  105  119  120  118  119  123  114  106  115  119  107  111  118  132  121  132  124  132  126  139   19
ch:  78  116  123  110  119  122  120  118  121  114  116  121  117  118  105  114  118  113  124  110  115  117  119  116  125  126  120  131  124  127  135  131   16
ch:  79  131  111  132  113  123  119  109  117  111  120  117  111  108  133  109  116  116  120  116  110  122  123  120  116  120  115  132  116  124  133  126   13
ch:  80  118  119  124  119  123  110  120  119  110  117  106  111  113  122  104  119  118  115  114  119  118  119  125  117  118  119  122  120  118  125  118   13
ch:  81  134  118  125  122  108  115  116  119  120  107  108  123  105  110  113  116  109  121  119  118  117  119  118  108  122  121  115  118  124  125  134   13
ch:  82  133  119  117  110  117  117  110  118  136  116  115  119  114  116  122  120  118  110  116  129  110  111  111  121  134  133  106  120  125  117  132    6
ch:  83  126  118  117  123  119  123  122  119  115  120  109  110  109  117  120  117  117  119  120  125  133  109  106  122  134  137  110  122  123  134  118   16
ch:  84  123  117  124  124  123  135  117  123  112  114  118  121  121  108  107  120  117  116  113  119  118  108  111  120  118  119  133  119  108  122  122    7
ch:  85  126  126  117  119  114  115  122  121  120  116  107  120  108  118  105  115  114  124  134  118  118  116  113  117  124  123   -1  122  119  126  120   15
ch:  86  121  121  114  137  124  110  120  116  120  122  109  118  123  117  120  120  124  118  118  110  115  121  119  123  119  123  124  121  111  122  134   15
ch:  87  120  121  123  124  121  127  124  122  109  115  111  117  110  107  118  114  120  115  110  104  110  109  120  117  132  120  126  115  131  132  123   14
ch:  88  118  116  132  114  113  110  117  117  120  117  108  119  121  118  121  110  108  112  121  107  116  117  115  119  110  108  119  120  121  124  127   14
ch:  89  131  118  125  115  125  132  118  116  117  116  118  116  116  125  106  110  117  107  104  117  118  110  119  116  108  120  135  120  136  132  123   16
ch:  90  119  133  120  120  124  115  124  124  111  105  121  121  122  117  121  112  120  121  127  121  119  125  110  122  117  119  124  124  125  138  122    7
ch:  91  117  120  132  107  118  122  116  116  120  116  121  119  105  112  115  105  116  121  114  121  109  121  111  119  115  121  125  122  123  120  139   21
ch:  92  132  134  124  122  120  122  123  123  123  118  110  124  115  116  115  102  122  115  118  118  108  111  105  118  119  122  125  125  120  111  126    9
ch:  93  121  122  124  116  111  119  132  108  116  118  108  107  124  118  115  111  115  106  118  108  120  111  122  118  116  119  117  116  119  124  125   10
ch:  94  122  115  110  116  106  136  119  121  109  124  117  116  122  116  118  121  117  109  107  113  115  117  121  134  121  123  116  124  124  121  125   11
ch:  95  115  127  134  120  109  122  117  118  125  113  117  116  115  115  120  116  109  117  117  109  124  131  120  125  121  125  125  135  131  122  131    8
ch:  96  122  131  121  119  114  120  119  126  121  116  117  117  119  116  122  117  118  110  117  120  111  118  117  115  121  120  117  118  118  123  124    5
ch:  97  124  116  123  109  130  113  121  120  116  123  126  106  133  116  105  119  109  116  117  122  115  117  122  125  123  116  123  132  122  125  118   19
ch:  98  123  118  119  131  132  123  116  118  106  130  112  117  115  122  122  107  119  123  112  116  118  111  124  117  118  119  130  121  110  118  134   11
ch:  99  132  116  111  122  113  116  115  116  121  106  115  112  110  119  119  122  110  124  108  110  134  120  119  123  118  115  124  121  121  122  121   12
ch: 100  122  131  106  118  132  132  118  111  123  107  109  110  108  122  110  105  114  108  118  117  120  116  110  115  122  121  120  123  122  136  123   11
ch: 101  114  117  120  118  120   94  115  121  115  118  107  107  115  117  105  111  119  103  118  118  107  110  118  123  118  120  135  126  114  123  133   14
ch: 102  121  120  124  107  114  125  117  117  108  120  123  109  118  110  124  117  123  114  122  123  115  126  108  116  116  116  120  120  123  123  136   12
ch: 103  122  120  126  122  123  124  110  115  110  116  122  125  118  121  133  115  126  102  118  115  122  116  119  115  110  118  123  124  131  122  134   20
ch: 104  123  117  116  132  121  122  131  123  119  125  107  132  116  110  120  116  109  109  116  123  108  111  114  118  117  117  109  118  123  123  125    9
ch: 105  117  116  118  122  108  111  121  123  117  117  115  119  117  122  105  120  115  111  125  115  116  108  111  122  123  125  119  119  119  123  131   19
ch: 106  115  121  121  110  115  118  119  120  106  119  109  105  106  110  106  114  116  114  118  116  121  106  119  119  110  120  107  134  120  114  121    9
ch: 107  132  125  118  122  116  131  118  120  121  107  109  121  123  118  118  122  100  117  110  111  122  115  135  113  117  120  132  117  120  134  135    9
ch: 108  124  123  123  120  118  117  120  115  118  110  116  106  106  119  116  118  107  117  119  106  119  103  119  125  121  116  120  131  125  119  127    9
ch: 109  122  127  121  121  111  114  117  114  112  114  117  104  102  119  111  117  115  115  109  131  133  121  116  115  123  121  115  136  124  132  132   16
ch: 110  127  132  119  130  121  119  117  119  120  116  111  118  115  110  116  115  121  116  110  119  117  124  120  119  111  118  122  122  120  116  132    8
ch: 111  117  118  126  117  118  114  116  123  113  115  105  116  109   94  115  119  114  107  117  118  116  119  118  123  121  114  122  123  129  136  132   16
ch: 112  123  123  125  108  114  120  120  108  126  120  119  118  119  121  123  126  121  107  118  114  116  116  116  131  123  114  112  121  116  122  122    8
ch: 113  135  135  114  124  117  110  114  119  118  118  109  111  117  110  107  116  113  118  127  118  119  108  122  121  116  122  133  133  122  124  124   13
ch: 114  137  113  123  121  119  117  121  111  117  116  116  108  133  114  116  115  118  110  115  117  110  108  116  122  116  122  120  122  131  122  119    3
ch: 115  124  124  119  111  124  116  113  119  107  120  118  106  119  117  103  125  118  114  116  125  110  114  120  116  132  119  124  119  126  123  118    1
ch: 116  125  131  123  132  117  121  120  114  119  121  109  119  111  110  110  107  118  115  109  116  109  116  123  119  103  121  115  117  121  122  121   -1
ch: 117  117  116  119  124  120  106  126  105  116  121  123  120  108  106  106  118  114  102  118  109  109  114  106  117  106  119  118  113  115  118  134   14
ch: 118  132  124  125  116  110  107  124  122  122  116  114  103  119  109  104  116  110  113  115  108  108  117  121  124  121  120  110  119  106  121  121    9
ch: 119  121  118  124  118  121  130  119  107  116  119  117  119  117  103  107  115  108  113  116  121  119  114  135  119  122  119  121  119  127  119  125   12
ch: 120  114  119  121  117  121  121  108  110  121  118  110  111  107  117  119  115  100  117  106  119  109  116  116  101  120  109  126  109  120  118  123   -1
ch: 121  121  109  115  120  120  115  107  120  107  117  110  103  107  115  134  117  110  124  117  115  115  115  110  111  107  120  125  120  120  120  136   10
ch: 122  124  106  119  117  123  110  119  113  106  117  118  119  114  119  109  105  109  115  123  116  109  108  110  124  118  110  111  125  134  123  121   -1
ch: 123  120  120  120  119  125  122  118  109  121  114  115  119  115  110  121  109  108  102  110  107  111  108  109  116  123  120  121  123  122  120  125   14
ch: 124  122  124  121  110  115  118  117  115  119  125  119  115  118  119  116  116  113  123  110  116  117  119  105  120  122  126  117  123  119  134  120    2
ch: 125  123  124  118  119  120  109  119  119  127  122  115  116  119  110  120  110  119  107  120  117  109  120  103  116  115  105  118  114  115  125  132    7
ch: 126  120  118  119  117  133  118  125  114  114  118  105  110  117  117  117  121  108  113  116  121  110  123  108  121  118  120  125  123  116  122  124    2
ch: 127  124  121  129  117  120  121  112  124  128  115  101  103  122  118  106  123  108  109  119  121  107  119  119  116  119  109  116  130  134  119  129    4
